0 0.3482760416666667 0.7776018518518518 0.030973958333333333 0.025083333333333332
1 0.35121875 0.8847222222222222 0.031739583333333335 0.028546296296296295
1 0.4070520833333333 0.7971296296296296 0.06881770833333332 0.05967592592592593
1 0.399015625 0.8477685185185185 0.030703125 0.026101851851851852
1 0.5725572916666667 0.6508055555555555 0.04388541666666667 0.043416666666666666
1 0.3345364583333333 0.8466851851851851 0.07213020833333333 0.05957407407407408
1 0.7095208333333333 0.5679351851851852 0.020447916666666666 0.01787037037037037
1 0.6147291666666667 0.6557129629629629 0.024026041666666668 0.018601851851851852
1 0.4590208333333334 0.7548055555555556 0.04608854166666666 0.05076851851851852
1 0.3159427083333333 0.8973518518518518 0.024838541666666665 0.018435185185185186
1 0.08379166666666667 0.968962962962963 0.094046875 0.06192592592592592
0 0.8824895833333334 0.34343518518518523 0.0325625 0.0475
0 0.8449322916666666 0.35203703703703704 0.006817708333333334 0.015555555555555557
0 0.8121770833333334 0.37636111111111115 0.0046927083333333335 0.010351851851851852
0 0.8560625000000001 0.3385925925925926 0.0030052083333333333 0.008601851851851852
0 0.8805208333333333 0.31116666666666665 0.004713541666666667 0.009685185185185186
0 0.8889947916666666 0.31144444444444447 0.00584375 0.012157407407407408
0 0.9141666666666667 0.2872222222222222 0.005401041666666666 0.011296296296296296
0 0.9325833333333333 0.2825462962962963 0.0036458333333333334 0.010296296296296295
0 0.9383072916666666 0.2656203703703704 0.004130208333333333 0.012444444444444444
0 0.7394583333333333 0.444712962962963 0.005140624999999999 0.014481481481481482
0 0.6899062499999999 0.4862314814814815 0.00553125 0.01587037037037037
0 0.6709479166666666 0.4976203703703703 0.004744791666666666 0.013574074074074073
0 0.9628854166666667 0.26475925925925925 0.028026041666666668 0.04800925925925926
1 0.9748489583333334 0.30233333333333334 0.014338541666666668 0.012583333333333334
1 0.9639479166666667 0.3488981481481481 0.005286458333333333 0.011212962962962963
1 0.9447500000000001 0.3596574074074074 0.008963541666666667 0.016666666666666666
1 0.8891510416666667 0.4201388888888889 0.0080625 0.01676851851851852
1 0.8500885416666667 0.45499999999999996 0.006635416666666667 0.01512962962962963
1 0.781859375 0.4910370370370371 0.01653125 0.02226851851851852
1 0.7354947916666668 0.5409166666666667 0.014880208333333334 0.01852777777777778
1 0.7224687500000001 0.5553148148148148 0.010421875 0.015175925925925926
1 0.6928802083333333 0.5806111111111111 0.018500000000000003 0.018851851851851852
1 0.6707708333333334 0.6007777777777779 0.015588541666666667 0.021249999999999998
1 0.6558125 0.6153796296296297 0.019223958333333332 0.02024074074074074
1 0.6353020833333333 0.6379074074074075 0.018333333333333333 0.019657407407407408
1 0.630953125 0.6011018518518519 0.032302083333333335 0.05339814814814815
0 0.6196666666666667 0.5752962962962963 0.05306770833333333 0.07765740740740741
1 0.6051197916666666 0.6686851851851852 0.015109375000000001 0.022935185185185183
1 0.587515625 0.687712962962963 0.018651041666666666 0.024120370370370372
1 0.5672812500000001 0.699324074074074 0.020078125 0.026768518518518518
1 0.586421875 0.7212222222222222 0.0215625 0.02299074074074074
1 0.544484375 0.720287037037037 0.022265625 0.03205555555555555
1 0.51065625 0.7141944444444445 0.05015104166666667 0.06165740740740741
1 0.5002552083333334 0.768324074074074 0.022125 0.029111111111111112
1 0.47577083333333337 0.7845740740740741 0.022197916666666664 0.02901851851851852
1 0.45440104166666667 0.8043518518518519 0.022130208333333335 0.027388888888888886
1 0.43008854166666666 0.8239907407407407 0.02340625 0.029907407407407403
1 0.377875 0.8674074074074074 0.017697916666666664 0.03113888888888889
1 0.29903124999999997 0.9279722222222223 0.025718750000000002 0.03726851851851852
1 0.26682812499999997 0.9522129629629631 0.027401041666666667 0.031111111111111114
1 0.23767708333333332 0.9524907407407408 0.03309895833333333 0.025879629629629627
1 0.21936458333333334 0.928037037037037 0.08542708333333333 0.060953703703703704
1 0.159875 0.9215462962962963 0.03877604166666667 0.06301851851851852
1 0.024260416666666666 0.9684351851851852 0.04852083333333333 0.06162962962962963
1 0.20149479166666667 0.969462962962963 0.034140625 0.04367592592592593
1 0.22534375 0.9848796296296297 0.03820833333333333 0.03023148148148148
1 0.26820312500000004 0.9835555555555555 0.026536458333333336 0.027703703703703706
0 0.06305729166666667 0.8935462962962962 0.02414583333333333 0.023064814814814816
0 0.11442187499999999 0.8714166666666666 0.03285416666666666 0.01687962962962963
0 0.4368125 0.7344351851851852 0.07958854166666667 0.07385185185185186
0 0.4140416666666667 0.726462962962963 0.023489583333333335 0.02512037037037037
0 0.530984375 0.6519722222222222 0.046015625 0.05421296296296296
0 0.5389583333333333 0.6051203703703704 0.008723958333333334 0.03314814814814815