1 0.32590625 0.8540000000000001 0.07969270833333333 0.07435185185185185
1 0.6048020833333333 0.6348703703703703 0.026515624999999998 0.04072222222222222
1 0.566296875 0.7332870370370371 0.007088541666666667 0.020481481481481482
1 0.5314166666666666 0.7362592592592593 0.024244791666666664 0.025314814814814814
1 0.5268229166666667 0.7697407407407408 0.009630208333333333 0.014351851851851852
1 0.5166197916666666 0.7938703703703703 0.006875 0.01250925925925926
1 0.48128645833333333 0.8100648148148148 0.00678125 0.019296296296296298
1 0.6569479166666666 0.6453240740740741 0.007260416666666667 0.01299074074074074
1 0.6579999999999999 0.6625925925925926 0.005916666666666666 0.013425925925925926
1 0.6708333333333333 0.6435555555555555 0.0043124999999999995 0.02149074074074074
1 0.68321875 0.6196203703703704 0.005494791666666667 0.013722222222222222
1 0.6813541666666667 0.6382407407407407 0.005442708333333333 0.013537037037037037
1 0.693296875 0.6242314814814814 0.005640625 0.015601851851851853
1 0.6971770833333333 0.6022222222222222 0.0073750000000000005 0.015712962962962963
1 0.7474427083333333 0.5519999999999999 0.006416666666666667 0.012212962962962962
1 0.7398020833333334 0.5771481481481482 0.004255208333333333 0.01637037037037037
1 0.7302447916666667 0.5709537037037037 0.00846875 0.015342592592592593
1 0.7640781249999999 0.5364166666666667 0.006234375 0.01713888888888889
1 0.7740572916666667 0.547611111111111 0.006213541666666667 0.012777777777777779
1 0.7767395833333333 0.5274907407407408 0.006114583333333334 0.015333333333333332
1 0.7873958333333333 0.5274166666666666 0.005859375 0.014518518518518517
1 0.7693697916666667 0.504962962962963 0.01746354166666667 0.023101851851851853
1 0.795875 0.45678703703703705 0.019369791666666667 0.02702777777777778
1 0.8083177083333334 0.494787037037037 0.007640625 0.014787037037037038
1 0.8292708333333334 0.4848981481481482 0.007104166666666667 0.01237962962962963
1 0.8277187500000001 0.4703703703703704 0.004942708333333334 0.013416666666666667
1 0.83878125 0.4346296296296296 0.018927083333333334 0.029518518518518517
1 0.8584739583333333 0.4560648148148148 0.006239583333333334 0.014888888888888887
1 0.838359375 0.4703333333333333 0.006932291666666667 0.011342592592592593
1 0.8819635416666666 0.4377314814814815 0.007270833333333334 0.015
1 0.8811666666666667 0.4229351851851852 0.006052083333333333 0.014148148148148148
1 0.897375 0.417787037037037 0.007036458333333333 0.014564814814814815
1 0.890078125 0.4126388888888889 0.004697916666666666 0.010953703703703703
1 0.9024635416666666 0.40723148148148147 0.005135416666666667 0.008824074074074073
1 0.925484375 0.3748148148148148 0.005348958333333333 0.010166666666666668
1 0.9403854166666666 0.335037037037037 0.01503125 0.019537037037037037
1 0.9857552083333334 0.319712962962963 0.002802083333333333 0.012435185185185185
0 0.9701354166666667 0.2374351851851852 0.012739583333333334 0.013657407407407408
0 0.9572031249999999 0.26087962962962963 0.0048177083333333336 0.01662037037037037
0 0.890015625 0.3061388888888889 0.006609375 0.012481481481481482