1 0.6548593749999999 0.5865277777777779 0.051291666666666666 0.05387037037037037
1 0.49306770833333335 0.73175 0.06386979166666666 0.06334259259259259
1 0.9604791666666667 0.293 0.03635416666666667 0.027712962962962964
1 0.7915364583333333 0.4513333333333333 0.04359895833333333 0.040935185185185186
0 0.34170312500000005 0.7730092592592592 0.03103125 0.016842592592592593
1 0.6178489583333333 0.613962962962963 0.04169791666666667 0.06987037037037036
1 0.9206979166666667 0.3329259259259259 0.03651041666666666 0.04067592592592593
1 0.40817708333333336 0.7983796296296296 0.078515625 0.08722222222222223
0 0.38039062500000004 0.7603888888888889 0.026901041666666667 0.018490740740740738
1 0.8804739583333333 0.36844444444444446 0.03391145833333333 0.04565740740740741
1 0.5696458333333333 0.6677407407407407 0.054703125 0.06912037037037037
1 0.28325 0.8786388888888889 0.066421875 0.06862037037037037
1 0.7152604166666666 0.5308888888888889 0.048484375 0.060222222222222226
0 0.571875 0.6147685185185185 0.022583333333333334 0.018712962962962962
0 0.5715833333333333 0.6152037037037037 0.025833333333333333 0.020277777777777777
0 0.49844791666666666 0.6808148148148148 0.026848958333333332 0.027712962962962964
0 0.4012291666666667 0.7407407407407407 0.025609375 0.023314814814814816
0 0.5898333333333333 0.6018240740740741 0.021739583333333333 0.019657407407407408
0 0.31949479166666667 0.8166851851851852 0.04739583333333333 0.044083333333333335
0 0.3095989583333333 0.7947777777777778 0.02409375 0.021249999999999998
1 0.563390625 0.7398148148148148 0.02477604166666667 0.026509259259259257
1 0.33418749999999997 0.9005092592592592 0.03594270833333334 0.04362962962962963
1 0.861484375 0.38737962962962963 0.03278645833333334 0.040888888888888884
0 0.45173958333333336 0.7028055555555556 0.02373958333333333 0.021185185185185185
1 0.43825520833333337 0.8494444444444444 0.025953125 0.021722222222222223
0 0.55103125 0.6309351851851852 0.024989583333333332 0.022074074074074072
1 0.6144583333333333 0.6891481481481482 0.023776041666666668 0.0347962962962963
1 0.833375 0.4666666666666667 0.021552083333333336 0.018046296296296296
1 0.8517239583333333 0.4452777777777778 0.0209375 0.016277777777777776
1 0.7457083333333333 0.484462962962963 0.03558333333333333 0.045731481481481484
1 0.9836145833333333 0.27976851851851847 0.028885416666666667 0.029203703703703704
0 0.7689166666666666 0.43974074074074077 0.027171875 0.01834259259259259
0 0.083953125 0.9032222222222223 0.047109375 0.026462962962962962
0 0.711734375 0.49123148148148144 0.022307291666666666 0.015064814814814814
1 0.38508333333333333 0.8874814814814815 0.024874999999999998 0.03155555555555555
1 0.411140625 0.8657407407407407 0.0233125 0.03735185185185186
1 0.2912604166666667 0.9614074074074074 0.032140625 0.037064814814814814
1 0.24719270833333334 0.9915833333333334 0.03224479166666667 0.016842592592592593
1 0.4679010416666667 0.8220462962962962 0.024625 0.03209259259259259
1 0.490796875 0.8039074074074074 0.023703125 0.028666666666666667
1 0.5197239583333333 0.7770092592592592 0.022609374999999998 0.032749999999999994
1 0.58703125 0.7160462962962963 0.02218229166666667 0.02813888888888889
1 0.529828125 0.7401111111111112 0.022203125 0.022296296296296293
1 0.634078125 0.6662592592592592 0.019281250000000003 0.029037037037037035
1 0.6468906249999999 0.6283888888888889 0.015916666666666666 0.020333333333333335
1 0.673203125 0.6308796296296296 0.016447916666666666 0.025324074074074075
1 0.6861406250000001 0.6161481481481482 0.01623958333333333 0.025537037037037035
1 0.7091458333333333 0.5970092592592593 0.017515625 0.024638888888888887
1 0.7242604166666666 0.5797685185185185 0.017270833333333332 0.02146296296296296
1 0.7205104166666667 0.5519166666666667 0.01827604166666667 0.024564814814814817
1 0.7470677083333332 0.557074074074074 0.01740625 0.022231481481481484
1 0.7812812499999999 0.520537037037037 0.014859375000000001 0.02224074074074074
1 0.7982083333333333 0.5043055555555556 0.015588541666666667 0.021675925925925925
1 0.81928125 0.4822592592592593 0.014817708333333334 0.02024074074074074
1 0.9015885416666667 0.40249074074074076 0.014072916666666666 0.019712962962962963
1 0.9517291666666666 0.32625925925925925 0.012020833333333333 0.018907407407407407
1 0.8332760416666667 0.41771296296296295 0.025958333333333337 0.046268518518518514
1 0.8738958333333334 0.42542592592592593 0.014322916666666666 0.021694444444444443
1 0.885765625 0.4155277777777778 0.013572916666666665 0.022351851851851852
1 0.9397916666666667 0.3725648148148148 0.00515625 0.014277777777777778
1 0.9890572916666667 0.29241666666666666 0.011817708333333335 0.02047222222222222
0 0.20969791666666668 0.8370648148148148 0.031760416666666666 0.012796296296296297
0 0.27970833333333334 0.8123055555555555 0.029473958333333335 0.013787037037037037
0 0.27340625 0.8306759259259259 0.03391145833333333 0.02089814814814815
0 0.3871041666666667 0.7718611111111111 0.026072916666666668 0.02401851851851852
0 0.43775000000000003 0.7360462962962963 0.025671875 0.028944444444444446
0 0.421234375 0.723537037037037 0.022364583333333334 0.019407407407407408
0 0.4736822916666667 0.6795277777777777 0.016265625 0.02298148148148148
0 0.4923645833333333 0.6622592592592592 0.019473958333333333 0.01739814814814815
0 0.5096822916666667 0.6447222222222222 0.01665625 0.02274074074074074
0 0.5210104166666667 0.663324074074074 0.017489583333333333 0.02087962962962963
0 0.5332343749999999 0.6481759259259259 0.019171875 0.022907407407407408
0 0.528984375 0.6304907407407407 0.015890625000000002 0.01649074074074074
0 0.6461458333333333 0.5174166666666666 0.014979166666666667 0.015953703703703703
0 0.5866614583333334 0.5778796296296297 0.01421875 0.015648148148148147
0 0.6170416666666667 0.5471666666666667 0.013588541666666667 0.014148148148148148
0 0.644515625 0.5464629629629629 0.018583333333333334 0.018814814814814815
0 0.660828125 0.5367685185185186 0.012484374999999999 0.018287037037037036
0 0.6634010416666667 0.5117592592592592 0.012635416666666668 0.012037037037037037
0 0.6898593749999999 0.5068981481481482 0.012760416666666666 0.025212962962962965
0 0.7087239583333333 0.4887222222222223 0.014421875 0.014453703703703703
0 0.702328125 0.4757037037037037 0.017489583333333333 0.01872222222222222
0 0.7387604166666667 0.44201851851851853 0.015348958333333333 0.008592592592592593
0 0.76009375 0.4250648148148148 0.0129375 0.01237962962962963
0 0.7998437500000001 0.39063888888888887 0.018557291666666666 0.022324074074074073
0 0.7842916666666666 0.4060462962962963 0.013229166666666665 0.019472222222222224
0 0.8128645833333333 0.3776759259259259 0.009552083333333333 0.012555555555555556
0 0.824796875 0.38737037037037036 0.015619791666666666 0.019166666666666665
0 0.8292447916666668 0.3645185185185185 0.010328124999999999 0.015194444444444444
0 0.8412239583333334 0.37066666666666664 0.009286458333333332 0.020092592592592592
0 0.843515625 0.35474074074074075 0.010458333333333332 0.017194444444444446
0 0.8568020833333333 0.33867592592592594 0.010895833333333334 0.014037037037037037
0 0.8687135416666667 0.32584259259259263 0.012255208333333333 0.011935185185185186
0 0.8808385416666666 0.3149537037037037 0.011484375 0.011703703703703704