1 0.049338541666666666 0.9702222222222221 0.09802604166666667 0.059453703703703696
1 0.5080677083333334 0.7198055555555556 0.05991666666666667 0.06614814814814815
1 0.21274479166666668 0.9216203703703704 0.1194375 0.06425925925925927
1 0.7192916666666667 0.5229537037037036 0.04505208333333333 0.04549074074074074
1 0.61821875 0.6170833333333334 0.052125 0.04805555555555555
1 0.8144739583333334 0.49059259259259264 0.019989583333333335 0.019462962962962963
1 0.8861510416666667 0.35735185185185186 0.038406249999999996 0.03067592592592593
1 0.8578333333333333 0.39131481481481484 0.04388541666666667 0.03812962962962963
0 0.3959479166666667 0.7426851851851852 0.025671875 0.019296296296296298
1 0.6757916666666667 0.5520925925925926 0.05393229166666667 0.06225000000000001
1 0.722984375 0.5565462962962964 0.020765625 0.016101851851851853
1 0.5590572916666667 0.743037037037037 0.024666666666666667 0.019685185185185188
1 0.7584375 0.4872314814814815 0.05847395833333333 0.04519444444444445
1 0.9563645833333333 0.29515740740740737 0.02654166666666667 0.02636111111111111
1 0.694640625 0.6156759259259259 0.019161458333333332 0.014796296296296297
1 0.8181458333333332 0.4296666666666667 0.04266145833333333 0.04265740740740741
1 0.7530364583333333 0.5130277777777779 0.020828125 0.014666666666666666
1 0.5670104166666667 0.6696203703703704 0.05668229166666667 0.06126851851851852
1 0.38033333333333336 0.7996851851851852 0.07616145833333333 0.07425925925925926
1 0.3129427083333333 0.9517037037037036 0.03425 0.030518518518518518
1 0.6227552083333333 0.650425925925926 0.022302083333333333 0.021611111111111112
1 0.762609375 0.5392777777777777 0.019010416666666665 0.01748148148148148
1 0.49768229166666667 0.767037037037037 0.027411458333333336 0.024981481481481483
1 0.4596145833333333 0.8283333333333334 0.029369791666666666 0.029361111111111112
1 0.7165052083333333 0.5890833333333334 0.02059895833333333 0.01538888888888889
1 0.34346875000000004 0.9269259259259259 0.03268229166666667 0.028037037037037037
1 0.7474843750000001 0.5305833333333333 0.02086979166666667 0.013268518518518518
1 0.9139322916666667 0.3398148148148148 0.034546875 0.029
0 0.7599687500000001 0.42883333333333334 0.017 0.013814814814814814
1 0.9142552083333333 0.36792592592592593 0.015317708333333334 0.014555555555555556
1 0.6092239583333333 0.6988981481481481 0.02313541666666667 0.024037037037037037
1 0.53190625 0.7699259259259259 0.021979166666666668 0.024453703703703703
1 0.506625 0.7895277777777778 0.024453125000000003 0.032749999999999994
1 0.48586979166666666 0.8088333333333333 0.024520833333333332 0.023453703703703702
1 0.5538645833333333 0.7666666666666667 0.005114583333333334 0.01864814814814815
1 0.5944583333333333 0.7259351851851852 0.004765625 0.021305555555555557
1 0.5780989583333334 0.7230555555555556 0.019177083333333334 0.02698148148148148
1 0.566078125 0.7051759259259259 0.019640625000000002 0.021972222222222223
1 0.6532708333333334 0.6472314814814815 0.02075 0.02726851851851852
1 0.6573020833333333 0.6166944444444444 0.019713541666666667 0.023851851851851853
1 0.69215625 0.5820277777777778 0.017229166666666667 0.027648148148148147
1 0.7338697916666667 0.5680555555555555 0.01669270833333333 0.02225925925925926
1 0.7479791666666666 0.5509444444444445 0.017213541666666665 0.021333333333333333
1 0.7814270833333333 0.49398148148148147 0.015901041666666667 0.019148148148148147
1 0.8503020833333333 0.4265277777777778 0.016515625 0.025694444444444443
1 0.8637604166666667 0.44450925925925927 0.0039791666666666664 0.012916666666666667
1 0.8774531250000001 0.43424074074074076 0.0063593750000000004 0.017935185185185186
1 0.9393385416666666 0.3624814814814815 0.012770833333333334 0.02274074074074074
1 0.956921875 0.35250925925925924 0.004213541666666667 0.013777777777777778
1 0.970015625 0.341037037037037 0.0037760416666666667 0.014601851851851852
1 0.9572395833333334 0.32349074074074075 0.014276041666666666 0.015175925925925926
0 0.953515625 0.2538240740740741 0.014036458333333333 0.011944444444444445
0 0.727390625 0.4745462962962963 0.049041666666666664 0.05277777777777778
0 0.6699375 0.5271481481481481 0.040239583333333336 0.040888888888888884
0 0.6556614583333332 0.5158703703703703 0.016458333333333335 0.013157407407407408
0 0.5360052083333334 0.6316944444444444 0.021583333333333333 0.02352777777777778
1 0.4546822916666667 0.7609722222222223 0.049130208333333335 0.08285185185185186
1 0.3883020833333333 0.8489907407407407 0.028364583333333335 0.030425925925925926
1 0.3806145833333333 0.8895462962962963 0.02403125 0.029277777777777778
1 0.41542708333333334 0.8655833333333334 0.026369791666666666 0.026518518518518518
1 0.2597916666666667 0.9874074074074075 0.033364583333333336 0.025175925925925928
1 0.22789583333333333 0.9708703703703704 0.035656249999999994 0.03928703703703704
1 0.08658854166666667 0.8889907407407408 0.041651041666666666 0.020277777777777777
1 0.6431875 0.676037037037037 0.006635416666666667 0.023157407407407408