0 0.45309895833333336 0.7045185185185185 0.025609375 0.02262962962962963
1 0.49024999999999996 0.7265462962962963 0.06579166666666666 0.05266666666666667
1 0.8346458333333333 0.408 0.027760416666666666 0.026351851851851852
1 0.7941979166666666 0.44422222222222224 0.04515625 0.05087962962962963
1 0.9043020833333333 0.3418703703703704 0.021463541666666665 0.0359537037037037
1 0.7401510416666667 0.5004444444444445 0.036411458333333334 0.0295
1 0.4970833333333333 0.7723240740740741 0.028765625 0.0285
1 0.37094791666666665 0.8403148148148147 0.08092708333333333 0.0748611111111111
1 0.27716145833333333 0.8785740740740741 0.098390625 0.0875648148148148
1 0.1731875 0.9383888888888889 0.09877083333333332 0.07280555555555555
1 0.07502604166666667 0.9688425925925925 0.0895 0.06232407407407407
1 0.4181302083333333 0.7807777777777778 0.07621354166666668 0.059055555555555556
1 0.5406093750000001 0.7225092592592592 0.02219270833333333 0.03637037037037037
1 0.5623385416666667 0.7034907407407407 0.020536458333333334 0.03040740740740741
1 0.57734375 0.6543425925925926 0.0543125 0.06428703703703705
1 0.5290833333333333 0.700925925925926 0.039088541666666664 0.050305555555555555
1 0.6242968750000001 0.6077407407407408 0.051041666666666666 0.06102777777777778
1 0.6068854166666667 0.6594074074074073 0.0203125 0.02748148148148148
1 0.47622916666666665 0.7907592592592593 0.021953125 0.02578703703703704
1 0.5164322916666666 0.75525 0.019072916666666665 0.02363888888888889
1 0.624875 0.6511296296296296 0.015125 0.022675925925925926
1 0.6527395833333334 0.6270648148148148 0.010432291666666668 0.023037037037037036
1 0.66503125 0.608712962962963 0.015770833333333335 0.021518518518518517
1 0.6964739583333334 0.5815648148148148 0.013598958333333333 0.022768518518518518
1 0.6792552083333334 0.5945555555555556 0.015322916666666667 0.01824074074074074
1 0.6706406250000001 0.5653981481481481 0.04458333333333333 0.06082407407407407
1 0.710796875 0.5242777777777778 0.026307291666666666 0.045064814814814814
1 0.7139895833333333 0.5576203703703704 0.01747395833333333 0.022000000000000002
1 0.7303802083333333 0.5398796296296297 0.014416666666666666 0.016814814814814814
1 0.7484427083333334 0.5269722222222222 0.013927083333333333 0.019166666666666665
1 0.7677916666666668 0.5035740740740741 0.017911458333333335 0.028685185185185185
1 0.832578125 0.4445648148148148 0.014109375 0.019240740740740742
1 0.817609375 0.45702777777777776 0.013270833333333334 0.015925925925925927
1 0.8041927083333333 0.4706018518518518 0.020968749999999998 0.017018518518518516
1 0.7816302083333333 0.49312037037037043 0.012187499999999999 0.01775925925925926
1 0.843890625 0.43575 0.013473958333333334 0.01852777777777778
1 0.854 0.42466666666666664 0.012796875000000001 0.020694444444444446
1 0.8626197916666667 0.41097222222222224 0.014609375 0.02238888888888889
1 0.8896093749999999 0.3796851851851852 0.028546875000000003 0.04147222222222222
1 0.8738802083333332 0.3733148148148148 0.033625 0.04436111111111111
1 0.9211041666666666 0.35706481481481483 0.010510416666666666 0.017953703703703704
1 0.9472343750000001 0.35844444444444445 0.004177083333333333 0.016805555555555553
1 0.9160520833333333 0.39025000000000004 0.0037500000000000003 0.016129629629629633
1 0.9094374999999999 0.38914814814814813 0.004270833333333333 0.016981481481481483
1 0.8982083333333333 0.41201851851851856 0.003286458333333333 0.015805555555555555
1 0.9610364583333334 0.3458333333333333 0.0036875000000000002 0.023722222222222224
1 0.9374010416666666 0.3117962962962963 0.02041666666666667 0.03599074074074074
1 0.945734375 0.33485185185185184 0.013036458333333334 0.016962962962962964
1 0.9608020833333334 0.319 0.011234375 0.013037037037037038
1 0.976453125 0.3025925925925926 0.013890625 0.02149074074074074
1 0.9566250000000001 0.29712037037037037 0.018130208333333335 0.027916666666666666
1 0.9904791666666667 0.2884814814814815 0.01904166666666667 0.03983333333333334
1 0.98565625 0.25850925925925927 0.027494791666666667 0.03625
1 0.8556718750000001 0.4520462962962963 0.0038333333333333336 0.016388888888888887
1 0.8370260416666666 0.47529629629629633 0.004729166666666667 0.01599074074074074
1 0.8070052083333333 0.4963148148148148 0.003453125 0.01589814814814815
1 0.7692760416666666 0.5404074074074074 0.004640625 0.017648148148148145
1 0.7103072916666666 0.597462962962963 0.006791666666666666 0.017972222222222223
1 0.6852552083333333 0.6303333333333333 0.005401041666666666 0.021611111111111112
1 0.45345833333333335 0.8040277777777778 0.020604166666666666 0.03306481481481482
1 0.4270833333333333 0.8246203703703704 0.022557291666666666 0.03287962962962963
1 0.4328333333333333 0.8636481481481482 0.008276041666666668 0.020175925925925924
1 0.49930729166666665 0.7987592592592593 0.006494791666666667 0.026250000000000002
0 0.6846875 0.4931018518518518 0.016854166666666667 0.01825925925925926
0 0.6874427083333334 0.510962962962963 0.017109375 0.016416666666666666
0 0.7154947916666666 0.48404629629629625 0.016192708333333333 0.014981481481481481
0 0.7169739583333333 0.46337962962962964 0.015713541666666667 0.018203703703703705
0 0.7399114583333334 0.46025 0.015322916666666667 0.021296296296296296
0 0.6118385416666666 0.579962962962963 0.018401041666666666 0.019287037037037037
0 0.5870885416666667 0.5649351851851852 0.00571875 0.01672222222222222
0 0.7447812500000001 0.4359444444444444 0.014536458333333334 0.014490740740740742
0 0.7584947916666667 0.44693518518518516 0.015671875 0.016324074074074074
0 0.7683072916666667 0.4328240740740741 0.010546875 0.017037037037037035
0 0.7798177083333333 0.41878703703703707 0.008817708333333334 0.010972222222222222
0 0.7916145833333333 0.39040740740740737 0.011989583333333333 0.015259259259259259
0 0.8042447916666667 0.4014722222222222 0.011625 0.01099074074074074
0 0.813875 0.3911851851851852 0.012786458333333334 0.014055555555555556
0 0.8228072916666667 0.3653611111111111 0.011130208333333334 0.010083333333333333
0 0.8346145833333334 0.3728796296296296 0.010463541666666666 0.01662037037037037
0 0.8489427083333333 0.36114814814814816 0.0105 0.014416666666666666
0 0.8439479166666667 0.34875925925925927 0.008416666666666666 0.013962962962962963
0 0.8579218750000001 0.33796296296296297 0.012104166666666666 0.012083333333333335
0 0.8767864583333334 0.34091666666666665 0.010015625 0.01412962962962963
0 0.8620885416666667 0.34912037037037036 0.012317708333333333 0.00887962962962963
0 0.8683541666666666 0.3304722222222222 0.008114583333333333 0.010638888888888889
0 0.8802864583333334 0.3202037037037037 0.009583333333333333 0.010574074074074074
0 0.893 0.32081481481481483 0.007411458333333333 0.013731481481481482
0 0.8893906250000001 0.3085555555555556 0.010624999999999999 0.012768518518518518
0 0.9050572916666667 0.3123240740740741 0.009354166666666667 0.012583333333333334
0 0.9017760416666667 0.2989722222222222 0.010614583333333334 0.012546296296296297
0 0.9144895833333333 0.2845 0.009088541666666667 0.0095
0 0.9251927083333332 0.27941666666666665 0.008770833333333334 0.015166666666666665
0 0.9342604166666667 0.270712962962963 0.008645833333333333 0.013222222222222222
0 0.964328125 0.25803703703703706 0.013161458333333332 0.015685185185185187
0 0.94765625 0.2712407407407407 0.011744791666666667 0.011564814814814814
0 0.9873229166666667 0.22408333333333333 0.011526041666666665 0.015398148148148147
0 0.9776145833333333 0.23175925925925928 0.009937499999999998 0.009879629629629629
0 0.9677291666666666 0.2451851851851852 0.016463541666666668 0.010462962962962964
0 0.9978958333333333 0.21241666666666667 0.004203125 0.011379629629629628
0 0.5297604166666666 0.6565925925925926 0.04713020833333333 0.06138888888888889