1 0.7049010416666667 0.5672314814814815 0.018979166666666665 0.024722222222222222
1 0.5872291666666667 0.6868425925925925 0.022614583333333334 0.02684259259259259
1 0.48765624999999996 0.8211018518518518 0.012265625 0.025564814814814815
1 0.355796875 0.880712962962963 0.032713541666666665 0.034944444444444445
1 0.8298020833333334 0.48222222222222216 0.008130208333333333 0.018796296296296297
1 0.8723281249999999 0.4022222222222222 0.018125 0.019425925925925926
0 0.935765625 0.26866666666666666 0.005458333333333333 0.015138888888888891
0 0.7649739583333334 0.4151388888888889 0.005984375 0.016055555555555556
0 0.47024479166666666 0.6800555555555556 0.02714583333333333 0.03274074074074074
0 0.45125 0.6975648148148148 0.008010416666666667 0.023333333333333334
0 0.055671875 0.9034722222222222 0.045640625 0.029694444444444443