1 0.7776302083333333 0.4681574074074074 0.05409375 0.04819444444444444
1 0.29015625 0.8713981481481482 0.09075000000000001 0.0636388888888889
1 0.5378541666666667 0.7664629629629629 0.027807291666666668 0.028398148148148148
0 0.24990104166666666 0.8345648148148148 0.03893229166666667 0.014990740740740742
1 0.611984375 0.6193981481481482 0.05159895833333333 0.06356481481481482
1 0.45789583333333334 0.8281666666666666 0.033109375 0.0319537037037037
1 0.8460989583333334 0.40077777777777773 0.038760416666666665 0.04357407407407408
1 0.6644947916666666 0.5747777777777777 0.04943229166666666 0.05100925925925926
1 0.8823541666666667 0.4220462962962963 0.01972916666666667 0.016564814814814817
1 0.14096354166666666 0.9205092592592592 0.12861458333333334 0.07591666666666666
0 0.24694791666666666 0.8394074074074074 0.037036458333333334 0.014157407407407407
1 0.6756979166666667 0.6314351851851853 0.021296875 0.019722222222222224
1 0.730140625 0.5046759259259259 0.04877083333333333 0.05725925925925926
0 0.06313541666666667 0.8973703703703704 0.025921875 0.019898148148148147
1 0.432671875 0.8521666666666667 0.027687499999999997 0.02638888888888889
1 0.02184375 0.9277314814814815 0.0436875 0.039990740740740736
1 0.7014375 0.6043240740740741 0.02022916666666667 0.019185185185185184
1 0.3727395833333333 0.8986574074074074 0.033875 0.030851851851851853
1 0.7852708333333334 0.517425925925926 0.021833333333333333 0.017435185185185182
1 0.511234375 0.784712962962963 0.025208333333333333 0.026907407407407408
1 0.37969791666666663 0.8182592592592592 0.06849479166666667 0.06532407407407408
1 0.487484375 0.8082870370370371 0.027687499999999997 0.02624074074074074
1 0.24401562499999999 0.978212962962963 0.04600520833333333 0.03650925925925926
1 0.03797395833333333 0.9742962962962963 0.07594270833333333 0.05140740740740741
0 0.6496510416666667 0.5430833333333334 0.01646875 0.019157407407407408
0 0.6508020833333333 0.5426018518518518 0.021260416666666667 0.013222222222222222
0 0.5753958333333333 0.6104629629629629 0.023947916666666666 0.019796296296296294
1 0.3465729166666666 0.8890555555555555 0.031104166666666665 0.03017592592592593
1 0.842703125 0.46051851851851855 0.018541666666666668 0.016277777777777776
0 0.46645833333333336 0.6823981481481481 0.02364583333333333 0.015268518518518516
0 0.5374895833333333 0.6312962962962962 0.028281249999999997 0.016074074074074074
1 0.9079166666666667 0.37244444444444447 0.018651041666666666 0.01362962962962963
0 0.5947395833333334 0.5759907407407407 0.019723958333333333 0.018518518518518517
1 0.5424114583333334 0.6827592592592593 0.060875 0.0745925925925926
1 0.6423749999999999 0.667962962962963 0.019359375 0.018166666666666668
0 0.5533489583333334 0.6112037037037037 0.024953125 0.02062037037037037
1 0.7340416666666666 0.5690092592592593 0.019979166666666666 0.0162962962962963
1 0.5591510416666666 0.7393240740740741 0.029312500000000002 0.02525925925925926
1 0.23322916666666668 0.9577222222222221 0.04901041666666666 0.042555555555555555
1 0.992875 0.28778703703703706 0.014255208333333333 0.018574074074074073
1 0.46423958333333337 0.795712962962963 0.026708333333333334 0.02515740740740741
1 0.46359895833333337 0.7594166666666666 0.07219791666666667 0.06982407407407407
1 0.5121927083333333 0.7557037037037037 0.024453125000000003 0.03140740740740741
1 0.5911875 0.7134166666666667 0.020223958333333333 0.028120370370370372
1 0.6215885416666667 0.6808703703703703 0.020010416666666666 0.031370370370370375
1 0.6615052083333333 0.6545185185185185 0.008765624999999999 0.021092592592592593
1 0.8071406250000001 0.49140740740740746 0.018442708333333332 0.026203703703703705
1 0.8230729166666666 0.49287962962962956 0.0054218750000000005 0.017898148148148146
1 0.8104583333333333 0.4656944444444444 0.014927083333333334 0.020935185185185185
1 0.839015625 0.4362037037037037 0.017541666666666667 0.023944444444444445
1 0.8060572916666667 0.4379722222222222 0.019453125 0.03255555555555555
1 0.8906510416666666 0.3605185185185185 0.031713541666666664 0.047157407407407405
1 0.9647291666666666 0.2920462962962963 0.03383333333333333 0.033851851851851855
1 0.9359635416666666 0.3088148148148148 0.018015625 0.04047222222222222
1 0.9465833333333333 0.33187037037037037 0.015890625000000002 0.022555555555555554
1 0.9719427083333334 0.30441666666666667 0.013385416666666667 0.017611111111111112
1 0.9438645833333333 0.3570185185185185 0.013046875000000001 0.024083333333333335
1 0.9308125 0.37048148148148147 0.012291666666666668 0.02001851851851852
1 0.7593541666666667 0.5406666666666666 0.01797395833333333 0.027592592592592592
1 0.584890625 0.7393055555555555 0.005093749999999999 0.01561111111111111
1 0.5723541666666667 0.7280462962962962 0.015020833333333334 0.021824074074074076
1 0.5548385416666667 0.762462962962963 0.0066145833333333326 0.02510185185185185
1 0.32665625 0.9353888888888889 0.029145833333333333 0.030564814814814812
1 0.28609375 0.9706574074074074 0.027682291666666668 0.034027777777777775
0 0.28383854166666667 0.8120555555555555 0.028390625 0.025231481481481483
0 0.30238020833333334 0.8252777777777778 0.030255208333333335 0.020666666666666667
0 0.33465625 0.8100648148148148 0.031151041666666667 0.02225925925925926
0 0.31339062500000003 0.7985833333333333 0.02805208333333333 0.021648148148148146
0 0.3427239583333333 0.783537037037037 0.0255625 0.02001851851851852
0 0.363203125 0.790212962962963 0.0275 0.01660185185185185
0 0.37229687499999997 0.7646759259259259 0.021833333333333333 0.02139814814814815
0 0.3834739583333333 0.7719444444444444 0.016682291666666668 0.023759259259259258
0 0.42651041666666667 0.7399074074074075 0.06578645833333334 0.07857407407407407
0 0.3885052083333333 0.7426481481481481 0.009385416666666667 0.016555555555555556
0 0.44120312500000003 0.6992037037037037 0.022114583333333333 0.01238888888888889
0 0.46979166666666666 0.7053611111111111 0.020666666666666667 0.01811111111111111
0 0.48930208333333336 0.6882314814814815 0.022510416666666665 0.027037037037037037
0 0.5075052083333333 0.6716388888888889 0.016395833333333335 0.01925925925925926
0 0.49389062499999997 0.6642037037037037 0.017244791666666665 0.014027777777777778
0 0.49045833333333333 0.6491388888888889 0.0058125 0.009314814814814816
0 0.5714270833333334 0.5921388888888889 0.01827604166666667 0.02210185185185185
0 0.6102395833333334 0.5803796296296296 0.0190625 0.019425925925925926
0 0.61315625 0.556425925925926 0.018598958333333335 0.018425925925925925
0 0.6267916666666667 0.5396481481481482 0.018203125 0.018305555555555554
0 0.6303645833333333 0.5239351851851852 0.002859375 0.009037037037037036
0 0.642734375 0.5253703703703704 0.014666666666666666 0.014546296296296297
0 0.6789947916666667 0.51675 0.01640625 0.020444444444444442
0 0.6614479166666667 0.5089166666666667 0.014359375 0.013796296296296296
0 0.6616666666666667 0.5272314814814815 0.01590625 0.017703703703703704
0 0.671890625 0.4997685185185185 0.011593750000000002 0.01412037037037037
0 0.6958229166666666 0.49693518518518526 0.012854166666666667 0.01573148148148148
0 0.6832864583333333 0.48830555555555555 0.010098958333333333 0.013546296296296298
0 0.7526510416666666 0.43121296296296296 0.014197916666666668 0.017342592592592593
0 0.738359375 0.4431481481481482 0.010703125 0.012907407407407407
0 0.7197135416666666 0.4746018518518519 0.011458333333333333 0.017314814814814814
0 0.7746510416666667 0.4293611111111111 0.014223958333333333 0.014592592592592593
0 0.7817760416666667 0.40567592592592594 0.011479166666666667 0.014703703703703705
0 0.8130885416666668 0.37221296296296297 0.011250000000000001 0.007240740740740741
0 0.8277916666666666 0.3808148148148148 0.010875 0.012944444444444444
0 0.8694947916666667 0.345787037037037 0.009125 0.015314814814814814
0 0.8510572916666667 0.34175 0.018302083333333333 0.014425925925925925
0 0.8991510416666666 0.3020740740740741 0.01221875 0.01135185185185185
0 0.8858177083333333 0.31099074074074073 0.011015625 0.013824074074074074
0 0.9168958333333334 0.2958425925925926 0.010046875 0.021907407407407407
0 0.9002395833333333 0.32258333333333333 0.028395833333333335 0.026453703703703705
0 0.8374791666666667 0.35609259259259257 0.00984375 0.0105
0 0.8395572916666667 0.37149074074074073 0.012171875 0.011083333333333334
0 0.9298072916666666 0.27319444444444446 0.009697916666666667 0.014490740740740742
0 0.9416510416666667 0.2649074074074074 0.0119375 0.013259259259259259
0 0.9679947916666667 0.24099074074074073 0.011052083333333332 0.012435185185185185
0 0.980484375 0.2267962962962963 0.011703125 0.008990740740740742
0 0.9756666666666667 0.24862962962962962 0.011078125 0.010925925925925926
1 0.9549583333333334 0.35544444444444445 0.005828125 0.01687962962962963
1 0.9011875 0.398287037037037 0.0134375 0.02150925925925926
1 0.8754322916666666 0.4378888888888889 0.0048177083333333336 0.016796296296296295
1 0.8383020833333333 0.4761759259259259 0.0036666666666666666 0.016962962962962964
1 0.19680208333333335 0.99125 0.024541666666666666 0.017499999999999998