1 0.251109375 0.9552777777777778 0.043062500000000004 0.0367962962962963
1 0.3158958333333333 0.9462870370370371 0.033604166666666664 0.028342592592592593
0 0.7601145833333334 0.42921296296296296 0.018932291666666667 0.020722222222222222
1 0.31884375 0.9045555555555556 0.028510416666666667 0.019212962962962963
1 0.45445312499999996 0.8066018518518518 0.030197916666666665 0.029111111111111112
1 0.38739583333333333 0.8888055555555555 0.030932291666666667 0.029083333333333333
1 0.34834375 0.8961388888888889 0.03372916666666667 0.026222222222222223
1 0.531125 0.7739444444444444 0.02390625 0.03126851851851852
1 0.5288489583333333 0.7404259259259259 0.021489583333333333 0.02422222222222222
1 0.42546354166666667 0.8086481481481482 0.02333333333333333 0.02138888888888889
1 0.54884375 0.7194074074074075 0.021828124999999997 0.028333333333333335
0 0.643 0.53775 0.008880208333333334 0.02211111111111111
1 0.28183854166666666 0.9807962962962963 0.03740104166666667 0.03287037037037037
1 0.33413020833333335 0.8832685185185185 0.035479166666666666 0.029
0 0.06090104166666667 0.9047222222222222 0.04093229166666667 0.030527777777777775
1 0.39084895833333333 0.8338425925925925 0.025015625 0.022805555555555555
1 0.21252604166666667 0.9788055555555555 0.03507291666666667 0.033638888888888885
1 0.5731614583333333 0.6990740740740741 0.020859375 0.02812962962962963
1 0.36351041666666667 0.8563425925925926 0.02755208333333333 0.024046296296296295
1 0.46076562499999996 0.7728055555555555 0.02390625 0.02899074074074074
1 0.48383333333333334 0.7772314814814815 0.020281249999999997 0.03133333333333334
1 0.50703125 0.7600740740740741 0.0200625 0.025675925925925925
1 0.5955208333333334 0.6741944444444444 0.020447916666666666 0.02851851851851852
1 0.6105364583333334 0.6578333333333334 0.016802083333333332 0.021842592592592594
1 0.6295520833333333 0.6432407407407408 0.019072916666666665 0.02783333333333333
1 0.699546875 0.5759537037037037 0.019072916666666665 0.023564814814814813
1 0.8460572916666667 0.46087962962962964 0.015546875 0.018833333333333334
1 0.8773958333333333 0.3997222222222222 0.012234374999999999 0.018990740740740742
1 0.976265625 0.33113888888888887 0.005786458333333333 0.014712962962962964
1 0.9367447916666667 0.3756388888888889 0.007135416666666667 0.016416666666666666
0 0.25455208333333335 0.8454722222222222 0.040255208333333334 0.020583333333333335
0 0.26666666666666666 0.8266574074074073 0.038328125000000005 0.020953703703703704
0 0.205484375 0.8346481481481481 0.0111875 0.011962962962962963
0 0.7308385416666667 0.4663611111111111 0.018786458333333332 0.02327777777777778
0 0.6736979166666667 0.5051944444444445 0.005541666666666667 0.018861111111111113
0 0.7213437500000001 0.452 0.004791666666666666 0.014101851851851852
0 0.8678906249999999 0.34685185185185186 0.012187499999999999 0.01877777777777778
0 0.8879791666666667 0.3055648148148148 0.0035208333333333333 0.009166666666666667