1 0.6330364583333333 0.6345833333333334 0.020166666666666666 0.023055555555555555
1 0.62471875 0.6824907407407408 0.021578125 0.02327777777777778
1 0.5838385416666667 0.7308518518518519 0.0072187499999999995 0.026101851851851852
0 0.6075364583333334 0.5620185185185186 0.0050260416666666665 0.011583333333333333
0 0.6942708333333333 0.48289814814814813 0.00525 0.01662962962962963
0 0.8193125 0.3679074074074074 0.0040416666666666665 0.016731481481481483
1 0.8396354166666666 0.47378703703703706 0.0038333333333333336 0.011074074074074075
1 0.8428645833333334 0.4570925925925926 0.0049947916666666665 0.014074074074074074
1 0.8688333333333333 0.4450648148148148 0.004119791666666667 0.010314814814814815
1 0.8701770833333333 0.42869444444444443 0.0060416666666666665 0.013962962962962963
1 0.8836354166666667 0.4318518518518518 0.004822916666666666 0.014351851851851852
1 0.8886197916666667 0.41370370370370374 0.007223958333333333 0.013583333333333333
1 0.9303958333333333 0.3423611111111111 0.0269375 0.043472222222222225
1 0.9518125000000001 0.3560833333333333 0.004083333333333333 0.015925925925925927
1 0.9744583333333333 0.3359722222222222 0.004479166666666667 0.01462962962962963
1 0.9876822916666667 0.3159814814814815 0.0032552083333333335 0.012722222222222222