1 0.45270312500000004 0.7829444444444444 0.057088541666666666 0.044981481481481476
0 0.44005729166666663 0.7177685185185185 0.03353125 0.021648148148148146
1 0.5099635416666667 0.7238703703703704 0.06386979166666666 0.07011111111111111
1 0.6183697916666666 0.644287037037037 0.04575520833333333 0.06294444444444444
1 0.6731770833333334 0.6003796296296297 0.01923958333333333 0.02114814814814815
1 0.7711458333333333 0.4990462962962963 0.017781250000000002 0.02507407407407407
1 0.9766927083333333 0.32701851851851854 0.004078125 0.013935185185185186
1 0.91959375 0.39214814814814813 0.004479166666666667 0.011444444444444445
1 0.9289010416666666 0.36969444444444444 0.008114583333333333 0.0115
1 0.9010416666666666 0.40882407407407406 0.006057291666666667 0.013768518518518518
1 0.8745364583333333 0.4330648148148148 0.005958333333333333 0.011925925925925927
1 0.8136927083333333 0.4966944444444444 0.006151041666666667 0.017166666666666667
1 0.7468854166666666 0.5649074074074074 0.005348958333333333 0.018712962962962962
1 0.7554635416666666 0.551 0.006401041666666666 0.01660185185185185
1 0.6872760416666667 0.6283796296296296 0.009567708333333334 0.015064814814814814
1 0.695203125 0.605462962962963 0.006750000000000001 0.015268518518518516
1 0.6624635416666667 0.6554629629629629 0.0057395833333333335 0.023212962962962963
1 0.6168385416666666 0.6995833333333333 0.009583333333333333 0.02153703703703704
1 0.6310312499999999 0.6828148148148149 0.006583333333333333 0.01902777777777778
1 0.6005989583333334 0.7002407407407407 0.006640625 0.020712962962962964
1 0.2560677083333333 0.9894537037037036 0.008088541666666666 0.02110185185185185
1 0.2691822916666667 0.990787037037037 0.007750000000000001 0.018425925925925925
1 0.30570833333333336 0.9481574074074074 0.009354166666666667 0.01987037037037037
1 0.3203229166666667 0.9394166666666667 0.008427083333333333 0.01950925925925926
1 0.30351041666666667 0.9758148148148149 0.007739583333333333 0.01951851851851852
1 0.3333541666666667 0.922175925925926 0.006447916666666667 0.018212962962962966
1 0.34620833333333334 0.9268611111111111 0.008442708333333333 0.020092592592592592
1 0.369328125 0.907962962962963 0.007354166666666666 0.0165462962962963
1 0.3618125 0.9006759259259259 0.004703125 0.014824074074074076
1 0.378515625 0.9024166666666666 0.007651041666666666 0.01723148148148148
1 0.391265625 0.8928425925925926 0.0044218750000000005 0.013935185185185186
1 0.403359375 0.8694814814814814 0.007177083333333333 0.008675925925925925
1 0.4306979166666667 0.8719444444444445 0.00734375 0.018268518518518517
1 0.44521875000000005 0.8558611111111112 0.00425 0.014861111111111111
1 0.4657708333333333 0.8272037037037037 0.007526041666666666 0.016388888888888887
1 0.4573177083333333 0.8228796296296297 0.006411458333333333 0.017092592592592593
1 0.4932135416666667 0.8190555555555556 0.005239583333333334 0.010787037037037038
1 0.5050052083333333 0.7865925925925926 0.011145833333333332 0.015379629629629629
1 0.5242864583333333 0.7720092592592592 0.004583333333333333 0.014296296296296297
1 0.5413697916666667 0.7786666666666667 0.005276041666666667 0.010222222222222221
1 0.5834895833333333 0.7135925925925926 0.004901041666666666 0.011805555555555555
1 0.5769062500000001 0.7300277777777777 0.004895833333333334 0.009231481481481483
1 0.5743385416666666 0.74975 0.004645833333333333 0.012564814814814815
1 0.5646458333333333 0.7451203703703704 0.004067708333333333 0.011342592592592593
1 0.5573958333333333 0.7399444444444444 0.0031093749999999997 0.011685185185185184
0 0.96459375 0.2610462962962963 0.0125 0.013981481481481482
0 0.9393229166666667 0.2661203703703704 0.010671874999999999 0.015425925925925926
0 0.9195052083333334 0.30163888888888885 0.013171875 0.012925925925925928
0 0.8890156250000001 0.3078796296296296 0.004578125 0.01136111111111111
0 0.8569114583333334 0.33389814814814817 0.004479166666666667 0.009907407407407406