1 0.689734375 0.5602777777777778 0.04446354166666667 0.06433333333333334
1 0.7479479166666666 0.5244166666666666 0.016203125 0.024833333333333332
1 0.70584375 0.5038796296296297 0.047677083333333335 0.05994444444444444
1 0.8794687499999999 0.39801851851851855 0.016848958333333334 0.01962037037037037
1 0.9314270833333332 0.3472314814814815 0.014291666666666668 0.019120370370370367
1 0.9371927083333333 0.2862222222222222 0.032427083333333336 0.06117592592592592
1 0.4635625 0.7594074074074074 0.054296875 0.07731481481481481
1 0.5228125 0.7453425925925926 0.028088541666666668 0.037453703703703704
1 0.4564114583333333 0.8022870370370371 0.025343749999999998 0.03175925925925926
1 0.40211458333333333 0.8502222222222222 0.0288125 0.029666666666666668
1 0.3477760416666667 0.8118518518518518 0.060223958333333334 0.04741666666666667
1 0.31721354166666665 0.8754259259259259 0.06502604166666666 0.0817962962962963
1 0.25011458333333336 0.9177592592592592 0.037947916666666665 0.024962962962962965
1 0.17525000000000002 0.9403055555555555 0.09999479166666667 0.0853425925925926
1 0.2680625 0.9848611111111112 0.007927083333333333 0.02574074074074074
1 0.27520833333333333 0.987824074074074 0.009098958333333332 0.024342592592592593
1 0.31408854166666667 0.945537037037037 0.012098958333333333 0.027666666666666666
1 0.481625 0.8157222222222222 0.007369791666666667 0.024407407407407405
1 0.55040625 0.7585740740740741 0.006494791666666667 0.01997222222222222
1 0.5606666666666666 0.7426296296296296 0.00559375 0.01925
1 0.6092291666666667 0.6904629629629631 0.009348958333333332 0.022916666666666665
1 0.6301510416666667 0.692861111111111 0.006130208333333333 0.017703703703703704
1 0.6657604166666666 0.6346851851851852 0.007734375 0.022351851851851852
1 0.6745104166666667 0.6437314814814815 0.0066302083333333334 0.022712962962962963
1 0.6935729166666668 0.6083425925925926 0.008046875 0.017675925925925925
1 0.697203125 0.6212222222222222 0.007890625 0.02173148148148148
1 0.7105260416666667 0.5940740740740741 0.006255208333333333 0.017166666666666667
1 0.7217760416666666 0.5778055555555556 0.006291666666666667 0.019444444444444445
1 0.7337552083333333 0.5695185185185185 0.008046875 0.01887962962962963
1 0.7460104166666667 0.5529074074074074 0.004890625 0.01937962962962963
1 0.7572291666666667 0.5486666666666666 0.007072916666666667 0.02061111111111111
1 0.7665572916666666 0.5484444444444445 0.006093749999999999 0.019037037037037036
1 0.772859375 0.529925925925926 0.0050625 0.015703703703703706
1 0.787921875 0.5155185185185185 0.009020833333333334 0.01661111111111111
1 0.7897968750000001 0.5292685185185185 0.006302083333333333 0.014185185185185186
1 0.8099322916666666 0.5038796296296297 0.005822916666666666 0.01962037037037037
1 0.8374791666666667 0.4763333333333334 0.008770833333333334 0.017685185185185186
1 0.8613385416666667 0.4379074074074074 0.006651041666666666 0.016259259259259258
1 0.875765625 0.4373796296296296 0.004328125 0.01636111111111111
1 0.8836875000000001 0.4211944444444444 0.008114583333333333 0.014268518518518519
1 0.8992447916666666 0.39879629629629626 0.0081875 0.015203703703703705
1 0.9082552083333333 0.40061111111111114 0.007531250000000001 0.019398148148148147
1 0.94034375 0.3675925925925926 0.005067708333333334 0.012231481481481482
1 0.9710104166666667 0.32839814814814816 0.006744791666666666 0.016712962962962964
1 0.9793489583333332 0.3308055555555555 0.00678125 0.015231481481481481
0 0.35170833333333335 0.7731759259259259 0.029291666666666667 0.032990740740740744
0 0.4866354166666667 0.6738703703703703 0.024921875 0.029851851851851855
0 0.744203125 0.45814814814814814 0.016067708333333333 0.019601851851851853
0 0.777625 0.40235185185185185 0.00446875 0.012601851851851852
0 0.849328125 0.36345370370370367 0.014135416666666668 0.017083333333333332
0 0.8524947916666666 0.3433240740740741 0.01371875 0.017981481481481484
0 0.8700416666666667 0.32146296296296295 0.0038072916666666663 0.01025925925925926
0 0.8834479166666667 0.3336851851851852 0.014057291666666666 0.015277777777777777
0 0.9175729166666666 0.27796296296296297 0.0049635416666666664 0.012435185185185185
0 0.9590260416666666 0.24868518518518518 0.013677083333333334 0.01387962962962963
0 0.9598593750000001 0.2631666666666667 0.012973958333333334 0.011972222222222223
0 0.993140625 0.21937962962962965 0.013723958333333335 0.032157407407407405