1 0.5884322916666667 0.6816203703703704 0.023046875 0.02948148148148148
0 0.598234375 0.5915833333333333 0.019760416666666666 0.02388888888888889
0 0.9016354166666667 0.31487037037037036 0.0180625 0.022453703703703705
1 0.6650989583333333 0.6073240740740741 0.017541666666666667 0.02546296296296296
0 0.734421875 0.4662962962962963 0.01953125 0.019703703703703706
0 0.6611354166666668 0.5056666666666667 0.009463541666666667 0.02666666666666667
0 0.7155468749999999 0.4593333333333333 0.004703125 0.017962962962962962
0 0.7498333333333334 0.4383425925925926 0.0034895833333333333 0.010129629629629629
0 0.7705052083333332 0.40662037037037035 0.006479166666666666 0.01238888888888889
0 0.801328125 0.39087037037037037 0.0043124999999999995 0.010222222222222221
0 0.83428125 0.3775925925925926 0.015494791666666667 0.016935185185185185
0 0.8121614583333333 0.3695555555555556 0.004375 0.0073518518518518525
0 0.8302708333333333 0.3597222222222222 0.004239583333333334 0.013907407407407407
0 0.8383854166666667 0.348962962962963 0.003953125 0.012972222222222222
0 0.8543333333333333 0.3436203703703704 0.00378125 0.013851851851851853
0 0.866671875 0.32308333333333333 0.004489583333333333 0.015925925925925927
0 0.9572135416666666 0.2822037037037037 0.016223958333333333 0.01622222222222222
0 0.9720885416666667 0.2499166666666667 0.013817708333333335 0.015370370370370371
0 0.9581041666666666 0.262712962962963 0.010723958333333334 0.014462962962962962
0 0.9852708333333333 0.2381666666666667 0.012864583333333334 0.014148148148148148
0 0.4958072916666667 0.675537037037037 0.025546875 0.022407407407407407
0 0.48384895833333336 0.7095185185185185 0.032984374999999996 0.040962962962962965
1 0.223234375 0.9211481481481482 0.06783333333333334 0.04925925925925926