0 0.773390625 0.41670370370370374 0.0324375 0.026583333333333334
1 0.9626979166666667 0.2924907407407407 0.029260416666666667 0.036166666666666666
1 0.09820833333333333 0.9371481481481482 0.105453125 0.07741666666666666
0 0.9338854166666667 0.2877222222222222 0.01575 0.01599074074074074
1 0.3408489583333333 0.8392962962962963 0.09190104166666666 0.07882407407407407
1 0.3649895833333333 0.8765648148148149 0.036708333333333336 0.03459259259259259
0 0.6340677083333334 0.5511944444444444 0.021 0.018314814814814815
1 0.5167291666666667 0.7536944444444444 0.025161458333333334 0.02691666666666667
0 0.5835364583333333 0.5906203703703704 0.043796875 0.058351851851851856
1 0.783953125 0.45685185185185184 0.04215625 0.03998148148148148
0 0.5064479166666667 0.641425925925926 0.0053437499999999995 0.01952777777777778
0 0.4644479166666667 0.6782777777777778 0.006661458333333333 0.019472222222222224
0 0.45311979166666666 0.6930925925925926 0.00565625 0.022351851851851852
0 0.419890625 0.7162592592592593 0.005067708333333334 0.022407407407407407
1 0.4268125 0.8206203703703704 0.029296875 0.03994444444444444
1 0.4385052083333333 0.8582407407407407 0.008932291666666667 0.020796296296296295
1 0.47670833333333335 0.8225555555555556 0.005197916666666667 0.025064814814814814
1 0.5328802083333334 0.7807407407407407 0.007786458333333333 0.020583333333333335
1 0.6076302083333334 0.7066944444444445 0.00703125 0.019083333333333334
1 0.63934375 0.6641759259259259 0.004286458333333334 0.024925925925925928
1 0.6603437499999999 0.6557129629629629 0.006822916666666666 0.020314814814814817
1 0.6504895833333334 0.6465648148148148 0.0050885416666666666 0.019592592592592592
1 0.6704114583333334 0.60025 0.019005208333333336 0.02783333333333333
1 0.684453125 0.6183518518518519 0.005432291666666667 0.01712037037037037
1 0.7241614583333333 0.5905925925925927 0.004515625 0.019657407407407408
1 0.7167447916666667 0.5593796296296296 0.017697916666666664 0.027
1 0.74071875 0.5636574074074074 0.004713541666666667 0.02148148148148148
1 0.7685520833333332 0.5455092592592592 0.004119791666666667 0.019777777777777776
1 0.77965625 0.5320185185185186 0.004338541666666667 0.017425925925925925
1 0.7740260416666668 0.5012407407407408 0.017052083333333336 0.023296296296296298
1 0.8138697916666667 0.49718518518518523 0.005510416666666667 0.016935185185185185
1 0.8181458333333332 0.43907407407407406 0.015088541666666667 0.019157407407407408
1 0.8295 0.4440277777777778 0.01546875 0.022027777777777778
1 0.83159375 0.46872222222222226 0.0060104166666666665 0.016888888888888887
1 0.8457291666666666 0.4523518518518519 0.0031354166666666666 0.012305555555555554
1 0.8439791666666667 0.47028703703703706 0.003921875 0.014148148148148148
1 0.8570625 0.4565277777777778 0.004546875000000001 0.01712962962962963
1 0.8804322916666667 0.432537037037037 0.004968749999999999 0.012537037037037036
1 0.8596614583333333 0.4161111111111111 0.012864583333333334 0.01838888888888889
1 0.896328125 0.3822407407407407 0.015057291666666667 0.014564814814814815
1 0.882765625 0.41783333333333333 0.004588541666666667 0.013027777777777779
1 0.902703125 0.4015740740740741 0.0062656249999999995 0.01863888888888889
1 0.9272447916666666 0.37099074074074073 0.004348958333333333 0.017842592592592594
1 0.9357760416666667 0.37496296296296294 0.003447916666666667 0.01525
1 0.94665625 0.3560277777777778 0.003119791666666667 0.013731481481481482
1 0.9464427083333333 0.33308333333333334 0.013119791666666667 0.014166666666666668