1 0.39032291666666663 0.8488611111111111 0.03405208333333333 0.027203703703703702
1 0.330578125 0.9365925925925925 0.0333125 0.03033333333333333
0 0.4623333333333333 0.7114259259259259 0.027895833333333335 0.021138888888888888
1 0.38594791666666667 0.886824074074074 0.031447916666666666 0.030435185185185183
1 0.44108854166666667 0.8145092592592592 0.029036458333333334 0.027138888888888886
1 0.46666145833333333 0.8243333333333334 0.030932291666666667 0.029555555555555557
1 0.43835416666666666 0.8453055555555555 0.031078125 0.02752777777777778
1 0.2820989583333333 0.9361666666666666 0.03532291666666666 0.03345370370370371
1 0.5848697916666666 0.7196388888888889 0.0253125 0.022805555555555555
1 0.33534375 0.8901296296296296 0.03824479166666667 0.04058333333333333
0 0.70040625 0.49899999999999994 0.019557291666666664 0.021796296296296296
1 0.49404687500000005 0.803861111111111 0.029723958333333335 0.025092592592592593
1 0.24663020833333332 0.990212962962963 0.02723958333333333 0.017694444444444443
0 0.7672916666666667 0.43989814814814815 0.015213541666666667 0.018305555555555554
1 0.47091666666666665 0.7891203703703704 0.031885416666666666 0.024935185185185185
1 0.5553072916666667 0.7466759259259259 0.020364583333333335 0.02861111111111111
1 0.35547395833333334 0.913074074074074 0.029567708333333335 0.028175925925925927
1 0.4085989583333333 0.8663148148148149 0.025869791666666666 0.021333333333333333
1 0.60625 0.693037037037037 0.02850520833333333 0.03267592592592593
0 0.344671875 0.7719537037037038 0.007401041666666667 0.017842592592592594
0 0.500390625 0.6417685185185186 0.006536458333333333 0.017750000000000002
0 0.661625 0.5050092592592592 0.005578125000000001 0.011444444444444445
0 0.7828541666666666 0.4214259259259259 0.011994791666666667 0.015499999999999998
0 0.7814218749999999 0.39714814814814814 0.004119791666666667 0.012462962962962964
0 0.7938072916666666 0.39620370370370367 0.005619791666666666 0.01551851851851852
0 0.9178385416666667 0.2808333333333333 0.004734375 0.01437962962962963
0 0.9476770833333333 0.2531759259259259 0.0040625 0.0125
1 0.914953125 0.3856388888888889 0.014546874999999999 0.01714814814814815
1 0.9296510416666667 0.37094444444444447 0.01165625 0.020425925925925924
1 0.9108333333333333 0.36815740740740743 0.010765625000000001 0.016833333333333332
1 0.8929895833333333 0.36215740740740743 0.013489583333333333 0.016694444444444446
1 0.8981770833333333 0.4028240740740741 0.014828125 0.02212037037037037
1 0.88671875 0.3899074074074074 0.015625 0.019703703703703706
1 0.87828125 0.4198611111111111 0.014822916666666667 0.018472222222222223
1 0.8711354166666666 0.40555555555555556 0.013072916666666667 0.01672222222222222
1 0.8660052083333334 0.39502777777777776 0.01534375 0.014527777777777777
1 0.8632760416666667 0.43916666666666665 0.013578125 0.017638888888888888
1 0.849671875 0.45969444444444446 0.014828125 0.020972222222222222
1 0.8429322916666667 0.43203703703703705 0.013557291666666667 0.017675925925925925
1 0.8480989583333333 0.409962962962963 0.01778645833333333 0.014101851851851852
1 0.8326666666666667 0.4679074074074074 0.013932291666666667 0.016833333333333332
1 0.822515625 0.47977777777777775 0.012916666666666667 0.01771296296296296
1 0.8093385416666667 0.49318518518518517 0.013880208333333333 0.017092592592592593
1 0.7974010416666667 0.5080833333333333 0.016364583333333335 0.018314814814814815
1 0.7796875 0.4984259259259259 0.016953125 0.01787037037037037
1 0.776859375 0.5246481481481482 0.017083333333333332 0.02115740740740741
1 0.7617395833333334 0.5421666666666667 0.017374999999999998 0.020759259259259262
1 0.7411145833333334 0.5355277777777778 0.014385416666666668 0.02462962962962963
1 0.7383489583333334 0.5101944444444444 0.014 0.02825
1 0.760515625 0.5144814814814814 0.01846875 0.026546296296296297
1 0.7608541666666666 0.4934814814814815 0.018500000000000003 0.01997222222222222
1 0.741921875 0.5646851851851852 0.021463541666666665 0.024083333333333335
1 0.720859375 0.5536574074074074 0.01952083333333333 0.023157407407407408
1 0.7201093749999999 0.5798240740740741 0.01609375 0.021777777777777778
1 0.695859375 0.5784444444444444 0.017421875 0.018444444444444447
1 0.700734375 0.6039907407407407 0.018791666666666665 0.022685185185185187
1 0.6778541666666666 0.6249444444444445 0.013880208333333333 0.01714814814814815
1 0.66378125 0.6076759259259259 0.01659375 0.019175925925925926
1 0.645828125 0.6061944444444445 0.016380208333333333 0.023083333333333334
1 0.68915625 0.5507314814814814 0.03680208333333333 0.0344537037037037
1 0.614484375 0.6184074074074074 0.04213541666666667 0.0526574074074074
1 0.5905677083333334 0.6509722222222222 0.016760416666666667 0.02575925925925926
1 0.615390625 0.6578240740740741 0.018786458333333332 0.024037037037037037
1 0.6366614583333334 0.669425925925926 0.021885416666666668 0.024398148148148148
1 0.6555520833333334 0.6472037037037037 0.019791666666666666 0.023944444444444445
1 0.56471875 0.6805648148148148 0.020791666666666667 0.026657407407407407
1 0.5701927083333334 0.7041111111111111 0.023265625 0.028546296296296295
1 0.5291666666666667 0.7053055555555555 0.040135416666666666 0.05612962962962963
1 0.5243541666666667 0.7472407407407408 0.02578645833333333 0.028009259259259258
1 0.5335208333333333 0.7688796296296296 0.018244791666666666 0.03125925925925926
1 0.5133072916666667 0.7839722222222223 0.018494791666666666 0.027731481481481482
1 0.4986979166666667 0.7683796296296297 0.021723958333333335 0.0245462962962963
1 0.28789583333333335 0.966212962962963 0.030901041666666667 0.03298148148148148
1 0.20670312500000002 0.9766851851851851 0.034078125 0.03481481481481482
1 0.370109375 0.8230277777777778 0.047447916666666666 0.054981481481481485
1 0.7796145833333333 0.46950925925925924 0.011661458333333334 0.022324074074074073
1 0.79415625 0.48348148148148146 0.016473958333333334 0.0205462962962963
1 0.8066875 0.4656666666666667 0.0145625 0.019777777777777776
1 0.8248958333333333 0.44932407407407404 0.011901041666666667 0.01737962962962963
1 0.8165208333333334 0.4297962962962963 0.031864583333333335 0.04290740740740741
1 0.9119270833333334 0.345787037037037 0.014932291666666668 0.017194444444444446
1 0.940078125 0.3200555555555556 0.015567708333333334 0.020027777777777776
1 0.9320104166666667 0.35191666666666666 0.013942708333333333 0.01687962962962963
1 0.9416979166666667 0.35785185185185187 0.0116875 0.020759259259259262
1 0.9536041666666667 0.3478611111111111 0.012624999999999999 0.020203703703703703