0 0.4736666666666667 0.7030833333333334 0.022916666666666665 0.025092592592592593
0 0.4179895833333333 0.7171666666666666 0.008291666666666666 0.02298148148148148
0 0.43632291666666667 0.6977407407407407 0.0062187499999999995 0.017342592592592593
0 0.3837083333333334 0.746 0.008708333333333334 0.02348148148148148
0 0.5646927083333334 0.636175925925926 0.044484375 0.062296296296296294
0 0.57475 0.5995370370370371 0.01678645833333333 0.010481481481481482
0 0.6031197916666666 0.5544259259259259 0.009505208333333333 0.015537037037037038
0 0.6515520833333334 0.5253981481481481 0.005776041666666666 0.013148148148148147
0 0.7525104166666666 0.4541574074074074 0.043291666666666666 0.0640462962962963
0 0.8454479166666666 0.3652407407407407 0.01690625 0.02323148148148148
0 0.7701822916666666 0.4075740740740741 0.004145833333333333 0.010694444444444446
0 0.8785208333333333 0.3307685185185185 0.007703125 0.012453703703703703
0 0.8994531250000001 0.30362962962962964 0.006510416666666667 0.012518518518518517
0 0.9380624999999999 0.2702407407407407 0.004942708333333334 0.016935185185185185
1 0.2702291666666667 0.9812685185185185 0.030677083333333334 0.03364814814814815
1 0.21753125 0.9856666666666667 0.03249479166666667 0.028675925925925924
1 0.25285416666666666 0.9607962962962964 0.031197916666666665 0.04476851851851852
1 0.22678125000000002 0.9561481481481482 0.034203125 0.03546296296296296
1 0.31415624999999997 0.921074074074074 0.027416666666666666 0.0342037037037037
1 0.3025260416666667 0.9605925925925927 0.031125 0.039074074074074074
1 0.3358072916666667 0.8976944444444445 0.026213541666666666 0.026490740740740742
1 0.3269322916666667 0.8813333333333334 0.024822916666666663 0.026675925925925926
1 0.35284895833333335 0.8622037037037037 0.023276041666666667 0.028981481481481483
1 0.364859375 0.8766388888888889 0.029203125 0.033990740740740745
1 0.39657291666666666 0.8812777777777777 0.03149479166666667 0.04386111111111111
1 0.3777760416666667 0.8413055555555555 0.026619791666666667 0.029296296296296296
1 0.404265625 0.8256111111111111 0.024494791666666668 0.024694444444444446
1 0.455625 0.8288055555555556 0.030802083333333334 0.04178703703703704
1 0.485390625 0.8108425925925926 0.027677083333333335 0.03113888888888889
1 0.4552864583333333 0.7794814814814816 0.027171875 0.03728703703703704
1 0.5260364583333333 0.7736759259259259 0.023875 0.03181481481481482
1 0.5513541666666666 0.7530648148148148 0.024911458333333334 0.028092592592592593
1 0.5883645833333334 0.7171851851851851 0.022364583333333334 0.0275
1 0.6204531249999999 0.6870555555555555 0.021046875 0.024666666666666667
1 0.6433020833333334 0.6652777777777777 0.020119791666666668 0.028564814814814817
1 0.6693854166666667 0.6358703703703704 0.019192708333333332 0.027148148148148147
1 0.7020468750000001 0.6023425925925926 0.018885416666666665 0.026694444444444444
1 0.6898229166666667 0.5806111111111111 0.0175 0.03067592592592593
1 0.7068437500000001 0.5721388888888889 0.013161458333333332 0.02675
1 0.7244166666666667 0.5511666666666667 0.01634375 0.027666666666666666
1 0.7366354166666667 0.5358425925925926 0.016010416666666666 0.02611111111111111
1 0.7488854166666666 0.5252777777777777 0.012609375 0.022583333333333334
1 0.7611249999999999 0.513175925925926 0.013958333333333333 0.02211111111111111
1 0.7722291666666667 0.5031851851851853 0.012427083333333333 0.02049074074074074
1 0.7831822916666666 0.4908055555555556 0.016348958333333333 0.022537037037037036
1 0.7970781250000001 0.4778148148148148 0.012234374999999999 0.01721296296296296
1 0.809203125 0.4680462962962963 0.012963541666666667 0.02062962962962963
1 0.8190104166666666 0.45590740740740743 0.013578125 0.01933333333333333
1 0.8329947916666666 0.44107407407407406 0.015317708333333334 0.01950925925925926
1 0.85271875 0.42512962962962964 0.017640625 0.021305555555555557
1 0.865453125 0.41247222222222224 0.013260416666666667 0.02124074074074074
1 0.8742812499999999 0.4014351851851852 0.012395833333333333 0.017546296296296296
1 0.9087864583333333 0.3705740740740741 0.011848958333333333 0.017814814814814815
1 0.9425572916666667 0.3198611111111111 0.020942708333333334 0.0205
1 0.9720052083333334 0.3105 0.015864583333333335 0.016314814814814817
1 0.9805364583333334 0.2970555555555556 0.009567708333333334 0.013916666666666666
1 0.9303229166666667 0.37875000000000003 0.007093749999999999 0.018861111111111113
1 0.8827239583333333 0.4265 0.00628125 0.01715740740740741
1 0.8594427083333334 0.45212962962962966 0.006765625 0.01864814814814815
1 0.8098645833333333 0.5043333333333333 0.006473958333333333 0.022796296296296297
1 0.666703125 0.6065185185185185 0.018098958333333335 0.023574074074074074
1 0.6464166666666666 0.6286759259259259 0.017338541666666665 0.02348148148148148
1 0.6265625 0.6111111111111112 0.04241145833333334 0.058777777777777776
1 0.6109583333333333 0.6601296296296297 0.019364583333333334 0.02362037037037037
1 0.5895260416666667 0.6832592592592592 0.023057291666666667 0.02462037037037037
1 0.5921822916666667 0.6528055555555555 0.023765625000000002 0.03270370370370371
1 0.5636666666666666 0.6839259259259259 0.0179375 0.026055555555555557
1 0.5446093750000001 0.694037037037037 0.02015625 0.0302037037037037
1 0.5517395833333333 0.7237314814814815 0.023276041666666667 0.030657407407407408
1 0.508140625 0.7189537037037037 0.0549375 0.07237962962962963
1 0.4788229166666667 0.7639814814814815 0.017744791666666666 0.02049074074074074
1 0.42452083333333335 0.8058333333333333 0.022828124999999998 0.021111111111111112
1 0.35951041666666667 0.9135740740740741 0.024979166666666667 0.036814814814814814
1 0.33346875 0.934712962962963 0.02628125 0.03496296296296296
1 0.17756770833333332 0.9875555555555555 0.02628125 0.02489814814814815