0 0.4354791666666667 0.7134351851851852 0.025489583333333333 0.022935185185185183
0 0.40678125 0.7477407407407407 0.031322916666666666 0.030731481481481478
0 0.82484375 0.3837962962962963 0.013744791666666667 0.015074074074074075
1 0.40040624999999996 0.8668796296296296 0.024427083333333332 0.019749999999999997
1 0.2431875 0.9754259259259259 0.037375000000000005 0.03551851851851852
1 0.49820312499999997 0.7963425925925925 0.03241666666666667 0.029249999999999998
1 0.40384375 0.8036944444444445 0.070609375 0.06883333333333333
0 0.6755625 0.5199907407407408 0.019359375 0.022583333333333334
1 0.6049895833333333 0.7022499999999999 0.02365625 0.024462962962962964
0 0.609375 0.5586574074074074 0.007322916666666667 0.020925925925925928
1 0.34453645833333335 0.9221666666666667 0.028885416666666667 0.040407407407407406
1 0.344671875 0.885537037037037 0.027609375 0.02422222222222222
0 0.6782916666666666 0.4952314814814815 0.00703125 0.01888888888888889
1 0.521859375 0.775712962962963 0.030411458333333332 0.026083333333333333
1 0.4535885416666667 0.8354814814814815 0.027817708333333333 0.025203703703703704
0 0.2792760416666667 0.8266481481481481 0.031104166666666665 0.026416666666666668
0 0.5533020833333333 0.602 0.00425 0.013148148148148147
0 0.5915260416666667 0.6012777777777778 0.019161458333333332 0.021074074074074075
0 0.7480677083333334 0.43539814814814815 0.005229166666666666 0.014388888888888889
0 0.7897083333333333 0.40161111111111114 0.0049947916666666665 0.013999999999999999
0 0.8819010416666667 0.3076481481481481 0.004776041666666666 0.015175925925925926
0 0.9226302083333333 0.2836574074074074 0.0051875 0.01563888888888889
1 0.4619479166666667 0.7499629629629629 0.05275520833333334 0.07777777777777778
1 0.51253125 0.7119629629629629 0.04916666666666667 0.07523148148148148
1 0.5571927083333333 0.6752962962962964 0.02225520833333333 0.033157407407407406
1 0.5840520833333334 0.7178240740740741 0.02216145833333333 0.027138888888888886
1 0.5923645833333333 0.6836296296296297 0.01871875 0.027944444444444445
1 0.5706249999999999 0.7015740740740741 0.017364583333333336 0.029453703703703704
1 0.5454166666666667 0.7548333333333334 0.02188020833333333 0.026564814814814815
1 0.5503750000000001 0.7203148148148149 0.017437499999999998 0.029416666666666667
1 0.45666666666666667 0.8028703703703703 0.029869791666666666 0.02737962962962963
1 0.3744427083333333 0.8988703703703703 0.025411458333333335 0.03542592592592592
1 0.36836979166666667 0.8482037037037037 0.02453125 0.03514814814814815
1 0.31178645833333335 0.897425925925926 0.028697916666666667 0.036703703703703704
1 0.28072395833333336 0.9423240740740741 0.028729166666666663 0.04072222222222222
1 0.31802604166666665 0.9469074074074074 0.028614583333333332 0.03624074074074074
1 0.4140052083333333 0.8359351851851852 0.025421875 0.02846296296296296
1 0.5658854166666667 0.7410925925925926 0.020619791666666668 0.03216666666666667
1 0.6250885416666667 0.6771388888888888 0.022546875 0.02925925925925926
1 0.5858125 0.6563796296296296 0.019953125000000002 0.03083333333333333
1 0.6099114583333333 0.6584351851851852 0.022859375 0.021018518518518516
1 0.646109375 0.6555740740740741 0.022494791666666666 0.026101851851851852
1 0.6332395833333333 0.6405462962962962 0.021010416666666667 0.02825
1 0.6826145833333332 0.6215648148148147 0.020244791666666664 0.02626851851851852
1 0.7148125000000001 0.5897129629629629 0.018666666666666668 0.02213888888888889
1 0.6532604166666667 0.6211018518518518 0.021458333333333336 0.02086111111111111
1 0.6377708333333333 0.6060462962962962 0.017593750000000002 0.023074074074074077
1 0.6221875 0.6251296296296296 0.017098958333333334 0.023592592592592592
1 0.6029791666666667 0.6416851851851851 0.019182291666666667 0.02475
1 0.7685625 0.5046574074074074 0.0163125 0.01825925925925926
1 0.7820677083333333 0.518712962962963 0.018026041666666666 0.019740740740740743
1 0.7690260416666667 0.5344259259259259 0.01756770833333333 0.017694444444444443
1 0.7451927083333333 0.5593333333333333 0.016515625 0.016944444444444446
1 0.7295833333333334 0.575675925925926 0.015390625 0.022083333333333333
1 0.7585416666666667 0.5504166666666667 0.015177083333333334 0.02100925925925926
1 0.8127291666666667 0.4924537037037037 0.013333333333333334 0.02112962962962963
1 0.7955520833333334 0.5036111111111111 0.018578125 0.022509259259259257
1 0.8228958333333334 0.47799074074074077 0.01690625 0.02137037037037037
1 0.8370572916666668 0.4679537037037037 0.015755208333333333 0.01962962962962963
1 0.8007864583333333 0.4495462962962963 0.018385416666666664 0.02535185185185185
1 0.7845156249999999 0.4670740740740741 0.016473958333333334 0.018555555555555554
1 0.7680625 0.4833611111111111 0.017447916666666667 0.020055555555555556
1 0.8240833333333334 0.4503888888888889 0.01642708333333333 0.02687037037037037
1 0.83671875 0.4144259259259259 0.0164375 0.022953703703703702
1 0.8564479166666668 0.4456481481481482 0.015135416666666667 0.019212962962962963
1 0.97221875 0.28783333333333333 0.013104166666666667 0.016416666666666666
0 0.9638802083333334 0.25887037037037036 0.013546875000000002 0.013574074074074073
1 0.9274427083333333 0.3312685185185185 0.012713541666666666 0.016416666666666666
1 0.9607447916666667 0.3185648148148148 0.009411458333333334 0.01510185185185185
1 0.9413125 0.36239814814814814 0.011927083333333333 0.016537037037037038
1 0.9340468749999999 0.37092592592592594 0.01059375 0.019657407407407408
1 0.9267708333333334 0.3790648148148148 0.010302083333333333 0.018805555555555555
1 0.915796875 0.3859166666666667 0.011182291666666667 0.017925925925925925
1 0.8764010416666667 0.4280277777777778 0.011567708333333334 0.014648148148148148
1 0.6868802083333333 0.5630648148148149 0.013645833333333333 0.021648148148148146
1 0.6703072916666667 0.5757037037037037 0.017265625 0.029750000000000002
1 0.6685989583333334 0.6016111111111111 0.014177083333333333 0.011166666666666667
1 0.65615625 0.58875 0.01278125 0.018074074074074072
1 0.6841145833333333 0.5927314814814815 0.015640625000000002 0.025472222222222222
1 0.70365625 0.5443055555555556 0.012822916666666666 0.01674074074074074
1 0.737359375 0.5116666666666667 0.017140625 0.020703703703703703
1 0.7232083333333333 0.5277685185185186 0.013942708333333333 0.01800925925925926
1 0.7531927083333334 0.49998148148148147 0.013067708333333334 0.020231481481481482
1 0.7401354166666666 0.5337037037037037 0.014651041666666666 0.018990740740740742
1 0.7121979166666667 0.5610555555555556 0.019348958333333333 0.025064814814814814