1 0.6675156250000001 0.5708981481481482 0.04933333333333333 0.057962962962962966
1 0.6470729166666668 0.6576018518518519 0.023255208333333333 0.03776851851851852
1 0.725875 0.5888055555555555 0.006557291666666667 0.019203703703703702
1 0.7613177083333333 0.54625 0.018583333333333334 0.02336111111111111
1 0.780453125 0.4933703703703704 0.016447916666666666 0.024314814814814817
1 0.8003750000000001 0.4441388888888889 0.029161458333333334 0.03871296296296296
1 0.8147135416666667 0.48813888888888896 0.018020833333333333 0.028203703703703703
1 0.8380520833333333 0.43587037037037035 0.016697916666666666 0.025249999999999998
1 0.864796875 0.44003703703703706 0.014296874999999999 0.024342592592592593
1 0.8967968749999999 0.41309259259259257 0.007697916666666666 0.024833333333333332
1 0.925625 0.3773796296296296 0.015838541666666667 0.02421296296296296
1 0.9448020833333334 0.3652222222222222 0.004609375 0.016314814814814817
1 0.9428489583333334 0.3382222222222222 0.013989583333333333 0.016694444444444446
1 0.987 0.2725092592592593 0.022651041666666667 0.031990740740740736
1 0.5108802083333334 0.7567037037037038 0.02040625 0.025666666666666664
1 0.47842708333333334 0.7508611111111111 0.06181770833333333 0.08065740740740741
1 0.4046458333333333 0.799074074074074 0.08553645833333333 0.11227777777777778
1 0.30495833333333333 0.8548055555555556 0.10228645833333333 0.08126851851851852
1 0.10988020833333333 0.9469907407407407 0.12741666666666665 0.09122222222222222
1 0.013416666666666667 0.9653148148148147 0.026838541666666667 0.06937037037037037
0 0.6414687499999999 0.5281851851851852 0.006270833333333333 0.020064814814814817
0 0.7057552083333333 0.46755555555555556 0.005567708333333333 0.015759259259259258
0 0.7786145833333333 0.4265185185185185 0.01565625 0.01988888888888889
0 0.9138541666666666 0.30594444444444446 0.011989583333333333 0.015759259259259258
0 0.935546875 0.2731203703703704 0.009203125000000001 0.016805555555555553
0 0.967890625 0.24044444444444446 0.012130208333333333 0.01300925925925926
0 0.9521875000000001 0.25737037037037036 0.013630208333333334 0.013