0 0.3308177083333333 0.7935833333333334 0.07230729166666668 0.05899074074074074
1 0.7053697916666667 0.5331851851851852 0.050328124999999994 0.048018518518518516
0 0.8823802083333334 0.33240740740740743 0.018135416666666668 0.019092592592592595
0 0.5752708333333333 0.5915555555555555 0.021484375 0.022203703703703705
0 0.8082604166666666 0.39237962962962963 0.018229166666666668 0.016166666666666666
1 0.6297760416666667 0.6454444444444445 0.022953125 0.023287037037037037
0 0.6556510416666667 0.5313611111111111 0.020005208333333333 0.015935185185185188
0 0.5633125 0.6226944444444444 0.020244791666666664 0.02263888888888889
0 0.4846822916666667 0.687037037037037 0.02219270833333333 0.02061111111111111
0 0.40906770833333334 0.7305370370370371 0.007598958333333333 0.023203703703703702
0 0.6222395833333334 0.5429907407407407 0.006093749999999999 0.023796296296296295
1 0.22013020833333333 0.9695462962962962 0.03209375 0.036000000000000004
1 0.41435937500000003 0.8341018518518519 0.027307291666666667 0.028638888888888887
1 0.4799947916666667 0.7825925925925926 0.023677083333333335 0.026435185185185187
1 0.4365729166666667 0.8580648148148149 0.0076614583333333335 0.029277777777777778
1 0.44771875 0.8442222222222222 0.007270833333333334 0.021055555555555553
1 0.46396875000000004 0.8387407407407408 0.008015625 0.021916666666666668
1 0.4909375 0.8171759259259259 0.010401041666666666 0.021194444444444446
1 0.5030989583333334 0.7895092592592592 0.007197916666666667 0.022185185185185186
1 0.5204687499999999 0.7908888888888889 0.00765625 0.02425
1 0.6827291666666666 0.6202407407407408 0.007765625 0.019490740740740743
1 0.6951406250000001 0.611037037037037 0.005234375 0.021249999999999998
1 0.7057760416666666 0.60825 0.007432291666666666 0.02609259259259259
1 0.6499947916666666 0.6537962962962963 0.004401041666666666 0.02124074074074074
1 0.7492656249999999 0.5514444444444444 0.00571875 0.018194444444444444
1 0.70603125 0.5721388888888889 0.019281250000000003 0.020388888888888887
1 0.7630625 0.5443240740740741 0.004328125 0.022712962962962963
1 0.7669166666666667 0.505537037037037 0.017744791666666666 0.020231481481481482
1 0.788265625 0.5214537037037037 0.004380208333333333 0.018694444444444444
1 0.806421875 0.49626851851851855 0.004046875 0.016305555555555556
1 0.8661718749999999 0.4377962962962963 0.004234375 0.026601851851851852
1 0.8860677083333334 0.42350925925925925 0.004333333333333333 0.017499999999999998
1 0.92459375 0.38346296296296295 0.0031562499999999998 0.016657407407407405
1 0.9675885416666666 0.339212962962963 0.009864583333333335 0.024120370370370372
1 0.945234375 0.33581481481481484 0.013114583333333334 0.018712962962962962
1 0.9847083333333334 0.2947037037037037 0.012395833333333333 0.012296296296296296
1 0.997359375 0.3121574074074074 0.0027447916666666666 0.013824074074074074
0 0.9335677083333334 0.29181481481481486 0.025500000000000002 0.03153703703703704
0 0.975 0.2506481481481481 0.013421875 0.011796296296296296
0 0.8361197916666666 0.3571944444444444 0.013489583333333333 0.017666666666666664
0 0.69040625 0.5123518518518518 0.03739583333333333 0.049157407407407414