1 0.29369791666666667 0.8519166666666668 0.08650520833333333 0.06510185185185186
0 0.06929166666666667 0.897361111111111 0.043229166666666666 0.027370370370370368
1 0.4345989583333333 0.8502037037037037 0.026734374999999998 0.02788888888888889
1 0.5024375 0.7923240740740741 0.0271875 0.023777777777777776
1 0.622046875 0.6261944444444444 0.025067708333333334 0.024009259259259258
1 0.48751041666666667 0.7791759259259259 0.027744791666666668 0.023166666666666665
1 0.664296875 0.64675 0.02372916666666667 0.018444444444444447
1 0.8476822916666666 0.4563611111111111 0.022515624999999997 0.01626851851851852
1 0.6148906249999999 0.5908333333333333 0.044890624999999997 0.05447222222222222
1 0.6964739583333334 0.5577777777777777 0.023276041666666667 0.018305555555555554
1 0.8288489583333334 0.48056481481481483 0.019765625000000002 0.018175925925925925
1 0.5083697916666667 0.6811481481481482 0.05543229166666667 0.06515740740740741
1 0.37194791666666666 0.8409537037037037 0.028348958333333334 0.02540740740740741
1 0.40354687499999997 0.825425925925926 0.03175 0.027185185185185184
1 0.463921875 0.827388888888889 0.02834375 0.02637037037037037
1 0.9818333333333332 0.25658333333333333 0.0308125 0.03774074074074074
1 0.199953125 0.9798518518518519 0.03459375 0.03565740740740741
1 0.5077916666666666 0.7635833333333333 0.030312500000000003 0.02474074074074074
1 0.32367708333333334 0.9018981481481481 0.03791666666666667 0.023037037037037036
1 0.5465520833333334 0.754925925925926 0.030640624999999998 0.03253703703703704
1 0.6052083333333333 0.7020740740740741 0.026015625 0.025944444444444444
1 0.6952812500000001 0.5804166666666667 0.02002083333333333 0.017287037037037038
1 0.35918229166666665 0.88025 0.03409375 0.03899074074074074
1 0.5772083333333333 0.7241574074074074 0.027411458333333336 0.023675925925925927
1 0.6598489583333333 0.6128425925925925 0.023192708333333333 0.024944444444444446
1 0.3325833333333333 0.9314814814814815 0.03399479166666666 0.03213888888888889
1 0.4431510416666667 0.8178518518518518 0.04052083333333333 0.03751851851851852
1 0.6812864583333333 0.6227962962962963 0.023286458333333333 0.020953703703703704
1 0.808375 0.46829629629629627 0.019817708333333333 0.014324074074074074
1 0.6672864583333333 0.5830925925925926 0.023770833333333335 0.01685185185185185
1 0.7436406249999999 0.5318518518518518 0.0274375 0.02412962962962963
1 0.797484375 0.5065740740740741 0.02344791666666667 0.019462962962962963
1 0.717375 0.5332314814814815 0.024385416666666666 0.02450925925925926
1 0.7131041666666668 0.5640277777777778 0.024697916666666667 0.015351851851851851
1 0.7852916666666666 0.4663981481481481 0.021020833333333332 0.020796296296296295
1 0.9473645833333334 0.33162962962962966 0.01803125 0.015398148148148147
1 0.7450885416666666 0.505287037037037 0.021338541666666665 0.015240740740740742
1 0.7706927083333334 0.5093055555555556 0.021041666666666667 0.014407407407407409
1 0.29159375 0.9653518518518518 0.028520833333333332 0.033166666666666664
1 0.24703125 0.9655648148148147 0.030828124999999998 0.03983333333333334
1 0.21444791666666668 0.9895092592592594 0.029890625 0.020981481481481483
1 0.24481250000000002 0.9947222222222222 0.02900520833333333 0.010555555555555556
1 0.25975000000000004 0.9339351851851851 0.026890625 0.024555555555555556
1 0.275734375 0.9470092592592593 0.027786458333333333 0.028453703703703703
1 0.30442708333333335 0.9206481481481481 0.021630208333333335 0.028583333333333336
1 0.3291354166666667 0.9036296296296296 0.024234375 0.025833333333333333
1 0.38728125 0.8600277777777778 0.023713541666666667 0.028333333333333335
1 0.39486979166666664 0.8821203703703704 0.0273125 0.03287037037037037
1 0.415109375 0.8410555555555556 0.022557291666666666 0.024907407407407406
1 0.43696875 0.7920185185185186 0.024859375 0.03484259259259259
1 0.457953125 0.7734722222222222 0.025135416666666667 0.024185185185185185
1 0.47828645833333333 0.7585 0.019265625 0.02691666666666667
1 0.501515625 0.7345925925925926 0.025229166666666667 0.03543518518518519
1 0.5073020833333334 0.7595555555555557 0.023036458333333332 0.02415740740740741
1 0.5221822916666666 0.7401666666666666 0.017921874999999997 0.022231481481481484
1 0.5540937499999999 0.7101018518518518 0.01941666666666667 0.026074074074074076
1 0.5400885416666666 0.7290185185185185 0.017890625 0.023574074074074074
1 0.5701354166666667 0.7014444444444444 0.014104166666666666 0.020759259259259262
1 0.5645677083333334 0.6786666666666668 0.015421875 0.02236111111111111
1 0.5463489583333333 0.6939074074074074 0.019140625 0.029453703703703704
1 0.5852343750000001 0.6831296296296296 0.018979166666666665 0.023111111111111114
1 0.5810833333333334 0.6613425925925925 0.018098958333333335 0.02186111111111111
1 0.599828125 0.6431388888888889 0.01882291666666667 0.0185
1 0.6034270833333333 0.6661944444444444 0.019770833333333335 0.028962962962962965
1 0.6258385416666666 0.6752037037037038 0.021927083333333333 0.03212962962962963
1 0.6256406250000001 0.6471388888888888 0.019192708333333332 0.024259259259259258
1 0.6461458333333333 0.6584722222222222 0.016401041666666664 0.026518518518518518
1 0.6803906249999999 0.5926203703703703 0.017026041666666665 0.02325925925925926
1 0.7068177083333332 0.5972685185185185 0.01992708333333333 0.022166666666666668
1 0.7385572916666666 0.5621296296296296 0.017213541666666665 0.02575925925925926
1 0.7244427083333334 0.5475277777777778 0.013713541666666666 0.020685185185185185
1 0.7565000000000001 0.5448703703703704 0.016838541666666665 0.020194444444444442
1 0.7701197916666668 0.5310648148148148 0.01403125 0.019314814814814816
1 0.7517708333333334 0.5240555555555556 0.013130208333333334 0.014574074074074074
1 0.7395052083333333 0.5334722222222222 0.015791666666666666 0.018935185185185183
1 0.76825 0.4863055555555556 0.016515625 0.01852777777777778
1 0.7820104166666667 0.4906203703703704 0.016135416666666666 0.01712037037037037
1 0.8258541666666667 0.4491759259259259 0.013442708333333333 0.02
1 0.80621875 0.44902777777777775 0.014083333333333333 0.019712962962962963
1 0.8388541666666666 0.4379166666666667 0.012505208333333333 0.014555555555555556
1 0.8261197916666667 0.42412037037037037 0.016119791666666668 0.024833333333333332
1 0.8505729166666666 0.4245555555555555 0.015380208333333334 0.021620370370370373
1 0.8402864583333333 0.4135462962962963 0.0119375 0.019648148148148147
1 0.8600937500000001 0.41458333333333336 0.013036458333333334 0.02135185185185185
1 0.8704166666666667 0.4042777777777778 0.011604166666666667 0.018546296296296297
1 0.8826822916666667 0.41753703703703704 0.012338541666666668 0.018351851851851852
1 0.8665 0.43392592592592594 0.012963541666666667 0.01735185185185185
1 0.8960729166666667 0.4068888888888889 0.01375 0.01746296296296296
1 0.8812864583333333 0.39662962962962967 0.008244791666666666 0.012537037037037036
1 0.9051510416666667 0.3987037037037037 0.012505208333333333 0.014083333333333335
1 0.9124010416666667 0.3861851851851852 0.011791666666666667 0.024333333333333335
1 0.8902864583333333 0.37039814814814814 0.0105 0.014287037037037037
1 0.87565625 0.3780833333333333 0.008854166666666666 0.017027777777777777
1 0.89925 0.37725000000000003 0.008859375000000001 0.014981481481481481
1 0.9355104166666667 0.3681759259259259 0.012140624999999999 0.01651851851851852
1 0.9472552083333333 0.35436111111111107 0.013083333333333334 0.01599074074074074
1 0.9196510416666667 0.3582407407407407 0.012536458333333333 0.020398148148148148
1 0.9057083333333333 0.3510648148148148 0.0136875 0.02350925925925926
1 0.9236562500000001 0.33494444444444443 0.011343750000000001 0.014287037037037037
1 0.9357500000000001 0.3411018518518518 0.009010416666666667 0.014342592592592593
1 0.9569114583333334 0.3447592592592592 0.011734375 0.01237962962962963
1 0.9496614583333333 0.3123703703703704 0.009057291666666667 0.016648148148148148
1 0.96140625 0.3187037037037037 0.013807291666666667 0.013351851851851853
1 0.9386927083333333 0.3224814814814815 0.00821875 0.015703703703703706
1 0.9707604166666666 0.30666666666666664 0.0095 0.01563888888888889
1 0.9605520833333333 0.3021388888888889 0.009541666666666667 0.01622222222222222
1 0.9812083333333333 0.29680555555555554 0.009093750000000001 0.01597222222222222
1 0.9857604166666667 0.3177962962962963 0.007697916666666666 0.01338888888888889
1 0.9754114583333333 0.3244814814814815 0.0077239583333333335 0.014148148148148148
1 0.9679739583333333 0.33468518518518514 0.012697916666666666 0.01487962962962963
1 0.9905520833333333 0.28841666666666665 0.011270833333333334 0.01439814814814815
1 0.9737864583333333 0.2919722222222222 0.011369791666666665 0.015203703703703705
1 0.978453125 0.28350000000000003 0.010203125 0.00901851851851852
1 0.989078125 0.30846296296296294 0.011505208333333333 0.010324074074074074
0 0.4691822916666667 0.6706296296296296 0.00478125 0.026907407407407408
0 0.5021822916666667 0.6394814814814814 0.0060260416666666665 0.01753703703703704
0 0.558984375 0.5947222222222222 0.0069479166666666665 0.02390740740740741
0 0.6444635416666666 0.5228796296296296 0.006895833333333334 0.021555555555555557
0 0.6753125 0.48806481481481484 0.0071875 0.018537037037037036
0 0.7106041666666666 0.46871296296296294 0.014708333333333332 0.022805555555555555
0 0.7359375 0.46531481481481485 0.015869791666666667 0.019740740740740743
0 0.75984375 0.4155277777777778 0.006932291666666667 0.017296296296296296
0 0.78953125 0.3973333333333333 0.005348958333333333 0.0195
0 0.8129895833333334 0.37138888888888894 0.004307291666666667 0.016175925925925923
0 0.8924947916666667 0.30416666666666664 0.004296875 0.018083333333333333
0 0.9558645833333334 0.2472777777777778 0.005390625 0.015759259259259258