0 0.5123802083333333 0.6626851851851853 0.0219375 0.025203703703703704
1 0.4950260416666667 0.7665555555555555 0.025427083333333333 0.028305555555555556
1 0.42657291666666663 0.8277314814814816 0.02273958333333333 0.030416666666666668
0 0.5747708333333333 0.5927407407407407 0.021479166666666667 0.024398148148148148
1 0.991140625 0.28664814814814815 0.01634375 0.02487037037037037
0 0.550296875 0.6322592592592593 0.021348958333333334 0.020083333333333335
0 0.3037604166666667 0.7977314814814814 0.011453125 0.01762962962962963
1 0.5157291666666667 0.7872037037037036 0.011239583333333332 0.020166666666666666
1 0.5436875000000001 0.7645833333333333 0.012302083333333333 0.030416666666666668
1 0.8845781250000001 0.4137962962962963 0.008624999999999999 0.019296296296296298
1 0.8935833333333334 0.41503703703703704 0.007369791666666667 0.018574074074074073
0 0.5434791666666666 0.6113981481481481 0.011098958333333332 0.02060185185185185
0 0.47689583333333335 0.6909907407407407 0.04645833333333334 0.06259259259259259
0 0.5590468749999999 0.5946851851851852 0.003947916666666666 0.015592592592592592
1 0.6026197916666667 0.7068703703703704 0.008723958333333334 0.025814814814814815
1 0.4418489583333333 0.8613055555555555 0.007947916666666667 0.014148148148148148
1 0.44123437499999996 0.846037037037037 0.005005208333333333 0.011194444444444444
1 0.44930729166666666 0.8373796296296296 0.0034895833333333333 0.01837037037037037
1 0.47069791666666666 0.8322962962962963 0.0049479166666666664 0.01586111111111111
1 0.6335833333333334 0.6785925925925926 0.004786458333333333 0.01998148148148148
1 0.6615885416666667 0.6466481481481482 0.008270833333333333 0.01425925925925926
1 0.6910572916666666 0.6124537037037038 0.006494791666666667 0.017833333333333336
1 0.698796875 0.6200462962962963 0.007302083333333333 0.013870370370370371
1 0.709046875 0.5907222222222223 0.004588541666666667 0.011870370370370371
1 0.7171354166666667 0.6048333333333333 0.00765625 0.01713888888888889
1 0.7267395833333333 0.5755462962962963 0.0030833333333333333 0.009842592592592594
1 0.7311041666666667 0.5889722222222222 0.0038229166666666667 0.012962962962962963
1 0.7411822916666666 0.5633981481481481 0.004338541666666667 0.016157407407407405
1 0.7484531249999999 0.572675925925926 0.007447916666666667 0.021703703703703704
1 0.75759375 0.5572777777777778 0.00725 0.012916666666666667
1 0.7575052083333333 0.5411851851851852 0.00484375 0.011527777777777777
1 0.7694635416666666 0.5373796296296296 0.008484374999999999 0.016935185185185185
1 0.7823281249999999 0.5334814814814814 0.007729166666666666 0.02598148148148148
1 0.8137291666666666 0.5005277777777778 0.010364583333333333 0.016712962962962964
1 0.829796875 0.4689814814814815 0.007989583333333333 0.024037037037037037
1 0.8385729166666667 0.47250000000000003 0.008473958333333333 0.01576851851851852
1 0.8581979166666667 0.44932407407407404 0.008822916666666668 0.019166666666666665
1 0.8778229166666667 0.4356481481481482 0.0050104166666666665 0.013259259259259259
1 0.9267291666666666 0.37096296296296294 0.006078125 0.017324074074074075
1 0.9548958333333334 0.3501111111111111 0.006166666666666667 0.023166666666666665
1 0.9678489583333333 0.3338888888888889 0.0085 0.01803703703703704