0 0.6334062500000001 0.5642037037037038 0.03980729166666667 0.05109259259259259
0 0.5656770833333333 0.6165185185185186 0.022401041666666666 0.02760185185185185
1 0.5053593749999999 0.7960833333333334 0.029838541666666666 0.03560185185185186
1 0.46610416666666665 0.7965833333333333 0.029203125 0.030666666666666665
0 0.599859375 0.5863703703703703 0.022291666666666664 0.02560185185185185
0 0.5054531250000001 0.6716388888888889 0.024333333333333332 0.027305555555555555
0 0.8649270833333333 0.3557777777777778 0.011276041666666665 0.02599074074074074
0 0.7552135416666667 0.43583333333333335 0.015994791666666668 0.022453703703703705
0 0.8584270833333334 0.35462962962962963 0.012838541666666667 0.02412962962962963
1 0.7297864583333333 0.5449629629629629 0.018364583333333333 0.025879629629629627
1 0.6557708333333333 0.6139166666666667 0.022479166666666665 0.029157407407407406
0 0.9307864583333333 0.29036111111111107 0.02938020833333333 0.05114814814814815