1 0.36057291666666663 0.8782592592592593 0.034140625 0.033990740740740745
0 0.54821875 0.64 0.02140625 0.02112962962962963
1 0.2613489583333333 0.9492962962962963 0.031109374999999998 0.03565740740740741
1 0.6376875 0.6314351851851853 0.017479166666666667 0.025796296296296296
1 0.8077395833333333 0.46746296296296297 0.017109375 0.02450925925925926
1 0.8150364583333333 0.4951851851851851 0.005604166666666666 0.014990740740740742
1 0.836421875 0.47453703703703703 0.0060625 0.013935185185185186
1 0.873125 0.40149074074074076 0.01758854166666667 0.018824074074074073
1 0.9152760416666667 0.3567592592592593 0.015630208333333333 0.028185185185185185
1 0.9631927083333333 0.3467037037037037 0.006786458333333333 0.014481481481481482
0 0.9308645833333333 0.28824074074074074 0.01296875 0.015592592592592592
0 0.9578802083333334 0.2550925925925926 0.024041666666666666 0.037592592592592594
0 0.8809947916666666 0.3184259259259259 0.004875 0.015342592592592593
0 0.861875 0.3290370370370371 0.0057083333333333335 0.01237962962962963
0 0.7897760416666666 0.39349074074074075 0.0049375 0.015453703703703706
0 0.7723958333333333 0.40714814814814815 0.0047708333333333335 0.014175925925925927
0 0.7579895833333333 0.421 0.004526041666666666 0.013324074074074075
0 0.6447239583333333 0.5269166666666667 0.004479166666666667 0.011935185185185186
0 0.608515625 0.5514351851851852 0.005802083333333334 0.016453703703703703
0 0.5834010416666667 0.5974907407407407 0.006260416666666667 0.025037037037037035
0 0.5626822916666666 0.606925925925926 0.007828125 0.01863888888888889
0 0.5002395833333334 0.6697685185185185 0.005354166666666666 0.016277777777777776
0 0.48897395833333335 0.6630833333333334 0.007182291666666666 0.02049074074074074
0 0.4579583333333333 0.6991666666666667 0.00553125 0.023425925925925926
0 0.4234791666666667 0.7132870370370371 0.004630208333333333 0.0165
0 0.41938020833333334 0.7269074074074073 0.006635416666666667 0.015148148148148148
0 0.089671875 0.8825740740740741 0.010755208333333332 0.01325