1 0.24941145833333334 0.9553796296296296 0.03663541666666667 0.047064814814814816
0 0.9695364583333334 0.25653703703703706 0.011317708333333334 0.01930555555555556
0 0.8725 0.33032407407407405 0.006427083333333333 0.01591666666666667
0 0.22890104166666667 0.8355277777777778 0.010072916666666666 0.02123148148148148
0 0.25004166666666666 0.8190555555555556 0.009765625 0.022796296296296297
0 0.3173229166666667 0.7961481481481482 0.012833333333333334 0.021518518518518517
0 0.40946875 0.7275555555555555 0.006765625 0.02236111111111111
1 0.45813020833333334 0.7649351851851852 0.062921875 0.08208333333333334
0 0.43319270833333334 0.7082499999999999 0.0066145833333333326 0.021611111111111112
0 0.5447395833333334 0.6058703703703704 0.006786458333333333 0.025027777777777777
0 0.556765625 0.6271481481481482 0.019255208333333333 0.023055555555555555
0 0.5879270833333333 0.5821018518518518 0.00515625 0.016444444444444446
0 0.6010416666666667 0.5568425925925926 0.007104166666666667 0.018250000000000002
0 0.6321093750000001 0.5312962962962963 0.006958333333333333 0.013916666666666666
0 0.6532864583333333 0.5611296296296296 0.017838541666666666 0.018805555555555555
0 0.6512343749999999 0.5395925925925926 0.018807291666666667 0.01938888888888889
0 0.6999427083333334 0.4972777777777777 0.015942708333333333 0.01824074074074074
0 0.6995729166666667 0.46876851851851853 0.006661458333333333 0.016898148148148148
0 0.8776770833333334 0.31589814814814815 0.004880208333333333 0.010611111111111111
0 0.9004010416666667 0.30114814814814816 0.0064062500000000005 0.012277777777777778
0 0.9204947916666666 0.27849999999999997 0.0069166666666666664 0.01597222222222222
0 0.9843385416666667 0.21798148148148147 0.006348958333333333 0.009592592592592592
1 0.92003125 0.38734259259259257 0.008703125 0.01950925925925926
1 0.7962135416666667 0.5173703703703704 0.008348958333333333 0.024981481481481483
1 0.606390625 0.7071759259259259 0.010401041666666666 0.029138888888888888
1 0.5193645833333334 0.7795185185185185 0.015661458333333333 0.02447222222222222