0 0.6493072916666667 0.5440925925925926 0.021468749999999998 0.02699074074074074
0 0.6105677083333333 0.5813333333333334 0.023072916666666665 0.025027777777777777
0 0.38699479166666667 0.7579907407407407 0.02646875 0.02801851851851852
1 0.39867708333333335 0.8028333333333333 0.073796875 0.08912037037037036
1 0.83128125 0.4490092592592593 0.013427083333333334 0.02675
1 0.6379947916666667 0.6166759259259259 0.026239583333333334 0.03509259259259259
0 0.7902760416666667 0.41332407407407407 0.021859375 0.027675925925925927
1 0.2939322916666667 0.9254722222222223 0.03725520833333333 0.040074074074074074
0 0.9072552083333334 0.2931388888888889 0.007947916666666667 0.01862037037037037
1 0.6827864583333334 0.5906574074074074 0.017151041666666665 0.03133333333333334
1 0.765078125 0.5043055555555556 0.01821875 0.032490740740740744
1 0.803359375 0.4654351851851852 0.014859375000000001 0.024712962962962964
1 0.8826145833333333 0.39001851851851854 0.011463541666666667 0.02436111111111111
1 0.911359375 0.3654814814814815 0.013911458333333333 0.020842592592592593
1 0.9350937500000001 0.33955555555555555 0.013114583333333334 0.020231481481481482
1 0.9728437499999999 0.30692592592592594 0.013567708333333334 0.015981481481481482
1 0.9949583333333333 0.2802962962962963 0.010078125 0.017222222222222222
1 0.98815625 0.3204814814814815 0.004442708333333333 0.017064814814814814
1 0.9277656249999999 0.3760925925925926 0.003515625 0.020907407407407406
1 0.9084322916666667 0.39555555555555555 0.0046614583333333326 0.020796296296296295
1 0.8935156249999999 0.41874074074074075 0.007046874999999999 0.02486111111111111
1 0.8509947916666667 0.4611388888888889 0.004916666666666666 0.015305555555555557
0 0.8802083333333334 0.34030555555555553 0.03366145833333333 0.05346296296296296
0 0.7513697916666667 0.44837962962962963 0.04267708333333333 0.05078703703703704
0 0.7005989583333334 0.4698148148148148 0.003958333333333333 0.012314814814814815
0 0.6730520833333333 0.4938796296296296 0.00596875 0.022222222222222223
0 0.5457291666666666 0.6134537037037037 0.00759375 0.022222222222222223
0 0.4907291666666667 0.6656481481481481 0.007776041666666666 0.020046296296296295
0 0.49608854166666666 0.6530462962962963 0.005744791666666666 0.020046296296296295
0 0.474875 0.6722407407407407 0.004895833333333334 0.025907407407407407
1 0.18843229166666667 0.9894814814814816 0.0321875 0.021037037037037035
1 0.24957291666666667 0.9555925925925925 0.030604166666666665 0.046796296296296294
1 0.016244791666666668 0.9227500000000001 0.032484374999999996 0.03723148148148148
0 0.9414583333333333 0.26375925925925925 0.004192708333333334 0.015046296296296295
0 0.9545 0.27049074074074075 0.014109375 0.017953703703703704