1 0.5349687500000001 0.7017777777777777 0.05053645833333333 0.050018518518518525
1 0.3793229166666666 0.7837962962962963 0.071578125 0.052648148148148145
1 0.07148958333333333 0.9707592592592593 0.074921875 0.05290740740740741
1 0.32413020833333334 0.8489351851851852 0.07511979166666666 0.06355555555555556
1 0.6204270833333333 0.6140833333333333 0.05485416666666666 0.049916666666666665
1 0.45322395833333334 0.7183981481481482 0.054484375 0.05697222222222222
1 0.5048385416666666 0.6868240740740741 0.04704166666666666 0.04939814814814815
1 0.86125 0.36444444444444446 0.0328125 0.03362037037037037
1 0.5833333333333334 0.6542592592592593 0.05005208333333333 0.05573148148148148
1 0.7873541666666667 0.4258981481481482 0.031739583333333335 0.028370370370370372
1 0.701125 0.6065648148148148 0.026260416666666668 0.01990740740740741
1 0.265921875 0.9870555555555556 0.0344375 0.023916666666666666
1 0.017796875 0.9746111111111111 0.03559895833333333 0.04360185185185186
1 0.7835729166666667 0.4571481481481482 0.038218749999999996 0.03944444444444445
1 0.39272395833333335 0.8846666666666667 0.03329166666666667 0.027138888888888886
1 0.5887343749999999 0.7186944444444445 0.028046875000000002 0.02015740740740741
1 0.8752291666666667 0.4036018518518518 0.01615625 0.0162962962962963
1 0.652453125 0.6563425925925926 0.02344791666666667 0.020796296296296295
1 0.6665729166666666 0.5646111111111111 0.0399375 0.049962962962962966
1 0.4592291666666667 0.8264537037037037 0.032421875 0.03534259259259259
1 0.7318385416666667 0.5038981481481482 0.03947916666666666 0.0325
1 0.5156302083333333 0.7837592592592593 0.02609895833333333 0.02625925925925926
1 0.822484375 0.4192314814814815 0.02414583333333333 0.02021296296296296
1 0.38434375000000004 0.86275 0.03243229166666667 0.025583333333333333
1 0.8070260416666667 0.4327314814814815 0.019911458333333333 0.015712962962962963
1 0.7012031249999999 0.5311944444444445 0.03858854166666667 0.03762037037037037
1 0.30928645833333335 0.9529074074074075 0.03611458333333333 0.0317962962962963
1 0.12861458333333334 0.93225 0.058145833333333334 0.04830555555555556
1 0.212484375 0.9199907407407407 0.08 0.03738888888888889
1 0.22241666666666668 0.9801203703703704 0.03546354166666667 0.03975925925925926
1 0.23370833333333335 0.9554629629629631 0.031656250000000004 0.02799074074074074
1 0.3424947916666667 0.9248611111111111 0.02685416666666667 0.036314814814814814
1 0.4216979166666667 0.8608796296296296 0.028416666666666666 0.026555555555555554
1 0.4868020833333333 0.8082222222222222 0.021796875 0.028314814814814813
1 0.5427864583333334 0.7613425925925926 0.023640625000000002 0.027046296296296297
1 0.5750572916666666 0.7432962962962962 0.009557291666666667 0.022925925925925926
1 0.6200052083333334 0.6840648148148147 0.019395833333333334 0.021277777777777777
1 0.6133697916666667 0.7085092592592593 0.006838541666666667 0.018833333333333334
1 0.67265625 0.6302592592592592 0.018520833333333334 0.028398148148148148
1 0.5060052083333333 0.7364074074074074 0.016213541666666668 0.03743518518518518
1 0.47021875 0.7523055555555556 0.05105208333333333 0.07501851851851851
1 0.4278541666666667 0.7916574074074074 0.05938541666666666 0.08198148148148149
1 0.7596927083333332 0.514462962962963 0.018500000000000003 0.02765740740740741
1 0.7814791666666667 0.5333425925925925 0.00465625 0.020231481481481482
1 0.75678125 0.48431481481481475 0.03644270833333333 0.04315740740740741
1 0.843734375 0.43203703703703705 0.017036458333333334 0.023416666666666665
1 0.8647916666666667 0.44580555555555557 0.004255208333333333 0.018287037037037036
1 0.906375 0.3723518518518518 0.012604166666666666 0.016703703703703703
1 0.9344687500000001 0.3453148148148148 0.013526041666666665 0.01686111111111111
1 0.9562291666666667 0.2757685185185185 0.028671875 0.03769444444444445
0 0.990890625 0.22516666666666668 0.003885416666666667 0.011583333333333333
0 0.9935468749999999 0.21205555555555555 0.0033229166666666667 0.00900925925925926
0 0.9728541666666667 0.23079629629629628 0.003244791666666667 0.012416666666666666
0 0.944390625 0.2541296296296296 0.003072916666666667 0.008333333333333333
0 0.8970677083333333 0.30637037037037035 0.0030625 0.009888888888888888
0 0.876203125 0.3235648148148148 0.004505208333333333 0.01647222222222222
0 0.8613072916666666 0.3297962962962963 0.004958333333333333 0.010861111111111111
0 0.8228333333333333 0.3666111111111111 0.004864583333333334 0.013555555555555557
0 0.7992760416666667 0.38249074074074074 0.0038697916666666663 0.014027777777777778
0 0.808265625 0.37353703703703706 0.003942708333333334 0.012805555555555556
0 0.7764322916666667 0.40267592592592594 0.004187499999999999 0.012685185185185185
0 0.7199739583333333 0.47862037037037036 0.016973958333333334 0.01647222222222222
0 0.7168697916666668 0.46351851851851855 0.004015625 0.01338888888888889
0 0.7045625 0.465037037037037 0.003828125 0.01710185185185185
0 0.6516510416666667 0.5261018518518519 0.00578125 0.01686111111111111
0 0.6289739583333334 0.5392685185185185 0.008109375 0.018157407407407407
0 0.60575 0.5660185185185185 0.0060625 0.01951851851851852
0 0.5401770833333334 0.6150185185185185 0.007744791666666666 0.020166666666666666
0 0.2561875 0.8178148148148148 0.011348958333333332 0.022472222222222223
0 0.063765625 0.8916481481481482 0.014447916666666666 0.027592592592592592
0 0.013026041666666667 0.904712962962963 0.01853125 0.025222222222222222