0 0.33078125 0.7875833333333334 0.03642708333333333 0.03178703703703704
1 0.44285416666666666 0.8154166666666667 0.026083333333333333 0.031629629629629626
0 0.6773020833333334 0.5106481481481482 0.021015625 0.022129629629629628
1 0.76978125 0.5058611111111111 0.0185625 0.022546296296296297
1 0.3301145833333334 0.9015 0.030515625 0.030824074074074073
0 0.7887135416666666 0.4156296296296296 0.008182291666666668 0.01814814814814815
0 0.57971875 0.5765185185185185 0.009604166666666667 0.020185185185185184
0 0.9006145833333333 0.3313148148148148 0.029432291666666666 0.026796296296296297
0 0.9442083333333334 0.2729722222222222 0.022770833333333334 0.025342592592592594
0 0.8999114583333333 0.3212407407407407 0.024895833333333332 0.020814814814814814
0 0.25747916666666665 0.8230462962962963 0.08886979166666667 0.05439814814814815
0 0.86328125 0.3257777777777778 0.004854166666666667 0.011703703703703704
1 0.9345572916666666 0.3638888888888889 0.007682291666666666 0.020185185185185184
1 0.8452031249999999 0.46270370370370373 0.00478125 0.014240740740740741
1 0.9613333333333334 0.33834259259259264 0.005395833333333333 0.012129629629629629
1 0.9684166666666666 0.34325 0.005828125 0.013842592592592592
1 0.97328125 0.32593518518518516 0.004552083333333333 0.013935185185185186
1 0.981078125 0.3287407407407408 0.004515625 0.014027777777777778
1 0.8123645833333334 0.5040370370370371 0.004432291666666667 0.018185185185185186
1 0.8224583333333333 0.481212962962963 0.00859375 0.018842592592592595
1 0.7993125 0.4612037037037037 0.032088541666666665 0.05523148148148148
1 0.7558333333333334 0.5451666666666667 0.008338541666666668 0.019398148148148147
1 0.7297708333333334 0.5831851851851853 0.0064062500000000005 0.015555555555555557
1 0.705375 0.5720740740740741 0.01872916666666667 0.028064814814814813
1 0.6884374999999999 0.6187777777777778 0.004416666666666667 0.016101851851851853
1 0.706171875 0.5988333333333333 0.0095625 0.01211111111111111
1 0.66840625 0.6461388888888889 0.009307291666666667 0.01873148148148148
1 0.6145104166666666 0.7024814814814815 0.0070416666666666666 0.017953703703703704
1 0.5666145833333334 0.7423981481481481 0.006447916666666667 0.015583333333333331
1 0.5074114583333333 0.793962962962963 0.010234374999999999 0.019157407407407408
1 0.47789062499999996 0.8235925925925927 0.007567708333333333 0.024
1 0.19941145833333335 0.9251574074074074 0.08557291666666668 0.06967592592592593