1 0.1079375 0.9407592592592593 0.14152083333333335 0.07987962962962962
1 0.604171875 0.6291296296296297 0.05553645833333333 0.055712962962962964
1 0.5384687499999999 0.763824074074074 0.0259375 0.025425925925925928
1 0.46032812500000003 0.833324074074074 0.030869791666666667 0.023407407407407408
1 0.6750624999999999 0.551462962962963 0.057338541666666666 0.05865740740740741
1 0.7380937500000001 0.5015555555555555 0.044411458333333334 0.04386111111111111
1 0.7168489583333333 0.5233055555555555 0.039953125 0.0429537037037037
1 0.6619114583333333 0.5988518518518519 0.042994791666666664 0.04400925925925926
1 0.02715625 0.9282222222222223 0.05431770833333334 0.06430555555555556
1 0.533125 0.7255092592592592 0.04076041666666667 0.04607407407407407
1 0.30942708333333335 0.9166481481481482 0.0344375 0.02727777777777778
1 0.7817031249999999 0.48313888888888884 0.039036458333333336 0.03573148148148148
1 0.958015625 0.30276851851851855 0.04572916666666667 0.03785185185185185
1 0.33968750000000003 0.8026574074074074 0.07872916666666667 0.055842592592592596
1 0.5620572916666667 0.7383333333333333 0.024697916666666667 0.025046296296296296
1 0.8688072916666666 0.3816574074074074 0.03368229166666667 0.029824074074074076
1 0.5537395833333334 0.6750740740740742 0.061697916666666665 0.05637962962962963
1 0.9204739583333333 0.3325092592592593 0.037109375 0.037925925925925925
1 0.7632135416666667 0.5413518518518519 0.024203125 0.015194444444444444
1 0.4316041666666666 0.8513796296296297 0.031588541666666664 0.03113888888888889
1 0.7150833333333334 0.5951666666666666 0.021489583333333333 0.015592592592592592
0 0.095234375 0.886712962962963 0.05726041666666667 0.02148148148148148
1 0.279609375 0.878212962962963 0.05985416666666667 0.06549999999999999
1 0.7761770833333334 0.5288425925925926 0.020911458333333334 0.014962962962962963
1 0.48028125 0.7893703703703704 0.029765625 0.02327777777777778
1 0.5954010416666667 0.6795462962962963 0.026223958333333335 0.02352777777777778
1 0.565203125 0.7052222222222222 0.030177083333333334 0.031962962962962964
1 0.7907031250000001 0.5139259259259259 0.019776041666666667 0.014453703703703703
1 0.37140625 0.8643888888888889 0.033567708333333335 0.031175925925925926
1 0.6029218749999999 0.7001481481481481 0.022567708333333332 0.02677777777777778
0 0.9145364583333334 0.3022222222222222 0.015973958333333333 0.012453703703703703
1 0.3311145833333333 0.9351203703703703 0.03392708333333334 0.025231481481481483
1 0.8346041666666667 0.46794444444444444 0.020338541666666664 0.01587037037037037
1 0.8172083333333333 0.42837037037037035 0.04159375 0.03374074074074074
1 0.486265625 0.813324074074074 0.030692708333333332 0.025916666666666664
1 0.7329114583333334 0.5461111111111111 0.020286458333333333 0.019796296296296294
1 0.6391458333333334 0.6697222222222222 0.021697916666666664 0.01672222222222222
1 0.9352291666666667 0.34424074074074074 0.015703125 0.014703703703703705
0 0.4644739583333333 0.6826203703703704 0.022104166666666664 0.016685185185185185
1 0.7582604166666667 0.5195648148148148 0.020432291666666665 0.017546296296296296
1 0.515390625 0.7862777777777777 0.022406250000000003 0.018787037037037036
1 0.5082447916666667 0.7225092592592592 0.04591666666666667 0.060583333333333336
1 0.43321875 0.7766759259259258 0.03795833333333333 0.05612037037037037
1 0.37077604166666667 0.8298425925925926 0.08559375 0.08055555555555556
1 0.42423958333333334 0.8274814814814815 0.028796875 0.031083333333333334
1 0.3007239583333333 0.9562777777777778 0.029208333333333333 0.034740740740740746
1 0.270078125 0.9847222222222223 0.02359375 0.030555555555555555
1 0.24611458333333333 0.9921111111111112 0.02285416666666667 0.01576851851851852
1 0.24264583333333334 0.9533518518518518 0.030734374999999998 0.03337962962962963
1 0.178296875 0.986648148148148 0.04009895833333333 0.026694444444444444
0 0.22505208333333335 0.8371574074074074 0.026661458333333332 0.018935185185185183
0 0.254875 0.8411574074074074 0.033026041666666665 0.018574074074074073
0 0.27301041666666664 0.8188148148148149 0.030026041666666666 0.020175925925925924
0 0.28963020833333336 0.8268703703703704 0.024546875000000003 0.020935185185185185
0 0.3939479166666667 0.7678518518518518 0.026697916666666665 0.02902777777777778
0 0.41908854166666665 0.7444074074074074 0.023182291666666667 0.023074074074074077
0 0.40681770833333336 0.7289907407407407 0.019890625 0.016027777777777776
0 0.446671875 0.7284351851851852 0.024067708333333333 0.019425925925925926
0 0.42799479166666665 0.7183796296296296 0.018489583333333334 0.017944444444444443
0 0.46483854166666666 0.7095462962962963 0.020604166666666666 0.02076851851851852
0 0.445953125 0.7026851851851852 0.020203125 0.02076851851851852
0 0.4839895833333333 0.6679259259259259 0.019052083333333334 0.01715740740740741
0 0.5017239583333333 0.6766018518518518 0.0219375 0.024555555555555556
0 0.4809322916666667 0.6935925925925926 0.016598958333333334 0.017324074074074075
0 0.5092864583333333 0.6461481481481481 0.01963541666666667 0.02612037037037037
0 0.5229427083333333 0.6611481481481482 0.022942708333333332 0.0187037037037037
0 0.5280520833333333 0.6306574074074074 0.01334375 0.01400925925925926
0 0.5353958333333334 0.6425277777777777 0.021197916666666667 0.01887962962962963
0 0.5449583333333333 0.6146203703703703 0.018390625 0.017981481481481484
0 0.556625 0.6279537037037037 0.019098958333333336 0.016833333333333332
0 0.558546875 0.602 0.01699479166666667 0.019851851851851853
0 0.5753958333333333 0.5878240740740741 0.016322916666666666 0.01998148148148148
0 0.59175 0.5967685185185185 0.024911458333333334 0.024148148148148148
0 0.60525 0.5830925925925926 0.018953125 0.02150925925925926
0 0.5962291666666667 0.5710648148148149 0.013197916666666667 0.017703703703703704
0 0.6121666666666666 0.5546388888888889 0.015921875 0.012305555555555554
0 0.6205833333333334 0.5691759259259259 0.017635416666666667 0.016333333333333335
0 0.6445729166666666 0.5288703703703703 0.017921874999999997 0.015351851851851851
0 0.6701770833333334 0.5056018518518518 0.018848958333333332 0.01925925925925926
0 0.6841197916666667 0.5120925925925925 0.012005208333333333 0.013712962962962963
0 0.6996666666666667 0.4972870370370371 0.01875 0.01739814814814815
0 0.6989427083333334 0.47737962962962965 0.012619791666666666 0.015685185185185187
0 0.7113697916666666 0.4868333333333333 0.016197916666666666 0.018444444444444447
0 0.7236822916666666 0.47867592592592595 0.014546874999999999 0.015527777777777777
0 0.7350260416666666 0.4681018518518519 0.014260416666666666 0.015305555555555557
0 0.7292239583333333 0.4524166666666667 0.014291666666666668 0.012416666666666666
0 0.746078125 0.454537037037037 0.012098958333333333 0.016675925925925927
0 0.74284375 0.4398148148148148 0.014510416666666666 0.015370370370370371
0 0.7548645833333333 0.42747222222222225 0.012869791666666667 0.012648148148148148
0 0.7656510416666666 0.4197037037037037 0.011895833333333333 0.013935185185185186
0 0.7806510416666667 0.40599074074074076 0.013166666666666667 0.012601851851851852
0 0.7968020833333332 0.3920092592592593 0.014114583333333335 0.012435185185185185
0 0.8118177083333333 0.37878703703703703 0.012677083333333334 0.012416666666666666
0 0.8258697916666667 0.3667222222222222 0.013755208333333333 0.015407407407407408
0 0.8410677083333333 0.3711203703703704 0.014354166666666666 0.015620370370370371
0 0.8641614583333334 0.3500462962962963 0.023187500000000003 0.02838888888888889
0 0.8831614583333334 0.33187037037037037 0.013375 0.013999999999999999
0 0.8969479166666667 0.31893518518518515 0.013796874999999998 0.01937037037037037
0 0.8911302083333333 0.3102314814814815 0.011635416666666667 0.013972222222222223
0 0.8766406250000001 0.3204722222222222 0.01528125 0.010416666666666666
0 0.90440625 0.3000833333333333 0.009223958333333334 0.013583333333333333
0 0.9328958333333334 0.28558333333333336 0.00828125 0.012046296296296296
0 0.9201979166666666 0.2852314814814815 0.011703125 0.014777777777777779
0 0.9346093750000001 0.2672314814814815 0.013255208333333332 0.013787037037037037
0 0.9812916666666667 0.24360185185185182 0.010666666666666666 0.01113888888888889
1 0.985859375 0.29021296296296295 0.011286458333333334 0.017175925925925928
1 0.9974270833333333 0.31107407407407406 0.003942708333333334 0.016675925925925927
1 0.9854843750000001 0.32254629629629633 0.004703125 0.014240740740740741
1 0.9732500000000001 0.33649074074074076 0.0032916666666666667 0.013972222222222223
1 0.9675833333333334 0.3376018518518519 0.003328125 0.016194444444444442
1 0.95275 0.35721296296296295 0.003942708333333334 0.01287037037037037
1 0.9371875000000001 0.37365740740740744 0.0039791666666666664 0.016231481481481482
1 0.9236249999999999 0.3772870370370371 0.01334375 0.020064814814814817
1 0.9086458333333333 0.40190740740740744 0.004505208333333333 0.015407407407407408
1 0.8919427083333333 0.41025925925925927 0.014541666666666668 0.018046296296296296
1 0.8773854166666666 0.42363888888888884 0.017348958333333334 0.024527777777777777
1 0.8667239583333333 0.4117037037037037 0.015723958333333333 0.01751851851851852
1 0.8429270833333333 0.4375 0.015072916666666667 0.016564814814814817
1 0.8466458333333333 0.4522962962962963 0.016515625 0.020083333333333335
1 0.8097135416666668 0.4655 0.014447916666666666 0.016972222222222222
1 0.8219479166666667 0.4800740740740741 0.014369791666666666 0.017287037037037038
1 0.8101770833333333 0.49326851851851855 0.017119791666666665 0.028407407407407406
1 0.747671875 0.5579351851851853 0.016640625 0.021592592592592594
1 0.6968541666666667 0.6062962962962962 0.016359375 0.02021296296296296
1 0.6839427083333334 0.6190185185185185 0.014291666666666668 0.01785185185185185
1 0.67025 0.6308888888888889 0.017598958333333335 0.024305555555555556
1 0.6561979166666667 0.6487592592592593 0.016328125000000002 0.02173148148148148
1 0.6224895833333334 0.6822962962962963 0.019182291666666667 0.02187037037037037
1 0.5845781250000001 0.7200648148148148 0.019630208333333333 0.024638888888888887
1 0.37951562499999997 0.8919907407407408 0.026140624999999997 0.03515740740740741
1 0.404609375 0.8682407407407408 0.021885416666666668 0.031157407407407404
0 0.8346354166666666 0.39713888888888893 0.024708333333333332 0.027842592592592592
0 0.8120937500000001 0.39754629629629634 0.0315625 0.024555555555555556
1 0.9049375000000001 0.37124074074074076 0.014343749999999999 0.021
1 0.919234375 0.35927777777777775 0.013822916666666666 0.0162962962962963