1 0.26238541666666665 0.9526944444444445 0.029713541666666666 0.04611111111111111
0 0.35679687499999996 0.7692685185185185 0.010166666666666666 0.023333333333333334
0 0.6049270833333333 0.5663888888888889 0.018239583333333333 0.022833333333333334
1 0.7211614583333333 0.5523888888888889 0.017510416666666664 0.029611111111111112
0 0.8909635416666667 0.3132314814814815 0.01140625 0.018861111111111113
1 0.4535885416666667 0.8478425925925925 0.009203125000000001 0.01961111111111111
1 0.5249583333333333 0.7842314814814815 0.008692708333333334 0.02603703703703704
1 0.6547760416666667 0.6596018518518518 0.007109375 0.020009259259259258
1 0.7260624999999999 0.5866574074074075 0.01015625 0.018601851851851852
1 0.8640416666666667 0.4421851851851852 0.00646875 0.01862962962962963
1 0.8783124999999999 0.43427777777777776 0.0056927083333333335 0.012453703703703703
1 0.8964010416666667 0.4056944444444444 0.004734375 0.010675925925925926
1 0.9646718750000001 0.3444166666666667 0.0056927083333333335 0.01575
1 0.9798854166666667 0.32516666666666666 0.004380208333333333 0.015777777777777776
1 0.9908072916666666 0.31244444444444447 0.007598958333333333 0.024055555555555556