1 0.45568749999999997 0.7670740740740741 0.04563541666666667 0.06771296296296296
1 0.6146718750000001 0.6522685185185185 0.026401041666666666 0.034444444444444444
0 0.03440104166666667 0.9283888888888888 0.04159375 0.028833333333333332
0 0.28650520833333337 0.8068148148148149 0.007958333333333333 0.02137037037037037
0 0.4948020833333333 0.6600648148148148 0.004807291666666667 0.019148148148148147
0 0.501859375 0.6396759259259259 0.007135416666666667 0.02160185185185185
0 0.6308802083333334 0.5377777777777777 0.0049947916666666665 0.013379629629629628
0 0.7183854166666667 0.4593981481481481 0.004828125 0.01613888888888889
0 0.7586875000000001 0.4257314814814815 0.01627083333333333 0.015712962962962963
0 0.799125 0.40831481481481485 0.014125 0.015074074074074075
0 0.8392916666666667 0.3708703703703704 0.015567708333333334 0.019268518518518518
0 0.8270572916666666 0.35570370370370374 0.004885416666666667 0.011296296296296296
0 0.8264010416666667 0.37378703703703703 0.003234375 0.011898148148148147
0 0.8131510416666666 0.3748518518518518 0.012687499999999999 0.010962962962962963
0 0.866 0.34977777777777774 0.015015625 0.015694444444444445
0 0.8529947916666667 0.33819444444444446 0.0044062500000000004 0.01437037037037037
0 0.8804166666666667 0.3145277777777778 0.00390625 0.009212962962962963
0 0.9211770833333334 0.2915462962962963 0.0133125 0.022194444444444444
0 0.94334375 0.2805277777777778 0.013515625 0.01487962962962963
0 0.9389479166666667 0.26073148148148145 0.009697916666666667 0.011861111111111112
0 0.9849791666666667 0.23869444444444446 0.009166666666666667 0.01250925925925926
1 0.9644270833333334 0.3067407407407407 0.014078125 0.016509259259259258
1 0.9752708333333333 0.3348055555555555 0.010041666666666667 0.02335185185185185
1 0.9905989583333333 0.2868703703703704 0.01240625 0.019444444444444445
1 0.8905937500000001 0.4158796296296296 0.010125 0.02799074074074074
1 0.8610104166666667 0.4461203703703704 0.008713541666666666 0.022435185185185186
1 0.8513072916666666 0.4492685185185185 0.004744791666666666 0.020083333333333335
1 0.8391770833333333 0.47041666666666665 0.006364583333333334 0.02275
1 0.8227656250000001 0.47970370370370374 0.009109375 0.015416666666666665
1 0.7498489583333333 0.5231851851851852 0.018984375 0.02363888888888889
1 0.730953125 0.5755648148148148 0.011895833333333333 0.02727777777777778
1 0.6993385416666666 0.5703796296296296 0.01883333333333333 0.026564814814814815