1 0.11922916666666666 0.9542314814814814 0.09860416666666666 0.09152777777777778
1 0.5568489583333334 0.7117129629629629 0.017697916666666664 0.030250000000000003
1 0.74228125 0.5301388888888888 0.015182291666666665 0.024555555555555556
1 0.709140625 0.6063611111111111 0.004822916666666666 0.01586111111111111
1 0.8095104166666667 0.4948518518518519 0.005140624999999999 0.014055555555555556
1 0.8461770833333334 0.4683148148148148 0.010098958333333333 0.015166666666666665
1 0.9307708333333333 0.34737962962962965 0.015598958333333333 0.022351851851851852
1 0.965875 0.33866666666666667 0.014614583333333332 0.019564814814814813
1 0.9321822916666667 0.3777592592592593 0.008661458333333334 0.017194444444444446
0 0.8087812499999999 0.3985277777777778 0.014015625 0.026490740740740742
0 0.7632864583333333 0.45137037037037037 0.02930729166666667 0.04282407407407408
0 0.7088125000000001 0.46885185185185185 0.005671875000000001 0.013314814814814816
0 0.348140625 0.7798148148148148 0.010739583333333334 0.017037037037037035