0 0.621765625 0.5499259259259259 0.021848958333333335 0.02424074074074074
0 0.6566979166666667 0.5515277777777777 0.046572916666666665 0.05430555555555555
0 0.4482135416666667 0.7210092592592593 0.02422916666666667 0.022324074074074073
1 0.3095416666666667 0.9206111111111112 0.032015625 0.029583333333333333
0 0.5450052083333333 0.6184166666666666 0.024416666666666666 0.024953703703703704
0 0.5992916666666667 0.59025 0.018588541666666666 0.020425925925925924
0 0.5223697916666666 0.6566574074074074 0.020046875000000002 0.02239814814814815
0 0.496640625 0.6923333333333334 0.034645833333333334 0.05669444444444444
0 0.45635416666666667 0.6855462962962963 0.007500000000000001 0.022296296296296293
0 0.43055208333333334 0.705962962962963 0.006666666666666667 0.021444444444444443
0 0.37903125 0.781037037037037 0.05081770833333333 0.059296296296296305
0 0.7134895833333333 0.4705740740740741 0.0047395833333333335 0.01809259259259259
0 0.7525729166666667 0.4311666666666667 0.004 0.015953703703703703
0 0.8040937499999999 0.3816388888888889 0.004734375 0.014972222222222224
0 0.8743489583333334 0.32373148148148145 0.0031510416666666666 0.01624074074074074
0 0.8725104166666667 0.3429074074074074 0.012223958333333333 0.01715740740740741
0 0.8876302083333333 0.30521296296296296 0.0043906249999999996 0.014870370370370369
0 0.89378125 0.30750925925925926 0.0054531250000000005 0.012916666666666667
0 0.915046875 0.2861018518518519 0.004713541666666667 0.014092592592592592
0 0.9213802083333333 0.28659259259259257 0.004760416666666667 0.012694444444444446
0 0.938328125 0.28200000000000003 0.011984375 0.014212962962962962
0 0.9859322916666666 0.2447314814814815 0.026057291666666666 0.03655555555555555
1 0.992234375 0.28633333333333333 0.012489583333333333 0.014564814814814815
1 0.9463072916666667 0.3638240740740741 0.004380208333333333 0.01439814814814815
1 0.9546718750000001 0.35056481481481483 0.004364583333333334 0.014638888888888889
1 0.8636979166666666 0.44555555555555554 0.00478125 0.016194444444444442
1 0.8329739583333333 0.4383240740740741 0.020760416666666667 0.03205555555555555
1 0.8339322916666667 0.47698148148148145 0.005567708333333333 0.01961111111111111
1 0.7830208333333334 0.5298703703703703 0.0053124999999999995 0.017805555555555557