0 0.2985208333333333 0.8189537037037037 0.03827083333333334 0.029925925925925925
0 0.3998125 0.7444074074074074 0.06178125 0.060138888888888895
0 0.23913020833333334 0.8338148148148148 0.023583333333333335 0.020796296296296295
0 0.35492708333333334 0.7962962962962963 0.03185416666666666 0.0300462962962963
0 0.4473697916666667 0.6960833333333333 0.005432291666666667 0.015601851851851853
0 0.46877604166666664 0.679324074074074 0.004916666666666666 0.021092592592592593
0 0.52909375 0.6575555555555556 0.021520833333333333 0.021527777777777778
0 0.49976041666666665 0.6560092592592592 0.005427083333333333 0.01898148148148148
0 0.5167604166666666 0.6412222222222222 0.007864583333333333 0.018537037037037036
0 0.5585729166666666 0.6237685185185184 0.01758854166666667 0.018796296296296297
0 0.5414114583333334 0.612 0.004 0.01999074074074074
0 0.5246041666666666 0.630537037037037 0.010109375 0.012546296296296297
0 0.5696770833333333 0.5872592592592593 0.006817708333333334 0.01776851851851852
0 0.596796875 0.5862592592592593 0.02305208333333333 0.024555555555555556
0 0.6051510416666667 0.5495555555555556 0.005588541666666667 0.012861111111111111
0 0.6245729166666667 0.5404907407407408 0.011593750000000002 0.018601851851851852
0 0.65303125 0.5412962962962963 0.018432291666666666 0.02297222222222222
0 0.6779479166666668 0.5012222222222222 0.01727604166666667 0.019944444444444445
0 0.6512708333333334 0.5191018518518519 0.022151041666666666 0.02203703703703704
0 0.7151822916666667 0.48465740740740737 0.017161458333333334 0.019046296296296297
0 0.7175156250000001 0.4638055555555556 0.018203125 0.022611111111111113
0 0.7439322916666666 0.45625 0.018338541666666666 0.02198148148148148
0 0.7520260416666668 0.4224074074074074 0.0049947916666666665 0.012601851851851852
0 0.7899583333333333 0.4180185185185185 0.01321875 0.016509259259259258
0 0.7824322916666666 0.4028888888888889 0.016291666666666666 0.01848148148148148
0 0.8087812499999999 0.4014074074074074 0.0165625 0.014796296296296297
0 0.8040885416666667 0.3857685185185185 0.014135416666666668 0.01500925925925926
0 0.8321770833333333 0.3762407407407407 0.015807291666666667 0.013712962962962963
0 0.8335625 0.36165740740740737 0.016911458333333334 0.01785185185185185
0 0.8201041666666666 0.3640462962962963 0.007515625 0.012490740740740741
0 0.8807604166666666 0.3222592592592593 0.010270833333333333 0.015833333333333335
0 0.9286510416666667 0.29114814814814816 0.011692708333333333 0.015185185185185184
0 0.9089322916666667 0.28588888888888886 0.0036614583333333334 0.00936111111111111
0 0.9350885416666667 0.2695740740740741 0.012270833333333333 0.01439814814814815
0 0.9529322916666667 0.2698240740740741 0.011817708333333335 0.014537037037037036
0 0.972796875 0.236 0.011302083333333332 0.017055555555555556
1 0.9580885416666667 0.29786111111111113 0.029630208333333335 0.036314814814814814
1 0.9764947916666666 0.3026203703703704 0.013442708333333333 0.015555555555555557
1 0.8954010416666667 0.382 0.015536458333333333 0.01987037037037037
1 0.8070468749999999 0.44725 0.017822916666666667 0.023314814814814816
0 0.862390625 0.35998148148148146 0.03123958333333333 0.03786111111111111
1 0.7708437499999999 0.5042314814814816 0.020458333333333335 0.02124074074074074
1 0.7460572916666667 0.5660185185185185 0.009234375 0.023546296296296294
1 0.6812291666666667 0.6338981481481482 0.009515625 0.021564814814814814
1 0.5519739583333333 0.7531759259259259 0.023369791666666664 0.0275
1 0.5187552083333333 0.7453796296296297 0.026406250000000003 0.029037037037037035
1 0.4696666666666667 0.8279074074074074 0.023380208333333333 0.029333333333333333
1 0.477359375 0.781074074074074 0.02128645833333333 0.030722222222222224
1 0.2365729166666667 0.9604907407407407 0.03161979166666667 0.04063888888888889
1 0.028859375 0.96425 0.05772395833333333 0.0715
1 0.18047395833333332 0.9173611111111111 0.054427083333333334 0.04632407407407407
0 0.09049479166666667 0.8891018518518519 0.051890624999999996 0.02948148148148148
0 0.11055729166666667 0.9151018518518518 0.034015625 0.0275
0 0.07717708333333334 0.9088796296296296 0.041296875000000004 0.03225