1 0.12270833333333334 0.930537037037037 0.14577083333333332 0.07363888888888889
0 0.3544583333333333 0.7754722222222222 0.026598958333333332 0.018611111111111113
1 0.31807812500000004 0.8460277777777778 0.07749479166666666 0.07061111111111111
1 0.48934374999999997 0.7727592592592593 0.025927083333333333 0.028537037037037038
1 0.7879427083333332 0.5161574074074075 0.018546875 0.017083333333333332
0 0.6731197916666667 0.5343240740740741 0.040838541666666665 0.03676851851851852
1 0.7524635416666666 0.5574166666666667 0.021135416666666667 0.015472222222222222
1 0.803625 0.4761574074074074 0.019182291666666667 0.020555555555555556
0 0.5174427083333334 0.657712962962963 0.023781249999999997 0.01951851851851852
0 0.7103072916666666 0.4830740740740741 0.016984375 0.016574074074074074
1 0.7683958333333333 0.4659259259259259 0.042984375 0.05664814814814815
1 0.6077447916666666 0.6619537037037037 0.019192708333333332 0.025527777777777778
1 0.5667708333333333 0.7416851851851851 0.007479166666666666 0.019175925925925926
1 0.6621979166666667 0.6099351851851852 0.019703125 0.022435185185185186
1 0.7386302083333334 0.5351851851851852 0.016895833333333332 0.01936111111111111
0 0.6346197916666667 0.5357222222222222 0.01765625 0.021111111111111112
0 0.7836458333333333 0.4017962962962963 0.014088541666666668 0.016666666666666666
0 0.8101354166666667 0.39898148148148144 0.014536458333333334 0.016398148148148148
0 0.8261927083333334 0.38266666666666665 0.014484374999999999 0.015277777777777777
0 0.81984375 0.37137037037037035 0.014385416666666668 0.01597222222222222
0 0.8004010416666667 0.3885 0.014119791666666666 0.016092592592592592
0 0.832078125 0.3599907407407408 0.013098958333333332 0.015296296296296296
0 0.8467187500000001 0.3640185185185185 0.013171875 0.018925925925925926
0 0.861234375 0.35002777777777777 0.011703125 0.015842592592592592
0 0.8846302083333334 0.3285462962962963 0.013250000000000001 0.015444444444444445
0 0.8988697916666666 0.31775925925925924 0.011427083333333334 0.013509259259259259
0 0.8983072916666667 0.3183796296296296 0.013901041666666667 0.015981481481481482
0 0.901515625 0.30024074074074075 0.0138125 0.01785185185185185
0 0.886828125 0.3121111111111111 0.01034375 0.015499999999999998
0 0.9215572916666667 0.2979074074074074 0.012244791666666668 0.01338888888888889
0 0.9204583333333333 0.2985277777777778 0.0085 0.014027777777777778
0 0.9306875 0.27443518518518517 0.012010416666666666 0.011620370370370371
0 0.940625 0.27991666666666665 0.012114583333333335 0.016638888888888887
0 0.9656666666666667 0.2437685185185185 0.009005208333333332 0.012129629629629629
0 0.9583385416666667 0.27109259259259255 0.017062499999999998 0.03172222222222222
0 0.9426979166666667 0.2632685185185185 0.008989583333333334 0.012972222222222222
0 0.9365625000000001 0.3005555555555556 0.012760416666666666 0.018935185185185183
0 0.9176822916666667 0.3176388888888889 0.011843749999999998 0.014703703703703705
0 0.850703125 0.34303703703703703 0.012125 0.01174074074074074
1 0.9057708333333333 0.3690833333333333 0.0136875 0.024398148148148148
1 0.8292916666666666 0.44423148148148145 0.014942708333333334 0.022462962962962966
1 0.8706822916666667 0.4346851851851852 0.0038385416666666668 0.01690740740740741
1 0.9087968750000001 0.40116666666666667 0.003401041666666667 0.015268518518518516
1 0.93121875 0.3760092592592592 0.004546875000000001 0.013999999999999999
1 0.9191822916666667 0.38057407407407406 0.004197916666666667 0.015805555555555555
1 0.9279270833333333 0.3684537037037037 0.005416666666666667 0.014675925925925926
1 0.8296458333333334 0.4744351851851852 0.0059947916666666665 0.01859259259259259
0 0.5810625 0.5704814814814815 0.004901041666666666 0.015787037037037037
0 0.4938958333333333 0.64975 0.006369791666666667 0.019074074074074077
1 0.22298437499999998 0.9694814814814815 0.035062499999999996 0.03969444444444444
1 0.989171875 0.31792592592592595 0.0031875000000000002 0.013509259259259259
0 0.7351510416666667 0.4352314814814815 0.004786458333333333 0.014518518518518517
0 0.71553125 0.4540185185185185 0.004890625 0.012583333333333334
0 0.7499687500000001 0.4371574074074074 0.014703125000000001 0.019953703703703703
0 0.759625 0.41456481481481483 0.004510416666666667 0.014287037037037037
0 0.8735052083333333 0.3411018518518518 0.011697916666666667 0.014490740740740742