0 0.6292447916666667 0.5518333333333334 0.041984375 0.05756481481481482
1 0.8248072916666668 0.4508333333333333 0.017703125 0.01998148148148148
1 0.6055572916666667 0.6639074074074074 0.023260416666666665 0.033805555555555554
1 0.6092552083333334 0.7072592592592593 0.005697916666666666 0.018296296296296297
1 0.598640625 0.6999074074074074 0.004630208333333333 0.015425925925925926
1 0.5842864583333333 0.7212592592592593 0.005177083333333333 0.017092592592592593
1 0.593140625 0.7208148148148148 0.0050729166666666665 0.014814814814814815
1 0.5684583333333334 0.7312407407407407 0.005546875000000001 0.021777777777777778
1 0.5566510416666667 0.753 0.0064375 0.018694444444444444
1 0.5631979166666666 0.7472407407407408 0.006223958333333333 0.017601851851851855
1 0.5501770833333333 0.7462777777777778 0.004822916666666666 0.017777777777777778
1 0.5413645833333334 0.7722685185185185 0.006541666666666667 0.021777777777777778
1 0.5321927083333333 0.7638888888888888 0.005625000000000001 0.023101851851851853
1 0.5189010416666666 0.7874814814814814 0.006875 0.02022222222222222
1 0.5052447916666667 0.7855277777777778 0.00759375 0.01838888888888889
1 0.4785729166666667 0.8124722222222223 0.007109375 0.02362037037037037
1 0.45925 0.8428518518518519 0.008848958333333332 0.021092592592592593
1 0.7036302083333333 0.5971296296296296 0.005015625 0.016944444444444446
1 0.7288697916666667 0.5905925925925927 0.0043437499999999995 0.015361111111111112
1 0.7328177083333334 0.5650833333333333 0.0059635416666666665 0.016555555555555556
1 0.7582864583333334 0.5504351851851852 0.004734375 0.02014814814814815
1 0.75290625 0.5445648148148148 0.0036614583333333334 0.01937037037037037
1 0.7741354166666666 0.5301666666666667 0.004682291666666667 0.01562962962962963
1 0.7929322916666667 0.5144814814814814 0.005177083333333333 0.018953703703703702
1 0.7876614583333333 0.5130370370370371 0.004171875 0.019268518518518518
1 0.8128541666666667 0.4992962962962963 0.006130208333333333 0.018166666666666668
1 0.8199687499999999 0.48091666666666666 0.006682291666666667 0.015546296296296296
1 0.837359375 0.47264814814814815 0.006229166666666667 0.020314814814814817
1 0.8550885416666667 0.42203703703703704 0.0140625 0.018657407407407407
1 0.9012552083333334 0.4027777777777778 0.004515625 0.014027777777777778
1 0.952328125 0.3251203703703704 0.011942708333333333 0.017814814814814815
1 0.9773072916666667 0.2848703703703704 0.008682291666666668 0.012712962962962964
1 0.9865260416666667 0.29205555555555557 0.010994791666666667 0.01712037037037037
0 0.5165885416666667 0.6541296296296296 0.02313541666666667 0.020203703703703703
0 0.5723333333333334 0.5849444444444445 0.007395833333333333 0.017898148148148146
0 0.7855104166666667 0.42316666666666664 0.013755208333333333 0.01363888888888889
0 0.850515625 0.36198148148148146 0.013338541666666667 0.015416666666666665
0 0.9503697916666667 0.2581481481481482 0.012416666666666666 0.012046296296296296