0 0.9509583333333332 0.26837037037037037 0.015234375 0.022712962962962963
0 0.8096145833333334 0.4028333333333333 0.018776041666666667 0.03409259259259259
1 0.32491145833333335 0.8664537037037037 0.07473958333333333 0.07919444444444444
0 0.9745104166666666 0.2563333333333333 0.011239583333333332 0.020805555555555553
1 0.8431302083333333 0.43569444444444444 0.012276041666666666 0.02173148148148148
0 0.24903124999999998 0.8345925925925926 0.0355 0.02812962962962963
1 0.6394114583333333 0.6210833333333333 0.042046875000000004 0.05697222222222222
1 0.5625885416666667 0.6728888888888889 0.06199479166666667 0.07026851851851852
0 0.609265625 0.5583425925925926 0.01708854166666667 0.020425925925925924
1 0.6970989583333334 0.5738518518518518 0.01846875 0.02588888888888889
1 0.73928125 0.5286111111111111 0.013427083333333334 0.027314814814814816
1 0.7752760416666666 0.5015648148148149 0.014520833333333334 0.028666666666666667
1 0.80240625 0.4971203703703704 0.016416666666666666 0.019787037037037037
1 0.8104010416666667 0.46317592592592594 0.015578125 0.020037037037037037
1 0.6945104166666667 0.6176018518518518 0.007604166666666666 0.02149074074074074
1 0.7197083333333333 0.582324074074074 0.005354166666666666 0.019074074074074077
1 0.7286354166666666 0.584861111111111 0.006203125 0.01938888888888889
1 0.761875 0.5528148148148148 0.008354166666666666 0.02501851851851852
1 0.6507864583333334 0.665712962962963 0.007703125 0.025805555555555557
1 0.6034635416666667 0.7143611111111111 0.008036458333333333 0.028074074074074074
1 0.5579270833333333 0.7108055555555555 0.018682291666666666 0.023916666666666666
1 0.539546875 0.7625925925925926 0.0195625 0.03038888888888889
1 0.50203125 0.76 0.021359375 0.03224074074074074
1 0.4971197916666667 0.7261944444444444 0.06581770833333334 0.08163888888888889
1 0.4131666666666666 0.7970648148148148 0.07684895833333334 0.07822222222222222
1 0.40973437500000004 0.8373796296296296 0.030114583333333333 0.03294444444444444
1 0.3359375 0.8943055555555556 0.02802083333333333 0.03172222222222222
1 0.155234375 0.9241759259259259 0.11745833333333335 0.06674074074074074
0 0.36806249999999996 0.7649722222222222 0.028432291666666668 0.025472222222222222
0 0.47251041666666665 0.7066388888888888 0.069015625 0.07773148148148148
1 0.8856093749999999 0.3896574074074074 0.012369791666666666 0.021796296296296296
1 0.909 0.3676111111111111 0.013104166666666667 0.023453703703703702
1 0.9854843750000001 0.29341666666666666 0.012067708333333335 0.017601851851851855
1 0.9125989583333334 0.38963888888888887 0.00590625 0.014722222222222223
1 0.9538802083333333 0.3530277777777778 0.005989583333333334 0.016277777777777776
1 0.9893020833333334 0.3186666666666667 0.00690625 0.017944444444444443
1 0.8761979166666667 0.4294074074074074 0.0069479166666666665 0.020370370370370372
1 0.8490208333333332 0.4613611111111111 0.004520833333333333 0.01687962962962963
1 0.8393697916666666 0.47259259259259256 0.003864583333333333 0.01591666666666667