1 0.6672760416666667 0.5679537037037037 0.048703125 0.0430462962962963
1 0.5104895833333333 0.7020092592592592 0.05604166666666666 0.05269444444444444
1 0.35766145833333335 0.8541296296296297 0.053234374999999994 0.05862962962962963
1 0.5038020833333333 0.7502685185185185 0.052921875 0.06506481481481481
1 0.5043541666666667 0.7424907407407407 0.053140625000000004 0.056685185185185186
1 0.5683541666666667 0.7066111111111111 0.02723958333333333 0.01859259259259259
1 0.835796875 0.4095648148148148 0.04425 0.03261111111111111
1 0.722671875 0.5556574074074074 0.0200625 0.019731481481481482
1 0.06470833333333333 0.9611851851851851 0.12941666666666665 0.07401851851851851
1 0.3515989583333334 0.8317037037037037 0.054197916666666665 0.06961111111111112
0 0.33365104166666665 0.8021388888888888 0.03155729166666667 0.02162962962962963
1 0.558859375 0.6681574074074074 0.04221354166666667 0.043666666666666666
1 0.8761145833333334 0.4025925925925926 0.017708333333333333 0.01412962962962963
1 0.2603489583333333 0.9583333333333334 0.0316875 0.03288888888888889
1 0.25206249999999997 0.8834814814814814 0.07702604166666666 0.0792037037037037
1 0.42809895833333333 0.8000277777777778 0.055364583333333335 0.07278703703703704
1 0.6020833333333333 0.6588055555555555 0.04297395833333333 0.05935185185185184
1 0.6391979166666667 0.6249444444444445 0.03992708333333333 0.056712962962962965
1 0.7010885416666667 0.5717037037037037 0.01703125 0.028324074074074074
1 0.6822031249999999 0.591 0.018828124999999998 0.024185185185185185
1 0.666109375 0.6110740740740741 0.017432291666666665 0.020194444444444442
1 0.7450416666666667 0.5323703703703704 0.016166666666666666 0.01762962962962963
1 0.7358802083333333 0.4996944444444444 0.028390625 0.05352777777777778
1 0.7622135416666667 0.5114814814814814 0.016802083333333332 0.019240740740740742
1 0.784640625 0.4922222222222222 0.017067708333333334 0.02
1 0.8038229166666666 0.4690925925925926 0.017385416666666667 0.02847222222222222
1 0.8208072916666667 0.45905555555555555 0.013109375000000001 0.017814814814814815
1 0.8324843749999999 0.4468518518518519 0.015380208333333334 0.016537037037037038
1 0.8680572916666667 0.44380555555555556 0.008505208333333332 0.020574074074074074
1 0.8449166666666666 0.4310555555555556 0.014109375 0.015305555555555557
1 0.8624479166666668 0.41794444444444445 0.012401041666666666 0.01512962962962963
1 0.9005520833333333 0.40501851851851856 0.014182291666666668 0.018916666666666665
1 0.9041510416666667 0.3778703703703704 0.010755208333333332 0.01596296296296296
1 0.8849322916666666 0.3670925925925926 0.028442708333333334 0.045037037037037035
1 0.9331197916666666 0.321 0.030505208333333332 0.043972222222222225
1 0.9193489583333334 0.3578796296296296 0.011104166666666667 0.015037037037037036
1 0.9425104166666666 0.36775 0.005213541666666667 0.01237037037037037
1 0.93475 0.343212962962963 0.010161458333333335 0.014296296296296297
1 0.9665260416666667 0.31101851851851847 0.013385416666666667 0.017935185185185186
1 0.975671875 0.32922222222222225 0.014557291666666666 0.020444444444444442
0 0.9456822916666667 0.2733333333333333 0.010432291666666668 0.01897222222222222
0 0.9655625000000001 0.25760185185185186 0.010708333333333332 0.010907407407407407
0 0.9624166666666666 0.24253703703703702 0.0054375 0.008296296296296296
0 0.9021562500000001 0.3065185185185185 0.013864583333333335 0.014268518518518519
0 0.8659947916666667 0.3326203703703704 0.01521875 0.015527777777777777
0 0.88671875 0.3038796296296296 0.00703125 0.014824074074074076
0 0.8729895833333334 0.3420648148148148 0.014510416666666666 0.013814814814814814
0 0.8391875 0.34808333333333336 0.0045000000000000005 0.015074074074074075
0 0.8311510416666666 0.35812037037037037 0.0040416666666666665 0.01713888888888889
0 0.7799635416666667 0.3988703703703703 0.005447916666666667 0.013731481481481482
0 0.7076666666666667 0.46826851851851853 0.005385416666666667 0.017416666666666667
0 0.6718229166666667 0.5050740740740741 0.005802083333333334 0.013907407407407407
0 0.6534947916666667 0.5179907407407407 0.0056875 0.01751851851851852
0 0.56521875 0.5672407407407407 0.00471875 0.01611111111111111
0 0.5388333333333333 0.6135925925925926 0.006229166666666667 0.01902777777777778
0 0.4724583333333333 0.6846944444444445 0.02071875 0.024314814814814817
0 0.43747395833333336 0.7121203703703703 0.008145833333333333 0.022074074074074072
0 0.43039583333333337 0.7364166666666667 0.007067708333333334 0.014611111111111111
0 0.41275 0.724962962962963 0.007395833333333333 0.015620370370370371
0 0.38586458333333334 0.7488518518518519 0.009697916666666667 0.017166666666666667