1 0.5553645833333333 0.7138611111111112 0.020526041666666665 0.03283333333333333
1 0.6016875 0.6689722222222222 0.022093750000000002 0.03323148148148148
1 0.6354479166666667 0.6377499999999999 0.018447916666666668 0.02422222222222222
1 0.6618958333333332 0.6115462962962963 0.018145833333333337 0.030824074074074073
1 0.6885104166666667 0.5473333333333333 0.036932291666666665 0.06826851851851852
1 0.6881458333333333 0.5838981481481481 0.017442708333333334 0.026712962962962963
1 0.7134270833333333 0.5603611111111112 0.01965625 0.026416666666666668
1 0.7457083333333333 0.5283518518518519 0.016458333333333335 0.025842592592592594
1 0.795203125 0.4714351851851852 0.03582291666666667 0.05117592592592593
1 0.8365729166666667 0.43524074074074076 0.014447916666666666 0.021074074074074075
1 0.8769010416666667 0.39687962962962964 0.017083333333333332 0.030074074074074073
1 0.9298489583333333 0.34881481481481486 0.014505208333333333 0.025231481481481483
1 0.95040625 0.32636111111111116 0.014729166666666666 0.02262962962962963
1 0.9590260416666666 0.3526111111111111 0.0049947916666666665 0.018351851851851852
1 0.9768958333333334 0.33114814814814814 0.0049479166666666664 0.022185185185185186
1 0.9213385416666667 0.3885 0.004604166666666667 0.021111111111111112
1 0.8988541666666666 0.4124074074074074 0.005114583333333334 0.018833333333333334
1 0.802734375 0.5091574074074074 0.004479166666666667 0.01862037037037037
1 0.8183333333333334 0.48861111111111116 0.00459375 0.020953703703703704
1 0.8266458333333334 0.47560185185185183 0.00425 0.021657407407407406
1 0.835046875 0.4779444444444444 0.004354166666666667 0.016305555555555556
1 0.848046875 0.45587962962962963 0.0028541666666666667 0.017833333333333336
1 0.8595520833333333 0.4394074074074074 0.0035572916666666665 0.02274074074074074
1 0.8661197916666666 0.4455 0.005458333333333333 0.01712037037037037
1 0.9837395833333333 0.29730555555555555 0.008734374999999999 0.021287037037037035
1 0.4598697916666667 0.7990833333333334 0.0264375 0.04075
1 0.47828645833333333 0.8191481481481481 0.01215625 0.03523148148148148
1 0.3952135416666666 0.8458981481481482 0.029265625 0.04087037037037037
1 0.31596874999999996 0.8729074074074075 0.03496354166666667 0.048129629629629626
1 0.32921354166666666 0.9010185185185186 0.030348958333333335 0.03814814814814815
1 0.2595520833333333 0.9556296296296296 0.03006770833333333 0.04546296296296296
1 0.2501041666666667 0.9212037037037036 0.039328125000000005 0.030064814814814815
1 0.15320833333333334 0.952675925925926 0.04300520833333333 0.03956481481481481
0 0.05672916666666667 0.9756296296296297 0.08755729166666668 0.048740740740740744
0 0.375640625 0.7664166666666666 0.032088541666666665 0.03219444444444445
0 0.3383072916666666 0.7824814814814816 0.012828125 0.02089814814814815
0 0.5499375000000001 0.6341851851851852 0.022895833333333334 0.027111111111111114
0 0.6214739583333333 0.5517037037037037 0.019463541666666664 0.02912037037037037
0 0.6568645833333334 0.5339537037037037 0.024453125000000003 0.03037962962962963
0 0.6521458333333333 0.5116481481481482 0.0063437499999999996 0.012462962962962964
0 0.73765625 0.45640740740740743 0.033817708333333335 0.05227777777777778
0 0.7133333333333333 0.4658425925925926 0.011463541666666667 0.023287037037037037
0 0.7938177083333334 0.40836111111111106 0.014635416666666668 0.02187037037037037
0 0.8755000000000001 0.3263888888888889 0.013307291666666667 0.01824074074074074