1 0.7244322916666667 0.5160648148148148 0.040375 0.0497037037037037
1 0.4987864583333333 0.7372685185185185 0.0550625 0.06851851851851852
1 0.4763958333333333 0.8267314814814815 0.007864583333333333 0.01923148148148148
1 0.5068125 0.7887500000000001 0.008953125000000001 0.01785185185185185
1 0.64196875 0.6661574074074075 0.006500000000000001 0.023157407407407408
1 0.7198697916666668 0.5900555555555556 0.005744791666666666 0.017898148148148146
1 0.722125 0.5521018518518518 0.017770833333333333 0.017935185185185186
1 0.7539427083333333 0.5453518518518519 0.006260416666666667 0.016425925925925924
1 0.7568541666666667 0.5588240740740741 0.006072916666666667 0.02112037037037037
1 0.7773020833333334 0.4689537037037037 0.03544270833333333 0.047009259259259265
1 0.7830572916666667 0.5297685185185185 0.0035885416666666665 0.01676851851851852
1 0.8117395833333333 0.4461296296296296 0.017 0.02737962962962963
1 0.9263437499999999 0.3481666666666666 0.016395833333333335 0.023083333333333334
1 0.9523854166666667 0.30498148148148146 0.017197916666666667 0.01987962962962963
1 0.9548854166666667 0.3241203703703704 0.011807291666666667 0.01561111111111111
1 0.9770677083333333 0.3003425925925926 0.013791666666666667 0.022907407407407408
0 0.8919583333333333 0.3076851851851852 0.013671875 0.012268518518518519
0 0.8511822916666667 0.37474074074074076 0.020796875 0.02924074074074074
1 0.93865625 0.3610462962962963 0.006416666666666667 0.015583333333333331
1 0.9483229166666667 0.3619907407407407 0.006197916666666667 0.014583333333333334
1 0.9023333333333333 0.40093518518518517 0.004630208333333333 0.011472222222222222
1 0.8673697916666666 0.43257407407407406 0.004588541666666667 0.01112962962962963
1 0.877234375 0.4231574074074074 0.004968749999999999 0.008194444444444443
1 0.8836666666666667 0.42039814814814813 0.004130208333333333 0.009916666666666667
1 0.89465625 0.41916666666666663 0.004427083333333333 0.008898148148148148
1 0.8615416666666668 0.45187962962962963 0.005260416666666667 0.014296296296296297
1 0.811640625 0.48904629629629626 0.004187499999999999 0.014870370370370369
1 0.8298749999999999 0.4715648148148148 0.004729166666666667 0.011722222222222222
1 0.842578125 0.45878703703703705 0.0053593749999999996 0.013648148148148149
1 0.33470833333333333 0.9358518518518518 0.004765625 0.021194444444444446
1 0.34431770833333336 0.9313796296296296 0.00978125 0.03177777777777778
1 0.321171875 0.9515555555555556 0.004416666666666667 0.017166666666666667
1 0.30333854166666663 0.9680185185185185 0.010791666666666666 0.022611111111111113