1 0.20255208333333333 0.9159537037037038 0.07841145833333334 0.05045370370370371
1 0.577859375 0.6540185185185186 0.05721875 0.05444444444444444
1 0.8768333333333334 0.3910092592592593 0.031260416666666666 0.03203703703703704
1 0.4904322916666667 0.7341296296296297 0.06733333333333333 0.06847222222222223
1 0.11331770833333334 0.9338240740740741 0.06525 0.046842592592592595
0 0.6772291666666667 0.4997592592592593 0.017057291666666665 0.018083333333333333
1 0.32603125 0.8669722222222223 0.14115104166666667 0.08308333333333334
1 0.5508020833333334 0.7063703703703703 0.05047395833333333 0.04661111111111112
1 0.8313958333333333 0.4356388888888889 0.035916666666666666 0.03425925925925926
1 0.117015625 0.9703888888888889 0.051109375 0.04274074074074074
1 0.8358541666666667 0.4039259259259259 0.043546875 0.03278703703703703
1 0.5976874999999999 0.7122777777777778 0.024427083333333332 0.025805555555555557
0 0.8831875 0.3257777777777778 0.029130208333333334 0.0345462962962963
1 0.6539427083333333 0.5871018518518519 0.05524479166666666 0.05623148148148148
1 0.040328125000000006 0.9553425925925926 0.08065625000000001 0.0893148148148148
1 0.05503125 0.9802962962962963 0.07980729166666665 0.03939814814814815
1 0.2666510416666667 0.986648148148148 0.03153645833333333 0.026712962962962963
1 0.369328125 0.85775 0.03984375 0.05062962962962963
1 0.38442708333333336 0.8128981481481481 0.052473958333333334 0.05821296296296296
1 0.507703125 0.7942777777777779 0.029104166666666667 0.03112037037037037
1 0.530671875 0.7844166666666667 0.008380208333333333 0.02325925925925926
1 0.5726302083333333 0.7432592592592593 0.009171875 0.02383333333333333
1 0.6752187500000001 0.5962407407407407 0.019083333333333334 0.02588888888888889
1 0.6026458333333333 0.6733333333333333 0.020046875000000002 0.021027777777777777
1 0.7597239583333334 0.5466666666666666 0.017098958333333334 0.02149074074074074
1 0.6942864583333334 0.5407592592592593 0.04423958333333333 0.05789814814814815
1 0.7255625 0.5083888888888889 0.027838541666666668 0.04646296296296296
1 0.746703125 0.5013425925925926 0.015546875 0.02812962962962963
1 0.7587552083333333 0.48564814814814816 0.02569270833333333 0.03141666666666667
1 0.779015625 0.4635648148148148 0.033713541666666666 0.03716666666666667
1 0.85625 0.45725925925925925 0.004182291666666667 0.0145
1 0.844921875 0.4598240740740741 0.014645833333333334 0.015601851851851853
1 0.9050572916666667 0.39814814814814814 0.014635416666666668 0.01887962962962963
1 0.9058697916666667 0.3695555555555556 0.014598958333333334 0.020407407407407405
1 0.9487291666666666 0.3548148148148148 0.013692708333333333 0.01771296296296296
1 0.9725104166666667 0.33670370370370367 0.004442708333333333 0.015305555555555557
1 0.9726041666666667 0.3046018518518519 0.012984375 0.017805555555555557
0 0.9709635416666667 0.23891666666666664 0.0125625 0.015148148148148148
0 0.9571145833333333 0.26375925925925925 0.011526041666666665 0.018324074074074072
0 0.8991302083333333 0.2984074074074074 0.004036458333333334 0.011527777777777777
0 0.782515625 0.3961851851851852 0.004744791666666666 0.017296296296296296
0 0.7669583333333333 0.41794444444444445 0.0040416666666666665 0.013851851851851853
0 0.7653645833333333 0.4350555555555556 0.01617708333333333 0.01660185185185185
0 0.7100833333333333 0.4872962962962963 0.0136875 0.014453703703703703
0 0.486859375 0.6687037037037038 0.021447916666666667 0.021212962962962965
0 0.5549427083333334 0.6292037037037037 0.01915625 0.020185185185185184