1 0.8507708333333334 0.4244074074074074 0.014385416666666668 0.021703703703703704
0 0.8984114583333334 0.3174814814814815 0.013546875000000002 0.015277777777777777
0 0.82265625 0.3831388888888889 0.011484375 0.01591666666666667
0 0.9925052083333333 0.23988888888888887 0.014989583333333334 0.017879629629629627
0 0.7713177083333334 0.4096111111111111 0.006239583333333334 0.014768518518518518
0 0.7592083333333334 0.4309537037037037 0.005640625 0.016944444444444446
0 0.49786458333333333 0.6670277777777778 0.01922916666666667 0.021305555555555557
0 0.5363749999999999 0.6133981481481482 0.007604166666666666 0.019537037037037037
0 0.855453125 0.35748148148148146 0.01346875 0.019314814814814816
0 0.72103125 0.4621851851851852 0.004557291666666667 0.015379629629629629
0 0.93978125 0.2653055555555555 0.0034739583333333332 0.01300925925925926
1 0.70540625 0.6086574074074075 0.007192708333333334 0.02198148148148148
1 0.668125 0.6467962962962963 0.008395833333333333 0.022000000000000002
1 0.301015625 0.920675925925926 0.03006770833333333 0.036314814814814814