1 0.35 0.8861851851851852 0.03359375 0.03386111111111111
0 0.7452604166666668 0.4574259259259259 0.0194375 0.016407407407407405
1 0.254421875 0.9536388888888889 0.0328125 0.03481481481481482
1 0.47244270833333335 0.7895185185185185 0.02509895833333333 0.030518518518518518
1 0.7103072916666666 0.5624444444444445 0.018385416666666664 0.02611111111111111
1 0.802640625 0.507287037037037 0.0038958333333333336 0.01299074074074074
1 0.8138802083333334 0.488824074074074 0.004927083333333334 0.013351851851851853
1 0.8250260416666666 0.48974999999999996 0.005046875 0.015842592592592592
1 0.8309114583333332 0.4714537037037037 0.004848958333333334 0.01588888888888889
1 0.8497447916666666 0.45458333333333334 0.006598958333333333 0.02264814814814815
1 0.8680885416666667 0.4441481481481482 0.006796875 0.01912962962962963
1 0.8808489583333333 0.4291388888888889 0.005864583333333334 0.024481481481481483
1 0.8929322916666667 0.4052962962962963 0.0037552083333333335 0.015370370370370371
1 0.9038854166666667 0.3946388888888889 0.005354166666666666 0.013981481481481482
1 0.9095260416666666 0.40347222222222223 0.004197916666666667 0.014287037037037037
1 0.943421875 0.35771296296296295 0.00403125 0.013416666666666667
1 0.953171875 0.361 0.004416666666666667 0.01549074074074074
1 0.972921875 0.3411666666666667 0.0036145833333333334 0.010546296296296297
1 0.9914895833333334 0.3096851851851852 0.005890625 0.0125
1 0.975234375 0.3214259259259259 0.0049947916666666665 0.015416666666666665
1 0.9809479166666667 0.3299074074074074 0.0038333333333333336 0.011796296296296296
0 0.6748177083333334 0.509824074074074 0.03714583333333333 0.054064814814814816
0 0.796875 0.38958333333333334 0.017171875 0.019148148148148147
0 0.8965625 0.29827777777777775 0.007072916666666667 0.008925925925925926
0 0.9114322916666667 0.2876666666666667 0.005213541666666667 0.01651851851851852