1 0.5363906249999999 0.6966944444444444 0.03705208333333333 0.0555
1 0.334375 0.8705185185185185 0.08428125 0.08013888888888888
0 0.4517291666666667 0.7219259259259259 0.026661458333333332 0.024462962962962964
0 0.27003125 0.8211481481481482 0.0069947916666666665 0.019064814814814816
1 0.8995 0.3480092592592593 0.031890625 0.050444444444444445
1 0.6133072916666666 0.6604074074074074 0.02459895833333333 0.03347222222222222
0 0.7816770833333333 0.4159907407407407 0.005427083333333333 0.015212962962962963
0 0.42204687500000004 0.7515833333333334 0.027802083333333335 0.02447222222222222
0 0.05625 0.8983888888888889 0.044546875 0.038481481481481485
0 0.9072760416666666 0.29189814814814813 0.007411458333333333 0.018407407407407407
1 0.653203125 0.6148148148148148 0.023604166666666666 0.03388888888888889
1 0.5725 0.7011759259259259 0.021208333333333333 0.024694444444444446
1 0.5705989583333333 0.7398888888888889 0.008369791666666666 0.02560185185185185
1 0.5421197916666666 0.7657314814814815 0.007104166666666667 0.02137037037037037
1 0.6510052083333334 0.6551481481481481 0.008109375 0.024564814814814817
1 0.7051875 0.5677777777777778 0.018359375 0.025324074074074075
1 0.49670312499999997 0.7644722222222222 0.023093750000000003 0.03556481481481481
1 0.51671875 0.7925462962962964 0.009817708333333335 0.02549074074074074
1 0.764625 0.5083981481481482 0.017239583333333332 0.017962962962962962
1 0.8094583333333334 0.4636574074074074 0.015713541666666667 0.026250000000000002
1 0.84403125 0.40658333333333335 0.019776041666666667 0.03960185185185185
1 0.878796875 0.4294537037037037 0.004489583333333333 0.016638888888888887
1 0.9513854166666668 0.3604351851851852 0.004234375 0.016666666666666666
1 0.9577500000000001 0.3188425925925926 0.0130625 0.01803703703703704
0 0.7692708333333333 0.4097314814814815 0.004682291666666667 0.016833333333333332
0 0.7363802083333333 0.4381666666666667 0.003578125 0.016888888888888887
0 0.74528125 0.4305462962962963 0.005098958333333333 0.018814814814814815
0 0.7255625 0.4759259259259259 0.018640625 0.019722222222222224
0 0.8247916666666666 0.36325 0.0036302083333333334 0.013037037037037038
0 0.7075833333333333 0.4787037037037037 0.004317708333333333 0.016703703703703703
0 0.693125 0.48960185185185184 0.0038750000000000004 0.015379629629629629
0 0.6894218750000001 0.47918518518518516 0.003958333333333333 0.014361111111111111
0 0.653125 0.5137314814814815 0.005098958333333333 0.027305555555555555
0 0.524046875 0.6237407407407407 0.005744791666666666 0.024037037037037037
0 0.43265625 0.7102037037037037 0.005822916666666666 0.022555555555555554
0 0.43990104166666666 0.6972592592592592 0.007927083333333333 0.020453703703703703
0 0.38063541666666667 0.7788518518518518 0.06528125 0.07266666666666667
0 0.3053489583333333 0.7977685185185186 0.011713541666666666 0.02460185185185185