0 0.3638177083333333 0.787712962962963 0.031328125 0.03163888888888889
1 0.7435052083333333 0.5263703703703704 0.01825 0.025546296296296296
0 0.6789583333333333 0.5137222222222223 0.020572916666666666 0.02578703703703704
0 0.8537239583333334 0.3557592592592593 0.015796875 0.01874074074074074
1 0.42713020833333337 0.8264351851851851 0.03172395833333333 0.040324074074074075
1 0.8780625000000001 0.39966666666666667 0.018187500000000002 0.020953703703703704
0 0.8190885416666667 0.37747222222222226 0.016182291666666668 0.016277777777777776
1 0.6814531250000001 0.6270648148148148 0.016546875 0.026453703703703705
0 0.729703125 0.47081481481481485 0.01709375 0.02110185185185185
0 0.7312604166666666 0.4507777777777778 0.01584375 0.017898148148148146
1 0.31248437500000004 0.9128611111111111 0.03777604166666667 0.043944444444444446
0 0.892671875 0.3094444444444444 0.015369791666666667 0.015361111111111112
0 0.018869791666666667 0.9107314814814815 0.030291666666666665 0.028333333333333335
0 0.8733802083333334 0.33258333333333334 0.01121875 0.01674074074074074
1 0.5185260416666667 0.7106851851851852 0.035046875000000005 0.05475
0 0.5389791666666667 0.6079074074074073 0.005161458333333333 0.022916666666666665
0 0.5500104166666666 0.608824074074074 0.005203125 0.02062962962962963
1 0.6159010416666667 0.7010462962962963 0.009796875 0.021249999999999998
1 0.6665781249999999 0.6511203703703704 0.008208333333333333 0.020027777777777776
1 0.8442916666666667 0.43300925925925926 0.014635416666666668 0.023194444444444445
1 0.9060416666666666 0.3702222222222222 0.014833333333333334 0.01912962962962963
0 0.977703125 0.24775925925925923 0.012791666666666666 0.014592592592592593
0 0.9635625 0.23969444444444446 0.004651041666666666 0.011287037037037036
0 0.9663958333333333 0.2705277777777778 0.0100625 0.014166666666666668
0 0.9472447916666666 0.2739259259259259 0.011541666666666667 0.012555555555555556
0 0.9318385416666667 0.2860925925925926 0.011567708333333334 0.016564814814814817