1 0.10475 0.9637685185185184 0.09265104166666666 0.07002777777777777
1 0.43913541666666667 0.7451481481481481 0.070828125 0.06736111111111111
0 0.20350520833333335 0.8453981481481482 0.08841666666666666 0.06522222222222222
1 0.5098854166666666 0.7864444444444445 0.026838541666666667 0.02450925925925926
1 0.45850520833333336 0.8040092592592593 0.030083333333333333 0.027444444444444445
1 0.26908333333333334 0.9846481481481482 0.0325 0.02725925925925926
1 0.7581562500000001 0.5529537037037038 0.025411458333333335 0.01963888888888889
1 0.8897864583333334 0.41760185185185184 0.019005208333333336 0.013268518518518518
1 0.29728645833333334 0.9551574074074074 0.030583333333333334 0.029037037037037035
1 0.34574479166666666 0.8703611111111111 0.04180208333333334 0.029962962962962962
1 0.38409375 0.890925925925926 0.029729166666666664 0.027138888888888886
1 0.7775 0.5323888888888889 0.02508854166666667 0.018314814814814815
1 0.8117656249999999 0.46725 0.017989583333333333 0.014842592592592593
1 0.48837499999999995 0.7549722222222223 0.030494791666666667 0.024685185185185185
1 0.6282656249999999 0.6474444444444445 0.02325 0.02022222222222222
1 0.39421354166666667 0.8288240740740741 0.03578645833333333 0.02624074074074074
1 0.5356770833333333 0.7706759259259259 0.023911458333333333 0.019842592592592592
1 0.7341718749999999 0.5714814814814815 0.021213541666666665 0.016925925925925928
1 0.44911979166666666 0.787537037037037 0.029458333333333333 0.026814814814814816
1 0.2503489583333333 0.9680462962962963 0.036520833333333336 0.030944444444444445
1 0.6669791666666666 0.5831388888888889 0.0215625 0.01825925925925926
1 0.21799479166666666 0.9872222222222222 0.03638020833333333 0.024259259259259258
1 0.4434427083333333 0.8466018518518519 0.029015625 0.027287037037037037
1 0.36666666666666664 0.8786851851851852 0.031447916666666666 0.02942592592592593
1 0.19244270833333335 0.9861759259259258 0.03094791666666667 0.022824074074074073
1 0.2857135416666667 0.9408611111111111 0.042078125 0.030768518518518514
1 0.6408124999999999 0.6693240740740741 0.019020833333333334 0.015416666666666665
1 0.6880208333333333 0.6195185185185186 0.025729166666666668 0.017185185185185185
1 0.5725104166666667 0.7294351851851851 0.024260416666666666 0.020703703703703703
1 0.42334375 0.8114814814814815 0.03291145833333333 0.024953703703703704
1 0.73725 0.5126574074074074 0.02615625 0.023046296296296297
1 0.5828854166666667 0.6962777777777778 0.032010416666666666 0.023796296296296295
1 0.7531041666666667 0.5290092592592593 0.02538020833333333 0.020092592592592592
0 0.6922135416666666 0.4886203703703704 0.019932291666666668 0.022203703703703705
1 0.560453125 0.7156944444444445 0.02690625 0.021212962962962965
1 0.9256302083333333 0.33442592592592596 0.021104166666666667 0.017055555555555556
1 0.5303489583333333 0.7447037037037036 0.026348958333333335 0.016203703703703703
1 0.7089791666666667 0.5696296296296297 0.023567708333333333 0.016638888888888887
1 0.9400416666666668 0.33999074074074076 0.021166666666666667 0.014462962962962962
0 0.622140625 0.5716944444444444 0.022817708333333336 0.01713888888888889
1 0.8916458333333334 0.3901481481481482 0.01699479166666667 0.015268518518518516
1 0.5084270833333333 0.763 0.025859375 0.024916666666666667
1 0.43340625 0.8262592592592592 0.025208333333333333 0.025824074074074076
1 0.906796875 0.37227777777777776 0.017807291666666666 0.012583333333333334
1 0.5304010416666667 0.726537037037037 0.027791666666666666 0.02089814814814815
1 0.606671875 0.6570555555555556 0.023677083333333335 0.022064814814814815
1 0.9462135416666667 0.3206574074074074 0.019848958333333333 0.014324074074074074
1 0.013604166666666667 0.9654537037037038 0.027203124999999998 0.0690925925925926
1 0.6752604166666667 0.6317222222222222 0.022302083333333333 0.016962962962962964
1 0.5527656249999999 0.7573148148148148 0.022817708333333336 0.017842592592592594
1 0.309953125 0.8969814814814815 0.023187500000000003 0.02824074074074074
1 0.33011979166666666 0.9043981481481481 0.030234374999999997 0.02702777777777778
1 0.3331145833333334 0.9295648148148148 0.026515624999999998 0.02761111111111111
1 0.35771354166666663 0.9104074074074074 0.020557291666666665 0.02967592592592592
1 0.2593020833333333 0.9322037037037036 0.026708333333333334 0.03248148148148148
1 0.22609895833333335 0.9547870370370372 0.027302083333333334 0.03352777777777778
1 0.15632812499999998 0.9907407407407407 0.030322916666666665 0.018518518518518517
1 0.39233854166666665 0.8551296296296296 0.025770833333333333 0.025425925925925928
1 0.50434375 0.7345555555555556 0.022520833333333334 0.020953703703703704
1 0.5261302083333333 0.7180462962962963 0.021817708333333335 0.020037037037037037
1 0.609328125 0.6916111111111112 0.017130208333333334 0.02264814814814815
1 0.6241354166666666 0.678287037037037 0.016473958333333334 0.02476851851851852
1 0.5695052083333334 0.6749259259259259 0.016682291666666668 0.02203703703703704
1 0.5493697916666667 0.6943148148148148 0.02090104166666667 0.028731481481481483
1 0.6584322916666667 0.647787037037037 0.016765625 0.02287037037037037
1 0.6466927083333334 0.6230833333333333 0.018755208333333332 0.03001851851851852
1 0.6651302083333334 0.6084074074074074 0.01609375 0.020046296296296295
1 0.7049739583333333 0.5977685185185185 0.02023958333333333 0.023592592592592592
1 0.681484375 0.5912222222222222 0.018583333333333334 0.02634259259259259
1 0.6824166666666667 0.5646851851851852 0.016244791666666668 0.02237037037037037
1 0.7003854166666666 0.549962962962963 0.01884375 0.023203703703703702
1 0.7217760416666666 0.53225 0.018364583333333333 0.021925925925925925
1 0.7385937499999999 0.5338796296296296 0.013651041666666667 0.018046296296296296
1 0.7272395833333333 0.551138888888889 0.018395833333333333 0.01776851851851852
1 0.7491614583333334 0.4982592592592593 0.015895833333333335 0.02560185185185185
1 0.7639635416666667 0.4873796296296296 0.016536458333333334 0.019574074074074074
1 0.7792083333333333 0.49567592592592596 0.017411458333333334 0.02673148148148148
1 0.7660260416666667 0.5116296296296295 0.013817708333333335 0.017435185185185182
1 0.7905156249999999 0.48222222222222216 0.012979166666666668 0.019564814814814813
1 0.7820989583333334 0.47021296296296294 0.016447916666666666 0.022425925925925926
1 0.8023020833333334 0.4993703703703704 0.015463541666666667 0.023546296296296294
1 0.8129114583333333 0.48913888888888885 0.01321875 0.019953703703703703
1 0.823296875 0.47563888888888894 0.017541666666666667 0.01753703703703704
1 0.8360625 0.46347222222222223 0.014213541666666666 0.017805555555555557
1 0.8465625 0.4544074074074074 0.014765625000000001 0.016564814814814817
1 0.8082760416666667 0.448712962962963 0.015734375000000002 0.020027777777777776
1 0.8258489583333334 0.43147222222222226 0.0113125 0.016157407407407405
1 0.8224166666666667 0.45302777777777775 0.014317708333333333 0.01837037037037037
1 0.85809375 0.43854629629629627 0.014229166666666666 0.019435185185185184
1 0.8351979166666667 0.4421111111111111 0.012723958333333334 0.01713888888888889
1 0.8369270833333334 0.4209814814814815 0.013609375 0.01690740740740741
1 0.8492031250000001 0.4263703703703704 0.016729166666666666 0.02052777777777778
1 0.8729739583333332 0.4286203703703704 0.014390624999999999 0.02274074074074074
1 0.8607708333333334 0.41871296296296295 0.011130208333333334 0.016083333333333335
1 0.848484375 0.40700000000000003 0.010765625000000001 0.012962962962962963
1 0.8598020833333333 0.39814814814814814 0.011619791666666665 0.015277777777777777
1 0.8687968749999999 0.4095277777777778 0.013578125 0.016027777777777776
1 0.8772135416666667 0.39864814814814814 0.010739583333333334 0.013425925925925926
1 0.8675833333333334 0.39065740740740745 0.012624999999999999 0.014027777777777778
1 0.8766093749999999 0.3814444444444444 0.012427083333333333 0.013324074074074075
1 0.8870989583333333 0.37000925925925926 0.012687499999999999 0.01591666666666667
1 0.9010677083333333 0.4001018518518519 0.012088541666666668 0.015185185185185184
1 0.9094218749999999 0.39337037037037037 0.013885416666666667 0.016592592592592593
1 0.919921875 0.3810555555555556 0.013630208333333334 0.01512962962962963
1 0.9305364583333334 0.37156481481481485 0.011869791666666666 0.013870370370370371
1 0.8971979166666666 0.35712962962962963 0.012338541666666668 0.01588888888888889
1 0.9201302083333334 0.35874074074074075 0.010963541666666667 0.014537037037037036
1 0.938546875 0.3632314814814815 0.011609375 0.014092592592592592
1 0.9443385416666668 0.3579351851851852 0.014187499999999999 0.015509259259259259
1 0.9090989583333333 0.34750000000000003 0.012979166666666668 0.015212962962962963
1 0.956203125 0.3466388888888889 0.015875 0.015203703703703705
1 0.9671197916666666 0.33216666666666667 0.016395833333333335 0.02059259259259259
1 0.9542395833333334 0.32414814814814813 0.010791666666666666 0.017425925925925925
1 0.9454375 0.31475925925925924 0.011182291666666667 0.01437037037037037
1 0.9582708333333334 0.3012407407407407 0.010296875 0.013657407407407408
1 0.9702135416666666 0.3088518518518519 0.01359375 0.015435185185185187
1 0.9769791666666666 0.32169444444444445 0.010510416666666666 0.01423148148148148
1 0.97890625 0.2993981481481482 0.00746875 0.013111111111111112
1 0.97065625 0.2905462962962963 0.010130208333333333 0.013425925925925926
1 0.9767864583333333 0.2821944444444444 0.010744791666666666 0.011296296296296296
1 0.9872656249999999 0.2916759259259259 0.007640625 0.01425
1 0.9946979166666666 0.2681944444444444 0.010604166666666666 0.015037037037037036
0 0.963125 0.2480925925925926 0.022770833333333334 0.04251851851851852
0 0.9243333333333333 0.28037962962962965 0.0036510416666666666 0.010935185185185185
0 0.9168906250000001 0.2792685185185185 0.002932291666666667 0.014611111111111111
0 0.9184895833333333 0.299787037037037 0.012776041666666666 0.016092592592592592
0 0.8598802083333333 0.3300092592592593 0.0035 0.013351851851851853
0 0.8490416666666667 0.35014814814814815 0.014067708333333335 0.01301851851851852
0 0.7958125 0.4102685185185185 0.016354166666666666 0.02175925925925926
0 0.7665520833333334 0.4123148148148148 0.0038125000000000004 0.015083333333333332
0 0.5111927083333333 0.6669537037037037 0.02219270833333333 0.023564814814814813
0 0.5146197916666667 0.6355000000000001 0.006098958333333334 0.019574074074074074
0 0.4434166666666667 0.6985 0.006697916666666666 0.023203703703703702
0 0.42648958333333337 0.714037037037037 0.008364583333333333 0.01859259259259259
0 0.2867395833333333 0.8095462962962963 0.010624999999999999 0.023787037037037037
0 0.04636979166666667 0.892212962962963 0.01103125 0.0195
0 0.03709375 0.9017314814814815 0.015895833333333335 0.02550925925925926
1 0.59065625 0.6516296296296297 0.017979166666666668 0.023324074074074077
1 0.6112864583333334 0.6310092592592592 0.017989583333333333 0.02348148148148148
1 0.629390625 0.6129907407407407 0.017161458333333334 0.025212962962962965
1 0.6492447916666666 0.597 0.016723958333333334 0.019796296296296294