0 0.7746770833333334 0.42567592592592596 0.03461979166666666 0.047518518518518515
0 0.07566145833333333 0.8961018518518519 0.046614583333333334 0.027074074074074073
0 0.9817812499999999 0.2280462962962963 0.014635416666666668 0.01423148148148148
0 0.58425 0.7302685185185186 0.009119791666666667 0.027722222222222224
0 0.5090364583333333 0.8008888888888889 0.008463541666666666 0.020481481481481482
0 0.5597395833333334 0.7430740740740741 0.007703125 0.020787037037037038
0 0.86515625 0.4383148148148148 0.006072916666666667 0.021944444444444444
0 0.8237395833333333 0.487537037037037 0.007239583333333333 0.021037037037037035
0 0.9441302083333334 0.36224074074074075 0.008192708333333333 0.019324074074074073
0 0.9272395833333333 0.3754074074074074 0.0046875 0.019787037037037037
0 0.9819895833333334 0.3223611111111111 0.0036562499999999998 0.02312037037037037