1 0.615375 0.6202037037037037 0.05191666666666667 0.04973148148148148
0 0.037390625000000004 0.9125185185185185 0.045869791666666666 0.027953703703703706
1 0.386390625 0.8883055555555556 0.028963541666666665 0.029796296296296296
1 0.6453229166666666 0.6586574074074074 0.024187499999999997 0.019694444444444445
1 0.6133645833333333 0.6964074074074074 0.025432291666666666 0.01925
1 0.588546875 0.7176944444444444 0.024369791666666665 0.023574074074074074
1 0.6660260416666667 0.5925 0.030916666666666665 0.03060185185185185
1 0.7855885416666666 0.5160925925925925 0.021921875 0.018222222222222223
1 0.663515625 0.645 0.020630208333333334 0.016666666666666666
1 0.20321354166666666 0.9852222222222222 0.053234374999999994 0.025972222222222223
1 0.46472916666666664 0.7953518518518519 0.022708333333333334 0.03337962962962963
1 0.46332812500000004 0.8018518518518518 0.027291666666666665 0.021722222222222223
1 0.4810520833333333 0.7393888888888889 0.03453125 0.057129629629629634
1 0.7261510416666667 0.5725277777777779 0.02290625 0.01962962962962963
0 0.4451822916666667 0.7281111111111112 0.023114583333333334 0.02790740740740741
0 0.46536458333333336 0.6871018518518519 0.021958333333333333 0.021824074074074076
0 0.39480729166666667 0.7426944444444444 0.010723958333333334 0.02412962962962963
0 0.4091927083333333 0.7256296296296296 0.011291666666666667 0.02476851851851852
0 0.42848437500000003 0.7090092592592593 0.009244791666666667 0.020814814814814814
0 0.5260416666666666 0.6199629629629629 0.005604166666666666 0.015657407407407408
0 0.4481875 0.7005185185185184 0.008536458333333333 0.0202962962962963
0 0.602828125 0.5837407407407408 0.016723958333333334 0.020990740740740744
0 0.670734375 0.5009444444444444 0.007911458333333333 0.020092592592592592
0 0.6924166666666667 0.4844814814814815 0.009963541666666666 0.021935185185185186
0 0.787265625 0.415425925925926 0.016572916666666666 0.02015740740740741
0 0.8607656250000001 0.33014814814814814 0.006588541666666667 0.014296296296296297
0 0.8914322916666666 0.30344444444444446 0.0036145833333333334 0.007555555555555556
0 0.7979479166666666 0.3852407407407407 0.014770833333333334 0.012851851851851852
1 0.2534895833333333 0.9642222222222221 0.03344270833333333 0.03531481481481481
1 0.24580729166666665 0.947925925925926 0.029765625 0.029249999999999998
1 0.2600625 0.987925925925926 0.03367708333333333 0.024148148148148148
1 0.2982552083333333 0.9645 0.029348958333333335 0.033120370370370376
1 0.2933385416666667 0.9371111111111111 0.028885416666666667 0.028666666666666667
1 0.2977447916666666 0.9123888888888889 0.031401041666666664 0.0350462962962963
1 0.32733333333333337 0.9080648148148148 0.028838541666666665 0.02639814814814815
1 0.3302864583333333 0.9340648148148147 0.030140624999999997 0.02988888888888889
1 0.35728645833333333 0.9137129629629629 0.025036458333333334 0.03677777777777778
1 0.35805729166666667 0.8878703703703703 0.024520833333333332 0.029
1 0.354890625 0.8668888888888889 0.031885416666666666 0.03187962962962963
1 0.3822552083333333 0.865925925925926 0.025536458333333335 0.018046296296296296
1 0.385984375 0.8389074074074074 0.026822916666666665 0.02899074074074074
1 0.40938541666666667 0.837287037037037 0.02840625 0.03947222222222223
1 0.4399427083333334 0.845462962962963 0.031114583333333334 0.04210185185185185
1 0.43684375000000003 0.8217222222222222 0.022385416666666665 0.03303703703703704
1 0.443953125 0.7934814814814816 0.024119791666666668 0.028722222222222222
1 0.4875989583333334 0.8038055555555556 0.023807291666666668 0.03197222222222222
1 0.49014062500000005 0.7746296296296297 0.021625000000000002 0.02135185185185185
1 0.5243020833333333 0.7760925925925926 0.024468749999999997 0.028953703703703704
1 0.5087864583333334 0.7537870370370371 0.022807291666666667 0.028305555555555556
1 0.5317760416666667 0.7427314814814815 0.021343749999999998 0.028666666666666667
1 0.55084375 0.7516481481481482 0.018932291666666667 0.02697222222222222
1 0.5684166666666666 0.7347314814814815 0.016765625 0.024398148148148148
1 0.5665520833333333 0.7050555555555555 0.018567708333333332 0.02762962962962963
1 0.5415833333333333 0.6940925925925926 0.04803645833333334 0.05951851851851852
1 0.5777291666666666 0.6698148148148148 0.02264583333333333 0.023407407407407408
1 0.605828125 0.66525 0.015005208333333332 0.019092592592592595
1 0.6304166666666667 0.6759814814814814 0.018671875 0.024481481481481483
1 0.5900572916666668 0.687675925925926 0.018994791666666667 0.022175925925925925
1 0.6563385416666667 0.621287037037037 0.017135416666666667 0.017898148148148146
1 0.6817291666666667 0.6219259259259259 0.01971875 0.027620370370370368
1 0.710046875 0.5951018518518519 0.017718750000000002 0.02013888888888889
1 0.6726041666666667 0.5710833333333333 0.01719270833333333 0.020685185185185185
1 0.6920468750000001 0.581287037037037 0.013541666666666667 0.019407407407407408
1 0.7000260416666666 0.5701574074074074 0.013171875 0.017222222222222222
1 0.6857343749999999 0.562675925925926 0.013130208333333334 0.017527777777777778
1 0.6976614583333334 0.5485277777777777 0.012364583333333333 0.018935185185185183
1 0.715625 0.5574814814814815 0.016979166666666667 0.019592592592592592
1 0.7127760416666666 0.5374722222222222 0.015447916666666667 0.01771296296296296
1 0.7306875 0.5422314814814815 0.012369791666666666 0.016388888888888887
1 0.7486354166666668 0.5569722222222222 0.016010416666666666 0.018157407407407407
1 0.742515625 0.5331296296296296 0.012432291666666668 0.015842592592592592
1 0.7257760416666666 0.5205555555555555 0.011588541666666667 0.017601851851851855
1 0.7606927083333334 0.5433981481481481 0.01403125 0.017916666666666668
1 0.7733385416666666 0.5329444444444444 0.012 0.018296296296296297
1 0.7428489583333333 0.5058333333333332 0.012171875 0.01746296296296296
1 0.7576979166666666 0.5175555555555555 0.013692708333333333 0.020046296296296295
1 0.7522135416666667 0.4921759259259259 0.011333333333333334 0.02026851851851852
1 0.7684895833333333 0.5057037037037037 0.008145833333333333 0.014796296296296297
1 0.7992083333333333 0.502287037037037 0.01265625 0.018407407407407407
1 0.7831822916666666 0.4930277777777778 0.01309375 0.017555555555555557
1 0.8127291666666667 0.493712962962963 0.012041666666666668 0.018518518518518517
1 0.8231875 0.48055555555555557 0.013484375 0.018305555555555554
1 0.8378958333333333 0.4698703703703703 0.012078125 0.018222222222222223
1 0.8060104166666666 0.47264814814814815 0.013505208333333333 0.019759259259259258
1 0.8334947916666666 0.4405925925925926 0.017729166666666667 0.01672222222222222
1 0.8226718749999999 0.45931481481481484 0.015526041666666665 0.01599074074074074
1 0.84646875 0.45362962962962966 0.014802083333333334 0.016657407407407405
1 0.8623958333333334 0.43898148148148153 0.016604166666666666 0.018685185185185187
1 0.8438645833333334 0.4000462962962963 0.026791666666666665 0.043194444444444445
1 0.87578125 0.4274074074074074 0.012197916666666668 0.01923148148148148
1 0.8761302083333333 0.40084259259259264 0.011723958333333334 0.01588888888888889
1 0.87890625 0.3686203703703704 0.01573958333333333 0.02411111111111111
1 0.8936041666666666 0.40759259259259256 0.012010416666666666 0.016129629629629633
1 0.9057604166666666 0.39718518518518514 0.012296875 0.019416666666666665
1 0.91115625 0.3686574074074074 0.013151041666666667 0.015351851851851851
1 0.9254583333333334 0.3529722222222222 0.011994791666666667 0.015712962962962963
1 0.9109270833333334 0.34592592592592597 0.009890624999999998 0.012462962962962964
1 0.9409062499999999 0.35941666666666666 0.013177083333333334 0.014537037037037036
1 0.9415208333333334 0.3484166666666667 0.0171875 0.015435185185185187
1 0.9411770833333333 0.3326851851851852 0.012666666666666666 0.017694444444444443
1 0.9366875 0.3216574074074074 0.013171875 0.013712962962962963
1 0.9535312499999999 0.3424351851851852 0.008932291666666667 0.01951851851851852
1 0.9660781249999999 0.3354537037037037 0.010713541666666666 0.018416666666666668
1 0.9744947916666666 0.3292685185185185 0.006526041666666666 0.01649074074074074
1 0.9559531250000001 0.3262685185185185 0.0096875 0.012083333333333335
1 0.9641354166666667 0.31583333333333335 0.010984375 0.012898148148148148
1 0.9542604166666667 0.3035555555555555 0.011734375 0.014055555555555556
1 0.9706145833333333 0.28959259259259257 0.011916666666666666 0.01423148148148148
1 0.9795625 0.29738888888888887 0.008583333333333333 0.012555555555555556
1 0.9830885416666667 0.3207407407407407 0.010432291666666668 0.016694444444444446
1 0.9929739583333334 0.3080185185185185 0.012708333333333332 0.01174074074074074
1 0.9903489583333334 0.29021296296296295 0.011859375 0.009453703703703704
1 0.9831927083333334 0.280712962962963 0.014026041666666666 0.010518518518518517
0 0.976578125 0.23575000000000002 0.0043906249999999996 0.00974074074074074
0 0.9838958333333333 0.2229537037037037 0.0033072916666666663 0.007425925925925925