0 0.35884895833333336 0.772824074074074 0.030296875 0.03150925925925926
0 0.461265625 0.6795092592592593 0.0059947916666666665 0.02082407407407407
0 0.089328125 0.8909351851851852 0.10591145833333333 0.06975925925925926
0 0.6125677083333334 0.5594537037037037 0.004671875000000001 0.018796296296296297
0 0.6161875 0.5443703703703703 0.0037135416666666666 0.01725925925925926
0 0.6502031250000001 0.5437777777777778 0.01784375 0.01937037037037037
0 0.7704895833333333 0.40729629629629627 0.0045000000000000005 0.015583333333333331
0 0.8240572916666667 0.3700925925925926 0.015458333333333333 0.01725925925925926
0 0.8350729166666666 0.3517037037037037 0.0031354166666666666 0.014777777777777779
0 0.9460104166666666 0.26561111111111113 0.012572916666666666 0.014046296296296296
0 0.9993229166666667 0.20526851851851852 0.0013541666666666667 0.010796296296296297
1 0.9566822916666666 0.3226203703703704 0.013307291666666667 0.017675925925925925
1 0.9849270833333333 0.31707407407407406 0.00453125 0.016453703703703703
1 0.9507864583333333 0.35900925925925925 0.0037708333333333335 0.015287037037037038
1 0.925765625 0.34885185185185186 0.016286458333333333 0.023157407407407408
1 0.9331302083333333 0.36941666666666667 0.005838541666666667 0.01462962962962963
1 0.8928645833333333 0.4086574074074074 0.005197916666666667 0.013601851851851851
1 0.8877135416666667 0.42407407407407405 0.005630208333333333 0.014287037037037037
1 0.8790885416666666 0.3983703703703704 0.016369791666666668 0.021203703703703704
1 0.8531458333333333 0.4236666666666667 0.016036458333333333 0.017314814814814814
1 0.8712708333333333 0.43739814814814815 0.0063124999999999995 0.026453703703703705
1 0.8555520833333333 0.44589814814814815 0.004192708333333334 0.014324074074074074
1 0.8424270833333334 0.4640925925925926 0.0056875 0.009842592592592594
1 0.8261666666666667 0.47495370370370377 0.006197916666666667 0.009027777777777777
1 0.823859375 0.4903333333333333 0.005020833333333334 0.013953703703703704
1 0.80275 0.4973611111111111 0.004020833333333333 0.017657407407407406
1 0.7956354166666666 0.5167685185185186 0.0040572916666666665 0.01374074074074074
1 0.7410989583333334 0.571324074074074 0.005703125 0.01902777777777778
1 0.7157916666666666 0.5154074074074074 0.03910416666666667 0.05376851851851852
1 0.7052656249999999 0.56225 0.03259375 0.048907407407407406
1 0.7115052083333333 0.5953888888888889 0.007015625 0.020666666666666667
1 0.689671875 0.628824074074074 0.0049375 0.021296296296296296
1 0.6793229166666667 0.6275833333333333 0.007140625 0.021175925925925928
1 0.6608385416666667 0.6367777777777778 0.007390625 0.01936111111111111
1 0.6544114583333334 0.6637129629629629 0.0057083333333333335 0.02061111111111111
1 0.6288229166666667 0.6768148148148149 0.007479166666666666 0.02052777777777778
1 0.6141249999999999 0.6996666666666667 0.007276041666666667 0.024407407407407405
1 0.5914843750000001 0.7226296296296297 0.008161458333333333 0.023842592592592592
1 0.5592760416666667 0.7502592592592592 0.006796875 0.02037962962962963
1 0.547828125 0.7704166666666666 0.011010416666666667 0.02451851851851852
1 0.5674375 0.7046574074074073 0.022479166666666665 0.03064814814814815
1 0.496125 0.8100648148148148 0.009692708333333333 0.03100925925925926
1 0.4609583333333333 0.7963888888888889 0.028239583333333332 0.03748148148148148
1 0.4776458333333334 0.824388888888889 0.008041666666666666 0.02300925925925926
1 0.48683333333333334 0.8040185185185186 0.008723958333333334 0.022675925925925926
1 0.44917708333333334 0.8545925925925927 0.009260416666666667 0.021425925925925928
1 0.44307812500000004 0.8486944444444445 0.008916666666666666 0.023712962962962963
1 0.28843749999999996 0.8844074074074074 0.085890625 0.0806388888888889