0 0.9438489583333334 0.26749074074074075 0.010239583333333333 0.01721296296296296
0 0.83996875 0.3553703703703704 0.013104166666666667 0.02287037037037037
0 0.5482083333333333 0.6246296296296296 0.044536458333333334 0.05438888888888889
0 0.7226197916666667 0.45921296296296293 0.011182291666666667 0.02387962962962963
0 0.7294531249999999 0.4728611111111111 0.01777604166666667 0.02
0 0.6404270833333333 0.5280462962962963 0.004 0.019694444444444445
0 0.6542864583333333 0.5378055555555556 0.018333333333333333 0.02100925925925926
0 0.5047291666666667 0.6530277777777778 0.020958333333333336 0.024972222222222222
0 0.42450520833333333 0.7157222222222223 0.007822916666666667 0.021935185185185186
0 0.40667187499999996 0.7483981481481481 0.006854166666666666 0.032685185185185185
0 0.2566041666666667 0.8373518518518519 0.032609375 0.02050925925925926
1 0.6768229166666667 0.5610740740740741 0.041192708333333335 0.05734259259259259
1 0.7121197916666666 0.5606018518518519 0.017687500000000002 0.02664814814814815
1 0.7346666666666667 0.5784537037037037 0.006447916666666667 0.018074074074074072
1 0.7076614583333334 0.6012314814814815 0.007921875 0.021416666666666667