0 0.83878125 0.36640740740740746 0.019234375 0.02549074074074074
0 0.6618333333333334 0.5299074074074074 0.022046875 0.03226851851851852
0 0.47520833333333334 0.6802870370370371 0.007130208333333333 0.022509259259259257
1 0.5628541666666667 0.7089166666666666 0.021666666666666667 0.025212962962962965
1 0.502328125 0.7619259259259259 0.022927083333333334 0.02725
1 0.44019791666666663 0.8607777777777778 0.0070625 0.024972222222222222
1 0.2672083333333333 0.9888703703703704 0.006734375 0.02226851851851852
1 0.327890625 0.9446111111111111 0.011104166666666667 0.018833333333333334
1 0.30235416666666665 0.9724259259259259 0.015015625 0.020657407407407406
1 0.38803125 0.8907685185185185 0.007859375 0.026046296296296297
1 0.3992395833333333 0.8941481481481481 0.008994791666666667 0.02625925925925926
1 0.16598958333333333 0.9391944444444444 0.0979375 0.08435185185185184
1 0.07884895833333333 0.9488425925925926 0.126609375 0.09923148148148149
1 0.6163437500000001 0.6508148148148148 0.024755208333333334 0.036287037037037034
1 0.6121041666666667 0.6965462962962963 0.0074531250000000005 0.024481481481481483
1 0.5391354166666668 0.7729907407407408 0.0081875 0.015194444444444444
1 0.6293385416666666 0.6707407407407407 0.006942708333333334 0.014314814814814815
1 0.6374895833333334 0.675675925925926 0.004546875000000001 0.01400925925925926
1 0.6509895833333333 0.65125 0.008223958333333333 0.016064814814814816
1 0.6576770833333333 0.6586851851851852 0.008348958333333333 0.014935185185185185
1 0.673890625 0.6344351851851853 0.011510416666666667 0.01952777777777778
1 0.6866458333333333 0.6136666666666667 0.006864583333333333 0.0187037037037037
1 0.7014635416666667 0.6125833333333334 0.005864583333333334 0.020907407407407406
1 0.7142604166666667 0.5957592592592592 0.005630208333333333 0.01925925925925926
1 0.7574791666666666 0.5165648148148148 0.019854166666666666 0.029324074074074075
1 0.8256354166666667 0.4426759259259259 0.017911458333333335 0.027240740740740742
1 0.761859375 0.5436203703703704 0.005713541666666667 0.01812037037037037
1 0.7705104166666668 0.5425185185185185 0.005619791666666666 0.019675925925925927
1 0.8117083333333334 0.48553703703703704 0.0035520833333333333 0.01551851851851852
1 0.82575 0.4742314814814814 0.0035364583333333333 0.012916666666666667
1 0.8358125 0.4776666666666667 0.0043124999999999995 0.0165
1 0.8143802083333332 0.4988425925925926 0.005005208333333333 0.0145
1 0.854328125 0.4446481481481482 0.004125 0.011555555555555557
1 0.8645937499999999 0.4417314814814815 0.0037916666666666667 0.023370370370370368
1 0.8952656250000001 0.3802685185185185 0.016520833333333332 0.01933333333333333
1 0.9049270833333334 0.402712962962963 0.011515625 0.015083333333333332
1 0.8750208333333334 0.42626851851851855 0.008140625 0.02609259259259259
1 0.9496145833333334 0.3292685185185185 0.015614583333333333 0.01812037037037037
1 0.9359166666666667 0.36530555555555555 0.0066458333333333335 0.01712037037037037
1 0.924984375 0.37659259259259265 0.007927083333333333 0.01786111111111111
1 0.985375 0.31678703703703703 0.003515625 0.012888888888888889
0 0.963359375 0.24262962962962964 0.004364583333333334 0.012166666666666668
0 0.231859375 0.8419537037037037 0.039276041666666664 0.028009259259259258