1 0.14631770833333332 0.9238703703703703 0.137625 0.0720925925925926
1 0.03958854166666667 0.9733333333333334 0.07815625 0.05332407407407408
1 0.5183958333333334 0.7816018518518518 0.022083333333333333 0.02477777777777778
1 0.5101458333333333 0.7250185185185185 0.05854166666666667 0.06694444444444445
1 0.4814114583333333 0.7868148148148149 0.026609375 0.02036111111111111
1 0.4590885416666667 0.8328796296296296 0.030723958333333336 0.028546296296296295
1 0.36297916666666663 0.8701851851851852 0.029166666666666667 0.025444444444444443
1 0.4438229166666667 0.8200833333333334 0.031046874999999998 0.021805555555555557
1 0.8602552083333334 0.38225 0.033625 0.028592592592592593
0 0.4551614583333333 0.6959907407407407 0.008432291666666668 0.01976851851851852
0 0.29441666666666666 0.8104629629629629 0.032609375 0.023416666666666665
1 0.6377239583333334 0.6646851851851852 0.02023958333333333 0.02485185185185185
1 0.3437135416666666 0.9005925925925926 0.028630208333333334 0.022953703703703702
1 0.8746510416666666 0.4299351851851852 0.016036458333333333 0.016925925925925928
1 0.5468125 0.6980555555555555 0.016864583333333336 0.025472222222222222
1 0.5622864583333332 0.7100462962962963 0.02022916666666667 0.021805555555555557
1 0.56565625 0.7380185185185185 0.0208125 0.026509259259259257
1 0.6000989583333334 0.7056203703703704 0.019187500000000003 0.02514814814814815
1 0.5874270833333333 0.6843518518518519 0.01890625 0.02815740740740741
1 0.5823541666666666 0.6578888888888889 0.024479166666666666 0.030555555555555555
1 0.6139322916666666 0.6603518518518519 0.015770833333333335 0.024092592592592593
1 0.6151822916666667 0.6319351851851852 0.016473958333333334 0.022564814814814815
1 0.6199270833333334 0.5868888888888889 0.049078125 0.060194444444444446
1 0.5697187499999999 0.6314166666666666 0.04426041666666667 0.06302777777777777
1 0.5112395833333333 0.6750925925925926 0.061927083333333334 0.0706574074074074
1 0.44046875 0.7463055555555556 0.05018229166666666 0.05934259259259259
1 0.37804166666666666 0.7916481481481482 0.049666666666666665 0.06542592592592593
1 0.32106770833333337 0.8481296296296297 0.06653645833333334 0.08598148148148148
1 0.2614375 0.9607129629629629 0.03214583333333333 0.03425925925925926
1 0.23831770833333332 0.949888888888889 0.03189583333333333 0.03295370370370371
1 0.21324479166666668 0.9868425925925925 0.03573958333333334 0.026324074074074073
1 0.29769270833333333 0.9596296296296297 0.031927083333333335 0.042666666666666665
1 0.2943645833333333 0.9181574074074074 0.03034375 0.03375
1 0.3678072916666667 0.9036018518518518 0.027583333333333335 0.03473148148148148
1 0.43275 0.8525925925925926 0.024973958333333334 0.028712962962962964
1 0.6363177083333333 0.6376574074074074 0.019958333333333335 0.020990740740740744
1 0.6251822916666666 0.6928796296296296 0.006541666666666667 0.02325
1 0.6547291666666666 0.6611574074074074 0.007390625 0.024064814814814813
1 0.6593854166666666 0.6103703703703705 0.020036458333333333 0.0315
1 0.6780989583333333 0.5683796296296296 0.017838541666666666 0.029685185185185186
1 0.658421875 0.5880925925925926 0.016927083333333332 0.01786111111111111
1 0.6949947916666667 0.5814166666666666 0.017911458333333335 0.025657407407407407
1 0.7206302083333332 0.5542037037037036 0.014229166666666666 0.02816666666666667
1 0.6972552083333333 0.5483240740740741 0.0168125 0.024537037037037038
1 0.6965052083333333 0.5156018518518519 0.04417708333333333 0.05590740740740741
1 0.7411458333333333 0.5340462962962963 0.01894791666666667 0.023648148148148147
1 0.7593645833333333 0.5420648148148147 0.01728125 0.025046296296296296
1 0.7379322916666666 0.5764166666666667 0.005244791666666667 0.01809259259259259
1 0.7300364583333334 0.5708425925925926 0.015572916666666665 0.021518518518518517
1 0.7204739583333333 0.5952222222222222 0.004932291666666667 0.01911111111111111
1 0.7056875 0.6098981481481482 0.006130208333333333 0.01836111111111111
1 0.6858541666666667 0.6155833333333334 0.017802083333333333 0.02239814814814815
1 0.7567760416666667 0.5149907407407408 0.019260416666666665 0.026212962962962962
1 0.7410364583333333 0.5103981481481482 0.01240625 0.021083333333333332
1 0.77825 0.524712962962963 0.01749479166666667 0.02449074074074074
1 0.7810885416666667 0.4935833333333334 0.017302083333333333 0.0265
1 0.7638802083333334 0.47895370370370366 0.0325 0.049305555555555554
1 0.7877604166666666 0.46387962962962964 0.016770833333333336 0.022407407407407407
1 0.798046875 0.47712037037037036 0.015875 0.017972222222222223
1 0.8163750000000001 0.4585648148148148 0.014447916666666666 0.018287037037037036
1 0.823890625 0.47654629629629625 0.015432291666666665 0.020092592592592592
1 0.8117291666666666 0.4913148148148148 0.015604166666666667 0.017074074074074075
1 0.841671875 0.4555740740740741 0.012812500000000001 0.018000000000000002
1 0.834453125 0.4376296296296296 0.013526041666666665 0.02114814814814815
1 0.8273854166666667 0.4184074074074074 0.033151041666666665 0.039657407407407405
1 0.8895104166666666 0.3611574074074074 0.026036458333333335 0.03659259259259259
1 0.88878125 0.41197222222222224 0.013765625 0.021907407407407407
1 0.8777552083333333 0.3950462962962963 0.012484374999999999 0.014888888888888887
1 0.867203125 0.4098703703703704 0.014911458333333332 0.018907407407407407
1 0.9168229166666666 0.38137037037037036 0.012588541666666668 0.01601851851851852
1 0.896703125 0.3799074074074074 0.012598958333333334 0.01863888888888889
1 0.924046875 0.35390740740740745 0.011864583333333335 0.014777777777777779
1 0.9109010416666667 0.36454629629629626 0.012630208333333334 0.018157407407407407
1 0.944109375 0.3552592592592593 0.012692708333333334 0.01991666666666667
1 0.9467760416666666 0.3295740740740741 0.01025 0.023055555555555555
1 0.961453125 0.33719444444444446 0.013473958333333334 0.017944444444444443
1 0.958171875 0.31813888888888886 0.009510416666666667 0.014814814814814815
1 0.973140625 0.3251296296296296 0.012515625 0.015944444444444445
1 0.9756145833333334 0.30641666666666667 0.012593749999999999 0.016574074074074074
1 0.9878645833333334 0.3117777777777778 0.009145833333333332 0.014296296296296297
1 0.9365833333333333 0.31275925925925924 0.0270625 0.04310185185185185
1 0.9603958333333333 0.2895092592592593 0.020619791666666668 0.03888888888888889
1 0.9777135416666667 0.27282407407407405 0.017098958333333334 0.031546296296296295
1 0.9938177083333334 0.25780555555555557 0.012364583333333333 0.034055555555555554
1 0.9966770833333333 0.30468518518518517 0.0066458333333333335 0.02776851851851852
1 0.9953020833333334 0.28102777777777777 0.009390625000000001 0.014666666666666666
1 0.9264843749999999 0.29532407407407407 0.02118229166666667 0.03344444444444444
1 0.91 0.3185925925925926 0.024098958333333333 0.030370370370370367
1 0.8595885416666668 0.3617037037037037 0.028510416666666667 0.026296296296296293
1 0.816953125 0.4015 0.037546875 0.054648148148148154
1 0.7780781250000001 0.43605555555555553 0.021947916666666668 0.03427777777777778
1 0.7393385416666667 0.47704629629629636 0.02272916666666667 0.03899074074074074
1 0.41144270833333335 0.8424722222222222 0.021302083333333333 0.028787037037037038
1 0.38865625000000004 0.8363796296296296 0.02508854166666667 0.030574074074074076
1 0.41841666666666666 0.8112962962962963 0.022458333333333334 0.030703703703703702
1 0.450171875 0.7822592592592593 0.026213541666666666 0.038509259259259264
0 0.6397447916666666 0.5206481481481481 0.006114583333333334 0.018814814814814815
0 0.6623072916666667 0.507074074074074 0.006395833333333333 0.028277777777777777
0 0.7127083333333334 0.4601203703703704 0.005619791666666666 0.022203703703703705
0 0.7926927083333334 0.39149074074074075 0.00728125 0.021611111111111112
0 0.9607395833333333 0.24721296296296297 0.011640625 0.01613888888888889