1 0.382625 0.8334166666666667 0.07511458333333333 0.06442592592592593
0 0.8064947916666667 0.38862962962962966 0.018322916666666668 0.013824074074074074
1 0.4494739583333333 0.803611111111111 0.03179166666666667 0.03146296296296296
1 0.8966458333333333 0.3828425925925926 0.01584375 0.014018518518518519
1 0.8911770833333333 0.35317592592592595 0.031244791666666667 0.04017592592592593
1 0.7634635416666666 0.48138888888888887 0.03575520833333334 0.051055555555555555
1 0.3365989583333333 0.8458148148148148 0.08027604166666666 0.07644444444444444
0 0.3498177083333333 0.7993796296296297 0.03482291666666667 0.023712962962962963
1 0.4473958333333333 0.7670462962962963 0.04578125 0.05308333333333333
1 0.016453125 0.965425925925926 0.032901041666666665 0.06506481481481481
0 0.3833645833333333 0.7649722222222222 0.030322916666666665 0.01721296296296296
1 0.9283072916666666 0.32589814814814816 0.03503125 0.040768518518518516
1 0.6143333333333333 0.6137685185185185 0.06341145833333334 0.07313888888888888
1 0.6617395833333333 0.5637129629629629 0.0520625 0.07092592592592592
1 0.8559479166666667 0.3858240740740741 0.03877604166666667 0.05736111111111111
0 0.30243749999999997 0.8199814814814815 0.041713541666666666 0.03164814814814815
1 0.22474999999999998 0.9868425925925925 0.02978645833333333 0.023425925925925926
1 0.7602135416666667 0.5182685185185185 0.018927083333333334 0.015546296296296296
0 0.34690624999999997 0.7795833333333334 0.029609375 0.01548148148148148
1 0.826984375 0.45154629629629633 0.01806770833333333 0.019287037037037037
1 0.5500104166666666 0.6751574074074074 0.06404166666666666 0.06912962962962962
1 0.5741927083333334 0.7005 0.024604166666666667 0.026296296296296293
1 0.4451354166666667 0.8531018518518518 0.008145833333333333 0.021027777777777777
1 0.21635937500000002 0.9732129629629629 0.034567708333333336 0.030305555555555554
1 0.07514583333333333 0.9524722222222223 0.06955208333333333 0.07088888888888889
1 0.678359375 0.6265277777777778 0.0199375 0.02808333333333333
1 0.6375937500000001 0.6353055555555556 0.018921874999999998 0.02535185185185185
1 0.8233802083333334 0.4889907407407407 0.004625000000000001 0.016842592592592593
1 0.8523645833333333 0.45153703703703707 0.005229166666666666 0.01961111111111111
1 0.8841614583333333 0.4253888888888889 0.004588541666666667 0.01538888888888889
1 0.9704010416666667 0.2813333333333333 0.026197916666666664 0.04114814814814815
1 0.9525729166666667 0.30192592592592593 0.018984375 0.037425925925925925
1 0.9912447916666667 0.25537037037037036 0.017510416666666664 0.047342592592592596
0 0.016598958333333334 0.9060833333333334 0.03200520833333333 0.03148148148148148
0 0.04558854166666667 0.9142592592592592 0.03871354166666666 0.026712962962962963
0 0.11268750000000001 0.8786759259259259 0.030526041666666667 0.018564814814814815
0 0.2214375 0.838462962962963 0.03415625 0.013027777777777779
0 0.26332812499999997 0.8234074074074074 0.03386979166666667 0.02712037037037037
0 0.2743072916666666 0.8385370370370371 0.037390625000000004 0.023824074074074074
0 0.41583333333333333 0.7572777777777778 0.024416666666666666 0.02623148148148148
0 0.39590625 0.7428703703703703 0.021421875 0.021046296296296296
0 0.4160833333333333 0.7256296296296296 0.019661458333333333 0.0225
0 0.4407760416666667 0.7267314814814815 0.02853125 0.02259259259259259
0 0.468375 0.7066851851851852 0.025 0.024638888888888887
0 0.49775520833333337 0.6839444444444445 0.021828124999999997 0.02087962962962963
0 0.46713020833333335 0.6867500000000001 0.02304166666666667 0.017703703703703704
0 0.499171875 0.6614537037037037 0.019546875000000002 0.022453703703703705
0 0.5236354166666667 0.6578055555555555 0.018723958333333336 0.017944444444444443
0 0.5180208333333334 0.6380370370370371 0.021552083333333336 0.01897222222222222
0 0.5403072916666667 0.6214722222222223 0.022713541666666667 0.017666666666666664
0 0.5623333333333334 0.6249814814814815 0.02121875 0.021925925925925925
0 0.5589375000000001 0.602111111111111 0.015723958333333333 0.019555555555555555
0 0.580765625 0.603462962962963 0.016036458333333333 0.017638888888888888
0 0.5769739583333333 0.587462962962963 0.017432291666666665 0.015953703703703703
0 0.5918958333333334 0.5748611111111112 0.017541666666666667 0.01713888888888889
0 0.6322708333333333 0.557574074074074 0.018687500000000003 0.021435185185185186
0 0.6686510416666667 0.5024907407407407 0.018234375 0.019564814814814813
0 0.6876041666666667 0.5109351851851851 0.015708333333333335 0.01700925925925926
0 0.696453125 0.49837037037037035 0.013635416666666667 0.014092592592592592
0 0.69578125 0.4822407407407408 0.0155625 0.015157407407407408
0 0.7099010416666667 0.4875740740740741 0.014656250000000001 0.014018518518518519
0 0.7248958333333333 0.4757314814814814 0.01903125 0.02087962962962963
0 0.7117864583333334 0.46949074074074076 0.010005208333333333 0.013953703703703704
0 0.726484375 0.4555462962962963 0.016755208333333334 0.015574074074074074
0 0.7390364583333333 0.4650277777777778 0.014567708333333334 0.015796296296296294
0 0.74046875 0.4439722222222222 0.015807291666666667 0.014648148148148148
0 0.7718958333333333 0.43160185185185185 0.012895833333333334 0.013842592592592592
0 0.7656510416666666 0.42045370370370366 0.012890625 0.014462962962962962
0 0.7877239583333334 0.42047222222222225 0.015598958333333333 0.014490740740740742
0 0.78415625 0.4056388888888889 0.013973958333333333 0.01676851851851852
0 0.8234322916666666 0.3876296296296296 0.009546875 0.017888888888888888
0 0.8274739583333334 0.36736111111111114 0.012942708333333334 0.021074074074074075
0 0.8418645833333334 0.35450000000000004 0.013729166666666666 0.010638888888888889
0 0.8838697916666667 0.31467592592592597 0.014255208333333333 0.010027777777777778
0 0.9007864583333334 0.3018148148148148 0.010635416666666668 0.010379629629629631
0 0.9120104166666666 0.307537037037037 0.012671874999999999 0.013351851851851853
0 0.9268229166666667 0.27571296296296294 0.010239583333333333 0.01439814814814815
0 0.9366562500000001 0.26744444444444443 0.009416666666666665 0.013555555555555557
0 0.9483177083333333 0.2710740740740741 0.010307291666666666 0.014212962962962962
0 0.9566770833333333 0.24891666666666665 0.011473958333333334 0.009166666666666667
0 0.9732447916666668 0.24582407407407408 0.011223958333333334 0.014287037037037037
0 0.9858020833333333 0.22269444444444444 0.009661458333333334 0.01073148148148148
0 0.9728125 0.2348148148148148 0.011593750000000002 0.009222222222222224
0 0.9959739583333334 0.21426851851851852 0.006927083333333334 0.012787037037037038