1 0.6720572916666666 0.5641111111111111 0.05182291666666667 0.07639814814814816
1 0.77090625 0.46673148148148147 0.03688020833333334 0.053064814814814815
1 0.7251875 0.5176018518518518 0.041463541666666666 0.07052777777777777
1 0.6040885416666666 0.6352314814814815 0.036375000000000005 0.05508333333333334
1 0.86428125 0.3885 0.026755208333333332 0.031518518518518515
1 0.8955729166666667 0.35707407407407404 0.03259895833333334 0.04147222222222222
0 0.5965468749999999 0.5908240740740741 0.02678125 0.02736111111111111
1 0.42063541666666665 0.7892962962962964 0.07100520833333333 0.09713888888888889
0 0.23230729166666667 0.8398981481481482 0.031208333333333334 0.021342592592592594
0 0.6568802083333334 0.5363611111111111 0.029479166666666667 0.023074074074074077
1 0.9405885416666667 0.33287962962962964 0.03165104166666667 0.03875925925925926
0 0.40330208333333334 0.7329537037037037 0.021916666666666664 0.01588888888888889
0 0.40183854166666666 0.7313240740740741 0.024604166666666667 0.015370370370370371
0 0.3471197916666667 0.7780555555555555 0.031385416666666666 0.02077777777777778
0 0.8284583333333334 0.3833240740740741 0.021708333333333333 0.014685185185185185
1 0.9495625000000001 0.29462037037037037 0.030583333333333334 0.026296296296296293
1 0.9680364583333334 0.28079629629629627 0.022026041666666666 0.027018518518518518
0 0.6160989583333334 0.5713518518518518 0.022390625 0.022787037037037036
0 0.7108541666666667 0.484212962962963 0.025114583333333333 0.020972222222222222
1 0.9358906250000001 0.2998240740740741 0.021125 0.018129629629629627
0 0.4406041666666667 0.7092314814814815 0.02508854166666667 0.02100925925925926
0 0.5049947916666667 0.6549351851851852 0.0245 0.02236111111111111
1 0.49326041666666665 0.7218703703703704 0.06559895833333333 0.09019444444444444
1 0.5558125 0.6652222222222223 0.055651041666666665 0.08601851851851852
1 0.830859375 0.4149351851851852 0.02099479166666667 0.04243518518518519
1 0.821265625 0.45459259259259255 0.015770833333333335 0.031083333333333334
1 0.3223125 0.8468333333333333 0.05871875 0.07255555555555555
1 0.29855208333333333 0.922 0.03009375 0.03391666666666667
1 0.18560416666666668 0.9314444444444445 0.12047916666666666 0.05097222222222222
1 0.05934895833333333 0.9546111111111111 0.11870312499999999 0.09077777777777778
0 0.3199166666666667 0.7961759259259259 0.02908854166666667 0.01837037037037037
0 0.3725520833333333 0.7846018518518518 0.02352083333333333 0.028657407407407406
0 0.37599479166666666 0.759962962962963 0.014317708333333333 0.020462962962962964
0 0.3985052083333333 0.7575462962962963 0.018984375 0.018416666666666668
0 0.423828125 0.7196944444444444 0.020661458333333334 0.01862037037037037
0 0.44544791666666667 0.7281666666666666 0.016416666666666666 0.014675925925925926
0 0.46193229166666666 0.6883518518518518 0.01890625 0.017592592592592594
0 0.48164583333333333 0.6887407407407408 0.017671875 0.017305555555555557
0 0.5729270833333333 0.5911666666666667 0.023078125 0.018555555555555554
0 0.5236562499999999 0.6558055555555555 0.016208333333333335 0.014805555555555556
0 0.5542083333333333 0.6260277777777777 0.013067708333333334 0.013064814814814814
0 0.5993020833333333 0.5666851851851852 0.013145833333333332 0.013472222222222222
0 0.6208125 0.5473888888888888 0.016307291666666664 0.015268518518518516
0 0.6351770833333333 0.5362592592592592 0.01046875 0.013898148148148147
0 0.635828125 0.5544259259259259 0.011770833333333335 0.01312962962962963
0 0.65259375 0.512925925925926 0.013171875 0.011814814814814814
0 0.6702395833333333 0.5030740740740741 0.012432291666666668 0.017879629629629627
0 0.6887916666666667 0.48952777777777784 0.013927083333333333 0.01725925925925926
0 0.7431458333333333 0.45846296296296296 0.011786458333333333 0.014314814814814815
0 0.7271510416666668 0.4505648148148148 0.013817708333333335 0.01803703703703704
0 0.7718125 0.4107222222222222 0.013427083333333334 0.011462962962962963
0 0.7859739583333333 0.40112037037037035 0.01153125 0.013851851851851853
0 0.8256927083333333 0.3804814814814815 0.014364583333333332 0.01715740740740741
0 0.8462291666666667 0.3650277777777778 0.010265625 0.014101851851851852
0 0.8668072916666667 0.3241111111111111 0.010677083333333334 0.014444444444444444
0 0.8726458333333333 0.34431481481481485 0.009427083333333334 0.018268518518518517
0 0.9721197916666667 0.23612037037037037 0.010140624999999999 0.011175925925925926
0 0.9474531249999999 0.25351851851851853 0.010166666666666666 0.011166666666666667