0 0.380671875 0.7594351851851853 0.00815625 0.019203703703703702
1 0.609140625 0.6548796296296296 0.023270833333333334 0.03167592592592593
0 0.6226666666666667 0.5476203703703704 0.0076614583333333335 0.017333333333333333
0 0.681015625 0.49251851851851847 0.01680729166666667 0.01737962962962963
0 0.7217708333333334 0.45666666666666667 0.020197916666666666 0.02274074074074074
1 0.7206510416666667 0.5507685185185186 0.020625 0.026833333333333334
1 0.8496145833333333 0.4031018518518519 0.021010416666666667 0.03014814814814815
1 0.7474479166666667 0.5675555555555556 0.005567708333333333 0.022944444444444444
1 0.7400104166666667 0.5621388888888889 0.006046874999999999 0.01746296296296296
1 0.6338541666666667 0.6813148148148148 0.006364583333333334 0.02139814814814815
1 0.9110572916666667 0.39605555555555555 0.005546875000000001 0.013916666666666666
1 0.9776197916666667 0.3350185185185185 0.0037916666666666667 0.016
0 0.8697760416666667 0.32939814814814816 0.009588541666666667 0.017620370370370373
0 0.9268645833333333 0.2931944444444444 0.008604166666666666 0.013712962962962963
0 0.9970416666666666 0.2059074074074074 0.005911458333333333 0.013620370370370371
0 0.9341458333333333 0.2752962962962963 0.002947916666666667 0.010027777777777778