1 0.40795312499999997 0.7971018518518519 0.07478645833333333 0.06498148148148149
0 0.37578645833333335 0.7788240740740741 0.029354166666666667 0.02386111111111111
1 0.621984375 0.6831481481481481 0.02469270833333333 0.022287037037037036
1 0.5921093749999999 0.7166111111111112 0.023494791666666667 0.022175925925925925
0 0.45523437499999997 0.7211296296296297 0.026427083333333334 0.02086111111111111
1 0.5392447916666666 0.7645833333333333 0.026932291666666667 0.02176851851851852
1 0.6679479166666666 0.6320092592592593 0.021984375 0.020175925925925924
1 0.7770520833333333 0.5315092592592592 0.023328124999999998 0.01588888888888889
1 0.3416197916666667 0.8680000000000001 0.026604166666666665 0.02661111111111111
1 0.36994791666666665 0.8478333333333333 0.022380208333333332 0.02677777777777778
1 0.35222916666666665 0.8871759259259259 0.024197916666666666 0.028314814814814813
1 0.3115520833333333 0.8916388888888889 0.02490104166666667 0.026324074074074073
1 0.32595833333333335 0.9078240740740741 0.027916666666666666 0.02847222222222222
1 0.265328125 0.9517129629629629 0.028760416666666667 0.028175925925925927
1 0.240859375 0.9477129629629629 0.029703125 0.027898148148148148
1 0.22890625 0.978925925925926 0.029661458333333335 0.03181481481481482
1 0.2746875 0.9805555555555555 0.0243125 0.03241666666666666
1 0.31071875000000004 0.9521944444444443 0.029104166666666667 0.03364814814814815
1 0.34014062500000003 0.9281296296296296 0.027755208333333333 0.03244444444444444
1 0.37509374999999995 0.8947129629629629 0.028729166666666663 0.03632407407407407
1 0.4060052083333333 0.870287037037037 0.022953125 0.035055555555555555
1 0.40389583333333334 0.8449537037037037 0.02608854166666667 0.027444444444444445
1 0.37951041666666663 0.8671296296296296 0.024947916666666667 0.021416666666666667
1 0.4458125 0.8418796296296297 0.027953125000000002 0.033518518518518524
1 0.4416614583333333 0.8127407407407408 0.023598958333333333 0.031166666666666662
1 0.45477604166666663 0.7795648148148148 0.019796875 0.025898148148148146
1 0.47043229166666667 0.8202407407407407 0.022838541666666667 0.030740740740740742
1 0.47379166666666667 0.7870185185185186 0.01972916666666667 0.026657407407407407
1 0.49518229166666666 0.8006851851851852 0.020703125 0.025703703703703704
1 0.5165416666666667 0.7857777777777778 0.018125 0.020194444444444442
1 0.5008281250000001 0.7587314814814814 0.025328125 0.03244444444444444
1 0.48941666666666667 0.7466111111111111 0.0270625 0.027796296296296295
1 0.5315729166666666 0.7393333333333334 0.023140625 0.02450925925925926
1 0.538828125 0.7068981481481482 0.025265625 0.027129629629629632
1 0.5545520833333334 0.7169074074074074 0.020578125 0.02978703703703704
1 0.5646354166666666 0.7380555555555556 0.021015625 0.03158333333333333
1 0.576609375 0.6896481481481482 0.022380208333333332 0.03891666666666667
1 0.595125 0.6777129629629629 0.015005208333333332 0.017620370370370373
1 0.5814114583333333 0.6662962962962963 0.02084375 0.021138888888888888
1 0.5993854166666667 0.6481111111111112 0.01625 0.021416666666666667
1 0.610140625 0.6601944444444444 0.017526041666666665 0.023092592592592595
1 0.6273020833333334 0.6446018518518518 0.016098958333333333 0.01825925925925926
1 0.62303125 0.6284259259259259 0.019947916666666666 0.01933333333333333
1 0.6401197916666667 0.605638888888889 0.016765625 0.020694444444444446
1 0.6496666666666666 0.6238425925925926 0.015854166666666666 0.02237962962962963
1 0.6471354166666666 0.6543796296296297 0.01765625 0.02175
1 0.6587656249999999 0.5865648148148148 0.017536458333333334 0.024972222222222222
1 0.6787708333333333 0.5944259259259259 0.016223958333333333 0.02076851851851852
1 0.700640625 0.6068796296296296 0.018052083333333333 0.019953703703703703
1 0.7197552083333334 0.587537037037037 0.016708333333333332 0.022407407407407407
1 0.6849583333333332 0.5647314814814814 0.015786458333333333 0.01987962962962963
1 0.7204114583333333 0.5541018518518518 0.014302083333333333 0.017249999999999998
1 0.7023958333333333 0.5457314814814814 0.015260416666666667 0.026879629629629632
1 0.7400104166666667 0.5631203703703703 0.016328125000000002 0.02051851851851852
1 0.7385729166666667 0.5337777777777778 0.014510416666666666 0.019685185185185188
1 0.7273489583333334 0.5222407407407407 0.018375 0.017546296296296296
1 0.7579843749999999 0.5452222222222223 0.019442708333333333 0.01813888888888889
1 0.7476875 0.5023518518518518 0.016526041666666668 0.023694444444444445
1 0.7583125000000001 0.5141388888888889 0.015895833333333335 0.01962037037037037
1 0.7753645833333334 0.526074074074074 0.013609375 0.019064814814814816
1 0.78703125 0.5156111111111111 0.011250000000000001 0.01549074074074074
1 0.7782812499999999 0.5008796296296296 0.013916666666666666 0.018166666666666668
1 0.7758072916666666 0.476462962962963 0.014171875 0.018842592592592595
1 0.7931510416666666 0.479324074074074 0.016005208333333333 0.01748148148148148
1 0.8102916666666666 0.49263888888888885 0.011744791666666667 0.01712962962962963
1 0.7989739583333333 0.5034166666666667 0.011916666666666666 0.01811111111111111
1 0.8029218749999999 0.45266666666666666 0.014385416666666668 0.016898148148148148
1 0.8165937499999999 0.4597685185185185 0.014317708333333333 0.015657407407407408
1 0.8302864583333334 0.47259259259259256 0.011890624999999998 0.013666666666666667
1 0.819390625 0.4360648148148148 0.015135416666666667 0.016481481481481482
1 0.8303854166666667 0.4466574074074074 0.013135416666666667 0.015796296296296294
1 0.843875 0.45740740740740743 0.015447916666666667 0.018657407407407407
1 0.8574479166666666 0.44330555555555556 0.013505208333333333 0.021305555555555557
1 0.8672135416666666 0.43550925925925926 0.009270833333333334 0.012796296296296297
1 0.8793020833333334 0.42237962962962966 0.008239583333333333 0.012888888888888889
1 0.8423489583333333 0.4325277777777778 0.015130208333333334 0.01711111111111111
1 0.8634947916666668 0.4148796296296296 0.011859375 0.01588888888888889
1 0.8558541666666667 0.3901851851851852 0.030901041666666667 0.04622222222222223
1 0.8738697916666667 0.4024166666666667 0.012958333333333332 0.015398148148148147
1 0.8833802083333333 0.3922407407407407 0.012369791666666666 0.01239814814814815
1 0.876828125 0.3789814814814815 0.010291666666666668 0.014157407407407407
1 0.892703125 0.35410185185185183 0.01904166666666667 0.020972222222222222
1 0.898484375 0.37601851851851853 0.012906250000000001 0.01724074074074074
1 0.8957864583333334 0.4077222222222222 0.01359375 0.015712962962962963
1 0.909671875 0.39395370370370375 0.012942708333333334 0.020333333333333335
1 0.914984375 0.36171296296296296 0.012140624999999999 0.013055555555555555
1 0.9220781250000001 0.38102777777777774 0.014760416666666666 0.019546296296296294
1 0.9293645833333334 0.37092592592592594 0.011890624999999998 0.01991666666666667
1 0.936375 0.36418518518518517 0.009447916666666667 0.01735185185185185
1 0.9440937500000001 0.35641666666666666 0.008473958333333333 0.014027777777777778
1 0.9519375 0.35090740740740745 0.0090625 0.01652777777777778
1 0.9592083333333333 0.3433611111111111 0.009338541666666667 0.017499999999999998
1 0.9689427083333333 0.33278703703703705 0.009401041666666667 0.018842592592592595
1 0.9777760416666667 0.3257314814814815 0.0076458333333333335 0.015027777777777779
1 0.9874739583333334 0.3189722222222222 0.01175 0.018222222222222223
1 0.997671875 0.3091111111111111 0.0046614583333333326 0.014574074074074074
1 0.9209010416666668 0.3353148148148148 0.015291666666666667 0.01812037037037037
1 0.9405989583333334 0.3386018518518519 0.013828125 0.01439814814814815
1 0.955984375 0.3257962962962963 0.013260416666666667 0.016444444444444446
1 0.9734375 0.28247222222222224 0.012609375 0.013999999999999999
1 0.9752604166666666 0.3061481481481481 0.004317708333333333 0.017638888888888888
1 0.9858958333333334 0.2962037037037037 0.011291666666666667 0.009314814814814816
1 0.9925625 0.28672222222222227 0.014875 0.013509259259259259
1 0.9892291666666666 0.27378703703703705 0.013088541666666667 0.012703703703703705
0 0.9724479166666666 0.23027777777777778 0.00528125 0.012481481481481482
0 0.95840625 0.24938888888888885 0.006239583333333334 0.012129629629629629
0 0.9399322916666667 0.2589722222222222 0.007390625 0.012648148148148148
0 0.9385104166666667 0.27985185185185185 0.011317708333333334 0.015185185185185184
0 0.8813645833333333 0.3328333333333333 0.009901041666666667 0.017018518518518516
0 0.8574947916666668 0.3385648148148148 0.007010416666666667 0.014324074074074074
0 0.8352239583333334 0.35124074074074074 0.007078125 0.015259259259259259
0 0.8022812500000001 0.3804537037037037 0.004609375 0.00875925925925926
0 0.7383124999999999 0.4660925925925926 0.016479166666666666 0.02060185185185185
0 0.6150468750000001 0.552074074074074 0.007703125 0.020277777777777777
0 0.6000572916666667 0.574 0.0053437499999999995 0.01912962962962963
0 0.577578125 0.5788055555555556 0.007791666666666667 0.022296296296296293
0 0.5112916666666666 0.6397685185185186 0.008734374999999999 0.02015740740740741
0 0.45077083333333334 0.6917222222222221 0.012255208333333333 0.024425925925925924
0 0.3290208333333334 0.7843148148148148 0.013473958333333334 0.023185185185185184