0 0.05071875 0.9031111111111111 0.10143229166666666 0.08191666666666667
0 0.25076041666666665 0.824462962962963 0.010135416666666668 0.02549074074074074
0 0.3202916666666667 0.7860740740740741 0.008953125000000001 0.021027777777777777
0 0.3320104166666667 0.7889814814814815 0.010958333333333332 0.02209259259259259
1 0.46800520833333337 0.7143981481481481 0.06411458333333334 0.06609259259259259
0 0.46679166666666666 0.6848240740740741 0.0059947916666666665 0.0265
0 0.5116458333333334 0.6430555555555556 0.006546875 0.019712962962962963
0 0.596609375 0.5601666666666667 0.00565625 0.02077777777777778
0 0.6101354166666667 0.5509907407407408 0.007052083333333333 0.02981481481481482
0 0.660671875 0.504787037037037 0.005197916666666667 0.018472222222222223
0 0.7545208333333334 0.4313518518518519 0.004567708333333333 0.0245462962962963
0 0.838953125 0.36642592592592593 0.012630208333333334 0.0215
0 0.8615885416666667 0.35035185185185186 0.014104166666666666 0.01661111111111111
0 0.861234375 0.3308148148148148 0.0036927083333333334 0.015351851851851851
0 0.8776145833333333 0.3160277777777778 0.004234375 0.013592592592592592
0 0.8998802083333334 0.29517592592592595 0.004317708333333333 0.013425925925925926
0 0.9204791666666666 0.28757407407407404 0.0025468749999999997 0.013398148148148149
0 0.9243906249999999 0.2779537037037037 0.0036666666666666666 0.013037037037037038
0 0.9370416666666667 0.2710740740740741 0.003140625 0.009694444444444445
1 0.9565781250000001 0.2696296296296296 0.028046875000000002 0.04688888888888889
0 0.9653385416666667 0.23966666666666664 0.003302083333333333 0.0075833333333333326
0 0.9965625 0.20710185185185184 0.0028177083333333335 0.014611111111111111
1 0.9924375 0.3085555555555556 0.012234374999999999 0.015777777777777776
1 0.9798958333333334 0.32339814814814816 0.013385416666666667 0.016981481481481483
1 0.899859375 0.3778055555555555 0.01484375 0.016814814814814814
1 0.9254687500000001 0.3533425925925926 0.013041666666666667 0.01748148148148148
1 0.9633229166666666 0.3401111111111111 0.010645833333333334 0.012611111111111111
1 0.9382291666666667 0.36492592592592593 0.010125 0.019046296296296297
1 0.9467916666666666 0.35666666666666663 0.00975 0.015777777777777776
1 0.928125 0.37525925925925924 0.007598958333333333 0.01614814814814815
1 0.9180260416666666 0.3834444444444444 0.014729166666666666 0.018287037037037036
1 0.9068489583333333 0.3979537037037037 0.013078125 0.017842592592592594
1 0.8920989583333333 0.40914814814814815 0.010338541666666668 0.015685185185185187
1 0.874765625 0.39914814814814814 0.015182291666666665 0.023175925925925926
1 0.8808072916666667 0.42021296296296295 0.014848958333333334 0.02059259259259259
1 0.8390052083333334 0.41238888888888886 0.012984375 0.022675925925925926
1 0.8209270833333334 0.4263055555555556 0.02569270833333333 0.04312962962962963
1 0.791921875 0.4470462962962963 0.034499999999999996 0.05221296296296296
1 0.773046875 0.4735648148148148 0.01746354166666667 0.03113888888888889
1 0.7479635416666667 0.4927407407407407 0.034666666666666665 0.04984259259259259
1 0.7176197916666667 0.51925 0.038046875 0.06015740740740741
1 0.67553125 0.5583425925925926 0.03813020833333333 0.0647037037037037
1 0.6454375 0.5843796296296296 0.04140625 0.05935185185185184
1 0.6270520833333334 0.6166296296296296 0.015958333333333335 0.03793518518518518
1 0.5981979166666667 0.6329351851851852 0.04495833333333333 0.07202777777777779
1 0.5647291666666666 0.6321481481481481 0.057265625 0.0650462962962963
1 0.5559427083333334 0.6723148148148148 0.044109375 0.07960185185185185
1 0.380046875 0.7906296296296296 0.07821875 0.09042592592592592
1 0.4027604166666666 0.8010925925925926 0.06234375 0.08386111111111111
1 0.45574479166666665 0.7636018518518519 0.05688541666666667 0.08154629629629628
1 0.31754166666666667 0.8511851851851852 0.080625 0.08978703703703704
1 0.18006770833333335 0.9219351851851852 0.08567187500000001 0.06293518518518518
1 0.057234375 0.9668703703703704 0.09290104166666667 0.057074074074074076
1 0.187296875 0.9876944444444444 0.037656249999999995 0.02460185185185185
1 0.215859375 0.9652037037037038 0.034375 0.049324074074074076
1 0.30652604166666664 0.9147685185185186 0.030875 0.03779629629629629
1 0.3194739583333333 0.9433703703703704 0.030375 0.03805555555555556
1 0.35189583333333335 0.886638888888889 0.02959895833333333 0.03503703703703704
1 0.39608333333333334 0.85 0.029229166666666664 0.03285185185185185
1 0.42365624999999996 0.8594166666666666 0.028281249999999997 0.03851851851851852
1 0.4680625 0.827324074074074 0.02755208333333333 0.030787037037037036
1 0.48813020833333337 0.8048425925925926 0.026901041666666667 0.03294444444444444
1 0.4707708333333333 0.7826111111111111 0.026833333333333334 0.03707407407407407
1 0.5151614583333334 0.7822685185185185 0.024755208333333334 0.033944444444444444
1 0.5361875 0.7636481481481482 0.02218229166666667 0.026166666666666668
1 0.5054531250000001 0.7597685185185185 0.024281249999999997 0.025268518518518517
1 0.5367291666666667 0.7323148148148148 0.02558854166666667 0.03295370370370371
1 0.5158072916666667 0.7207222222222223 0.02596875 0.0424537037037037
1 0.556109375 0.7483425925925926 0.02253125 0.027101851851851853
1 0.56225 0.712287037037037 0.021947916666666668 0.030870370370370374
1 0.573359375 0.7303240740740741 0.022880208333333332 0.027083333333333334
1 0.590640625 0.7136296296296296 0.022687500000000003 0.026703703703703705
1 0.6071197916666667 0.6966203703703704 0.022411458333333335 0.026546296296296297
1 0.5990260416666667 0.6726574074074074 0.020140625000000002 0.03200925925925926
1 0.6294739583333333 0.6749537037037038 0.024177083333333335 0.03365740740740741
1 0.6478697916666667 0.6530740740740741 0.021619791666666666 0.03100925925925926
1 0.6725260416666666 0.6298518518518519 0.020411458333333334 0.02677777777777778
1 0.6903854166666666 0.6107685185185185 0.01891666666666667 0.022046296296296296
1 0.7088958333333333 0.5952222222222222 0.020447916666666666 0.022194444444444444
1 0.7261510416666667 0.5760092592592593 0.018625 0.023240740740740742
1 0.7428125 0.55825 0.018604166666666665 0.023370370370370368
1 0.7260572916666667 0.548037037037037 0.017890625 0.02047222222222222
1 0.746875 0.5290092592592593 0.018187500000000002 0.019694444444444445
1 0.7579843749999999 0.5439351851851852 0.015395833333333333 0.024342592592592593
1 0.7683385416666667 0.5302685185185185 0.017203125 0.02330555555555556
1 0.7839375000000001 0.5184074074074074 0.014989583333333334 0.020981481481481483
1 0.7951666666666667 0.5038703703703703 0.01596875 0.022055555555555557
1 0.8101041666666667 0.4921388888888889 0.016619791666666668 0.019425925925925926
1 0.8188385416666667 0.4812592592592593 0.014260416666666666 0.019046296296296297
1 0.8305989583333333 0.4714907407407407 0.015723958333333333 0.020333333333333335
1 0.8390572916666666 0.46081481481481484 0.012989583333333334 0.015444444444444445
1 0.851046875 0.4503055555555555 0.015838541666666667 0.020175925925925924
1 0.8618125 0.4404722222222222 0.014343749999999999 0.01586111111111111
1 0.8452083333333333 0.4336666666666667 0.015791666666666666 0.019240740740740742
1 0.8043020833333333 0.47024074074074074 0.01496875 0.021675925925925925
1 0.787 0.4867407407407407 0.015958333333333335 0.020694444444444446
1 0.767203125 0.5041481481481481 0.018239583333333333 0.025898148148148146
1 0.4939427083333333 0.7443148148148149 0.01709375 0.042444444444444444
1 0.42741666666666667 0.8268981481481481 0.026864583333333334 0.026148148148148146
1 0.45905729166666664 0.8445462962962963 0.009348958333333332 0.021879629629629627
1 0.8255312499999999 0.45087962962962963 0.014848958333333334 0.018694444444444444