1 0.41661979166666663 0.7794907407407408 0.09289583333333334 0.07005555555555555
1 0.8446458333333333 0.4032962962962963 0.044744791666666665 0.040990740740740744
1 0.8894322916666667 0.3649907407407407 0.031473958333333336 0.031074074074074077
1 0.5492083333333333 0.7520740740740741 0.027203124999999998 0.028481481481481483
1 0.3635677083333333 0.9044259259259259 0.030770833333333334 0.02609259259259259
1 0.31123958333333335 0.8645185185185185 0.10903125 0.06873148148148149
1 0.49404687500000005 0.8070555555555555 0.02625 0.024148148148148148
1 0.17601041666666667 0.9276574074074074 0.11622395833333334 0.05559259259259259
1 0.48206770833333334 0.7430092592592593 0.06894270833333334 0.05503703703703704
1 0.43057812500000003 0.8521203703703704 0.028203125 0.023444444444444445
1 0.04965625 0.981361111111111 0.08963541666666666 0.03553703703703704
1 0.6518541666666666 0.5787962962962964 0.05235416666666667 0.04858333333333333
0 0.512671875 0.6639907407407407 0.026307291666666666 0.020305555555555556
1 0.2666927083333333 0.9864814814814815 0.03373958333333334 0.02514814814814815
0 0.7376979166666667 0.44585185185185183 0.01768229166666667 0.009814814814814814
0 0.7319687500000001 0.4447962962962963 0.0188125 0.014444444444444444
1 0.5347604166666666 0.6898148148148148 0.06414583333333333 0.048435185185185185
1 0.23500520833333333 0.9649537037037038 0.03853645833333333 0.0300462962962963
0 0.737296875 0.465212962962963 0.0193125 0.015120370370370369
1 0.45652604166666666 0.8361851851851853 0.028244791666666665 0.02401851851851852
1 0.401390625 0.8770925925925925 0.035124999999999997 0.033518518518518524
1 0.48956770833333335 0.7741481481481481 0.0299375 0.03150925925925926
1 0.5874791666666667 0.6354074074074074 0.06870833333333333 0.06361111111111112
1 0.5336666666666667 0.7344351851851852 0.02959375 0.02560185185185185
0 0.593390625 0.5916944444444444 0.023453125000000002 0.01651851851851852
1 0.7332916666666667 0.5444351851851852 0.022520833333333334 0.02074074074074074
1 0.8334375 0.4454074074074074 0.017703125 0.013953703703703704
0 0.8984739583333333 0.3146574074074074 0.022880208333333332 0.015231481481481481
0 0.7676770833333334 0.42055555555555557 0.014692708333333334 0.01312962962962963
0 0.7609635416666667 0.4421759259259259 0.019755208333333333 0.01400925925925926
1 0.9434270833333334 0.32389814814814816 0.032984374999999996 0.03851851851851852
1 0.7520260416666668 0.5009722222222222 0.05400520833333333 0.05324074074074074
1 0.8095885416666667 0.4648425925925926 0.018671875 0.02001851851851852
1 0.4318385416666667 0.8102777777777778 0.06548958333333334 0.05596296296296296
0 0.7043125 0.4951388888888889 0.018973958333333332 0.012527777777777777
1 0.8813697916666666 0.4301851851851852 0.015140625 0.01374074074074074
0 0.716546875 0.48616666666666664 0.020958333333333336 0.0165
1 0.521359375 0.7820092592592593 0.023244791666666667 0.018185185185185186
1 0.37309895833333334 0.8729907407407408 0.031802083333333335 0.028944444444444446
0 0.4878177083333333 0.6874907407407408 0.023307291666666667 0.020037037037037037
1 0.7844583333333334 0.46617592592592594 0.043828125 0.04253703703703703
1 0.8982864583333333 0.3790925925925926 0.016416666666666666 0.014388888888888889
1 0.605171875 0.6955833333333333 0.023223958333333336 0.0337037037037037
1 0.5833697916666666 0.7178240740740741 0.021583333333333333 0.02636111111111111
1 0.6413333333333333 0.6591203703703704 0.015625 0.021675925925925925
1 0.627 0.6772592592592593 0.01746354166666667 0.02476851851851852
1 0.6595052083333334 0.6408888888888888 0.02032291666666667 0.027342592592592592
1 0.6369895833333333 0.6348055555555556 0.01883333333333333 0.023435185185185184
1 0.6581718750000001 0.6138888888888889 0.020026041666666668 0.032
1 0.6755833333333333 0.628824074074074 0.013130208333333334 0.019740740740740743
1 0.6903072916666667 0.5866111111111111 0.016244791666666668 0.021814814814814815
1 0.6860572916666666 0.5504629629629629 0.02390625 0.03975925925925926
1 0.7110572916666666 0.5616574074074074 0.01578125 0.025296296296296296
1 0.7086979166666667 0.606925925925926 0.006536458333333333 0.018824074074074073
1 0.6940885416666667 0.6214259259259259 0.005302083333333333 0.01848148148148148
1 0.7420156250000001 0.5723796296296296 0.005479166666666666 0.016657407407407405
1 0.7582291666666666 0.5440925925925926 0.016203125 0.01950925925925926
1 0.7745260416666666 0.539212962962963 0.004338541666666667 0.01651851851851852
1 0.7828541666666666 0.5320277777777778 0.004703125 0.016657407407407405
1 0.7940625 0.5218888888888888 0.0034322916666666664 0.01662962962962963
1 0.8418541666666666 0.4702037037037037 0.004005208333333334 0.016324074074074074
1 0.84990625 0.45075 0.014484374999999999 0.01862962962962963
1 0.8599114583333333 0.45325925925925925 0.004270833333333333 0.013518518518518518
1 0.8673333333333333 0.4457962962962963 0.0036197916666666666 0.01601851851851852
1 0.9117031250000001 0.39921296296296294 0.0035260416666666665 0.016712962962962964
1 0.9287083333333332 0.38262962962962965 0.002765625 0.01387962962962963
1 0.9726510416666667 0.3303333333333333 0.012718750000000001 0.013814814814814814
1 0.990375 0.2808240740740741 0.01925 0.03575
1 0.9941666666666666 0.3080833333333334 0.011661458333333334 0.019435185185185184
1 0.9207760416666667 0.32849074074074075 0.027682291666666668 0.044981481481481476
1 0.9645312500000001 0.2880740740740741 0.024848958333333334 0.033277777777777774
1 0.2980625 0.9566851851851852 0.03311979166666667 0.040462962962962964
1 0.33495833333333336 0.9281666666666666 0.027984375 0.034305555555555554
1 0.295859375 0.9262685185185185 0.03459895833333334 0.03976851851851852
1 0.237578125 0.9083981481481482 0.07768749999999999 0.05073148148148148
0 0.4290260416666667 0.7373333333333334 0.024338541666666665 0.016398148148148148
0 0.6555885416666667 0.5163240740740741 0.015984375000000002 0.01738888888888889
0 0.684203125 0.5122037037037036 0.017265625 0.012787037037037038
0 0.6788072916666666 0.4979074074074074 0.016291666666666666 0.01748148148148148
0 0.6962604166666666 0.48150925925925925 0.015953125 0.019314814814814816
0 0.659015625 0.5359166666666666 0.016182291666666668 0.01647222222222222
0 0.6438906249999999 0.5495833333333333 0.018479166666666665 0.01510185185185185
0 0.6277552083333333 0.5608611111111111 0.015432291666666665 0.016703703703703703
0 0.7156354166666666 0.46149074074074076 0.015869791666666667 0.01799074074074074
0 0.7541145833333334 0.4323148148148148 0.014140624999999999 0.01614814814814815
0 0.7747552083333333 0.43 0.01583333333333333 0.017444444444444443
0 0.7903802083333333 0.41097222222222224 0.010796875000000001 0.016305555555555556
0 0.8388645833333332 0.372287037037037 0.012182291666666668 0.015953703703703703
0 0.85290625 0.35790740740740745 0.006416666666666667 0.01862962962962963
0 0.84421875 0.3496666666666667 0.011843749999999998 0.013527777777777777
0 0.9071250000000001 0.29591666666666666 0.011036458333333334 0.012666666666666666
0 0.9352760416666667 0.2699259259259259 0.011973958333333333 0.013083333333333334
0 0.9238958333333334 0.2810648148148148 0.010135416666666668 0.01225925925925926
0 0.9441458333333334 0.26058333333333333 0.009145833333333332 0.011972222222222223