1 0.5367864583333334 0.7313796296296297 0.022713541666666667 0.024194444444444442
1 0.48599479166666665 0.771962962962963 0.028010416666666666 0.03489814814814814
0 0.4073645833333333 0.7444074074074074 0.008947916666666667 0.019083333333333334
0 0.5079635416666667 0.6532037037037037 0.009479166666666667 0.01913888888888889
0 0.5692552083333333 0.6014259259259259 0.005536458333333333 0.019925925925925927
0 0.5582812500000001 0.5961944444444445 0.008182291666666668 0.018944444444444444
0 0.5895729166666667 0.5761759259259259 0.005807291666666667 0.016407407407407405
0 0.6613958333333334 0.504962962962963 0.003932291666666666 0.013537037037037037
0 0.672421875 0.50425 0.006776041666666666 0.016638888888888887
0 0.686375 0.5003148148148149 0.006307291666666667 0.015527777777777777
0 0.7946354166666667 0.3955277777777778 0.005744791666666666 0.013722222222222222
0 0.8072343750000001 0.3787962962962963 0.007484375 0.01685185185185185
0 0.8522864583333334 0.3404351851851852 0.00528125 0.01510185185185185
0 0.8791145833333334 0.319 0.0059947916666666665 0.01062962962962963
0 0.8929791666666667 0.3236296296296296 0.013072916666666667 0.015370370370370371
0 0.9115677083333333 0.28337962962962965 0.006125 0.01300925925925926
0 0.941421875 0.26110185185185186 0.005875 0.01588888888888889
0 0.9522239583333333 0.24962962962962965 0.006114583333333334 0.011453703703703704
0 0.9771145833333333 0.23087962962962963 0.01171875 0.011435185185185185
1 0.9667604166666667 0.3120277777777778 0.014828125 0.021972222222222223
1 0.9252916666666666 0.37689814814814815 0.008401041666666666 0.012148148148148148
1 0.9189895833333334 0.3892314814814815 0.0043906249999999996 0.011981481481481482
1 0.7018072916666667 0.569212962962963 0.020921875 0.03138888888888889
1 0.6480520833333333 0.6219537037037037 0.02477604166666667 0.03298148148148148
1 0.6553385416666667 0.6585555555555556 0.0069010416666666664 0.01586111111111111