0 0.11115625 0.8924907407407408 0.081 0.05996296296296297
1 0.562203125 0.745 0.027671875000000002 0.020583333333333335
1 0.8157760416666666 0.4900648148148148 0.020468749999999997 0.02087037037037037
1 0.7874218749999999 0.5136111111111111 0.021421875 0.01987962962962963
1 0.5364010416666667 0.7665277777777778 0.028234375 0.027694444444444445
0 0.298109375 0.8116944444444444 0.0353125 0.02760185185185185
1 0.5498541666666666 0.6815648148148148 0.05365104166666667 0.059175925925925923
1 0.3969947916666667 0.8832962962962964 0.03286979166666667 0.027722222222222224
1 0.32348958333333333 0.911425925925926 0.035484375 0.024175925925925927
1 0.4638385416666667 0.8291111111111111 0.031276041666666664 0.032685185185185185
1 0.358375 0.8806759259259259 0.03433854166666667 0.034555555555555555
1 0.703421875 0.605388888888889 0.023416666666666665 0.017416666666666667
1 0.9766875 0.28019444444444447 0.029765625 0.03414814814814815
1 0.330578125 0.9375740740740741 0.03361979166666666 0.032018518518518516
1 0.6642916666666667 0.6438796296296296 0.022890625 0.01825925925925926
1 0.3636302083333333 0.9141574074074074 0.03285416666666666 0.030481481481481484
1 0.49328125 0.8115740740740741 0.027078125 0.018518518518518517
1 0.6827187499999999 0.6201203703703704 0.024744791666666665 0.020555555555555556
1 0.5126927083333334 0.7855092592592593 0.024979166666666667 0.0265
1 0.5952031249999999 0.678037037037037 0.02565625 0.026074074074074076
1 0.5425416666666667 0.727212962962963 0.025921875 0.024907407407407406
1 0.49902604166666664 0.7675648148148149 0.025708333333333333 0.02201851851851852
1 0.39530729166666667 0.8483425925925926 0.033921875 0.027999999999999997
1 0.5125364583333334 0.7308518518518519 0.030567708333333332 0.02578703703703704
1 0.3783125 0.8389722222222222 0.051234375000000006 0.04376851851851852
1 0.5833854166666667 0.7206203703703703 0.032375 0.02815740740740741
1 0.47749479166666664 0.7863796296296296 0.027166666666666665 0.018851851851851852
1 0.4286770833333333 0.8268703703703704 0.03185416666666666 0.025037037037037035
1 0.5196770833333333 0.7456388888888889 0.024104166666666666 0.02052777777777778
1 0.86440625 0.4369444444444444 0.017338541666666665 0.025861111111111112
1 0.744078125 0.5568425925925926 0.021687500000000002 0.021212962962962965
1 0.7681302083333333 0.5421203703703704 0.019276041666666667 0.015759259259259258
1 0.7281458333333333 0.5754907407407407 0.02090625 0.018712962962962962
1 0.8354479166666666 0.46875925925925926 0.022677083333333334 0.021074074074074075
1 0.7532083333333334 0.528 0.022005208333333335 0.020324074074074074
0 0.9077604166666667 0.31634259259259256 0.03284895833333333 0.04406481481481482
1 0.711515625 0.5938703703703704 0.027567708333333333 0.01412962962962963
1 0.10819791666666667 0.9740648148148148 0.04913541666666667 0.048046296296296295
1 0.2287239583333333 0.9837592592592593 0.03511458333333333 0.029555555555555557
1 0.618 0.6866018518518519 0.017078125 0.02351851851851852
0 0.3379739583333333 0.7778888888888889 0.011666666666666665 0.024657407407407406
0 0.0073593750000000005 0.9267777777777777 0.014718750000000001 0.05503703703703704
0 0.49972395833333333 0.6536203703703704 0.005796875000000001 0.02135185185185185
0 0.5689479166666668 0.5870092592592593 0.006223958333333333 0.01900925925925926
0 0.6023645833333333 0.5845833333333333 0.017510416666666664 0.02214814814814815
0 0.7571822916666666 0.42076851851851854 0.003802083333333333 0.01675
0 0.7884166666666667 0.4157314814814815 0.016838541666666665 0.023842592592592592
0 0.7560520833333333 0.4447314814814815 0.0193125 0.02211111111111111
0 0.825375 0.3859814814814815 0.014656250000000001 0.015138888888888891
0 0.86121875 0.32834259259259263 0.004942708333333334 0.018268518518518517
0 0.8632135416666666 0.36085185185185187 0.015817708333333333 0.026657407407407407
0 0.9037552083333333 0.29521296296296295 0.003848958333333333 0.01037037037037037
0 0.9592604166666666 0.2432314814814815 0.00309375 0.011435185185185185
1 0.9424166666666667 0.33702777777777776 0.014375 0.016425925925925924
1 0.9489375 0.3524814814814815 0.012916666666666667 0.019175925925925926
1 0.8424375000000001 0.45778703703703705 0.014895833333333334 0.013564814814814816
1 0.7824843749999999 0.49220370370370375 0.016067708333333333 0.021648148148148146
1 0.7325052083333333 0.5373796296296296 0.018333333333333333 0.02687037037037037
1 0.7170416666666667 0.5587685185185185 0.018125 0.020277777777777777
1 0.6984947916666666 0.5737037037037037 0.015302083333333332 0.021944444444444444
1 0.6881770833333333 0.5888518518518518 0.015609375 0.019833333333333335
1 0.6727395833333334 0.6007407407407407 0.014296874999999999 0.026601851851851852
1 0.6583177083333334 0.6125740740740742 0.01284375 0.018351851851851852
1 0.6475885416666666 0.6222314814814814 0.018807291666666667 0.028574074074074075
1 0.628671875 0.644888888888889 0.0180625 0.026
1 0.6111770833333333 0.6618333333333333 0.017989583333333333 0.020759259259259262
1 0.5999322916666666 0.702462962962963 0.018869791666666667 0.028064814814814813
1 0.6342447916666667 0.6670648148148147 0.018697916666666665 0.0302037037037037
1 0.6487239583333333 0.6526481481481482 0.017734375 0.02163888888888889
1 0.4323125 0.8595833333333334 0.02273958333333333 0.031370370370370375
1 0.45167708333333334 0.8059259259259259 0.023583333333333335 0.025657407407407407
1 0.33672916666666663 0.8774907407407407 0.026213541666666666 0.02975925925925926
1 0.2858177083333333 0.9096388888888889 0.029223958333333334 0.039203703703703706
1 0.2885104166666667 0.9379537037037037 0.02880729166666667 0.030546296296296297
1 0.26 0.9577870370370372 0.027385416666666666 0.028055555555555556
1 0.29461979166666663 0.9636574074074075 0.033265625 0.03598148148148148
1 0.261015625 0.9891666666666666 0.029145833333333333 0.021666666666666664
1 0.036182291666666665 0.9842592592592593 0.072359375 0.031490740740740736