1 0.4170260416666667 0.7938333333333334 0.063 0.05817592592592592
0 0.7953125 0.3937962962962963 0.017333333333333333 0.016277777777777776
1 0.056427083333333336 0.9490833333333333 0.11284895833333333 0.08675
1 0.2847864583333333 0.8745555555555555 0.078734375 0.06372222222222222
0 0.432421875 0.7194166666666667 0.022791666666666665 0.016833333333333332
0 0.36947916666666664 0.7730555555555555 0.026640624999999998 0.022000000000000002
0 0.9259687499999999 0.2888148148148148 0.017562499999999998 0.01786111111111111
1 0.8059114583333333 0.46728703703703706 0.014270833333333333 0.01773148148148148
1 0.18997395833333333 0.9261666666666667 0.17178125 0.05299074074074074
0 0.6677083333333333 0.5289722222222222 0.020041666666666666 0.01863888888888889
1 0.8805208333333333 0.396212962962963 0.016864583333333336 0.01662962962962963
0 0.47803645833333336 0.6898148148148148 0.061989583333333334 0.06666666666666667
1 0.72340625 0.5523333333333333 0.0188125 0.020064814814814817
1 0.34155729166666665 0.8881944444444444 0.03565104166666667 0.030527777777777775
0 0.839453125 0.3509814814814815 0.014343749999999999 0.018287037037037036
1 0.776515625 0.4971481481481481 0.01496875 0.01686111111111111
1 0.26557291666666666 0.9437037037037037 0.03791666666666667 0.036055555555555556
0 0.6986197916666667 0.47601851851851856 0.005828125 0.020259259259259258
0 0.7804062500000001 0.4235648148148148 0.012859375000000001 0.015546296296296296
1 0.658859375 0.6124907407407407 0.019989583333333335 0.025138888888888888
1 0.539171875 0.7292685185185185 0.023953125000000002 0.03673148148148148
1 0.5922031249999999 0.7237314814814815 0.008098958333333333 0.024675925925925924
1 0.5691145833333333 0.7321481481481482 0.00696875 0.027814814814814813
1 0.5556249999999999 0.7574074074074074 0.007541666666666667 0.02847222222222222
1 0.5232239583333333 0.7823981481481481 0.007994791666666666 0.024666666666666667
1 0.5345364583333333 0.7670185185185185 0.006932291666666667 0.024231481481481482
1 0.405703125 0.845212962962963 0.025567708333333335 0.030435185185185183
1 0.8388489583333333 0.438 0.014208333333333333 0.025416666666666667
1 0.7570104166666667 0.5469166666666666 0.007114583333333333 0.03060185185185185
1 0.7981770833333334 0.5105092592592593 0.008677083333333334 0.02752777777777778
1 0.8439270833333333 0.4694074074074074 0.0059479166666666665 0.023268518518518518
1 0.8575052083333333 0.45154629629629633 0.0031041666666666665 0.032
1 0.8642187499999999 0.43562962962962964 0.006166666666666667 0.01724074074074074
1 0.911421875 0.38478703703703704 0.00478125 0.014703703703703705
1 0.9192447916666667 0.39085185185185184 0.0034166666666666664 0.013842592592592592
1 0.9348697916666667 0.36636111111111114 0.0040885416666666665 0.014787037037037038
1 0.9239427083333334 0.35360185185185183 0.010942708333333334 0.02412962962962963
1 0.9498489583333334 0.3499351851851852 0.003359375 0.015425925925925926
1 0.956671875 0.3501944444444444 0.0074062500000000005 0.018685185185185187
1 0.9858802083333333 0.29354629629629625 0.011015625 0.01685185185185185