0 0.3687552083333333 0.7800833333333334 0.03247916666666666 0.027842592592592592
0 0.48695312500000004 0.6821666666666667 0.022838541666666667 0.015240740740740742
0 0.43879687500000003 0.7346203703703703 0.026494791666666666 0.023185185185185184
0 0.52390625 0.6592314814814815 0.022697916666666665 0.022083333333333333
0 0.591515625 0.5770185185185185 0.04255729166666666 0.03590740740740741
0 0.5470677083333333 0.6336203703703703 0.01884375 0.02264814814814815
0 0.485328125 0.6609722222222223 0.004260416666666667 0.013657407407407408
0 0.453921875 0.6878055555555556 0.005848958333333334 0.017555555555555557
0 0.013348958333333332 0.9181203703703704 0.026703125 0.037064814814814814
0 0.6527447916666667 0.5111111111111111 0.008041666666666666 0.012194444444444444
0 0.6667864583333334 0.5059722222222223 0.006609375 0.015453703703703706
0 0.7874947916666667 0.4015648148148148 0.006401041666666666 0.011444444444444445
0 0.8196458333333333 0.3662037037037037 0.005109375 0.010064814814814815
0 0.8332291666666667 0.37839814814814815 0.014380208333333333 0.01548148148148148
0 0.8587708333333333 0.34075 0.004515625 0.011509259259259259
0 0.8802239583333333 0.3165 0.0054062500000000005 0.01274074074074074
0 0.9004583333333334 0.2956944444444445 0.003942708333333334 0.011694444444444445
0 0.9273072916666667 0.28255555555555556 0.011713541666666666 0.014194444444444445
0 0.9524479166666667 0.2675277777777778 0.012213541666666666 0.013583333333333333
0 0.9464322916666668 0.2546759259259259 0.006666666666666667 0.009462962962962963
0 0.99390625 0.22937962962962963 0.011447916666666667 0.0145
1 0.962125 0.30035185185185187 0.014578124999999999 0.017083333333333332
1 0.81803125 0.4535277777777778 0.022687500000000003 0.024416666666666666
1 0.8280625 0.4772314814814815 0.016244791666666668 0.020787037037037038
1 0.6672916666666667 0.6020092592592592 0.02003125 0.029555555555555557
1 0.4383854166666667 0.847462962962963 0.028234375 0.032379629629629626
1 0.468109375 0.8343425925925926 0.009645833333333333 0.022490740740740738
1 0.306765625 0.9156111111111112 0.03116666666666667 0.03823148148148148