1 0.22568229166666667 0.9761666666666666 0.04053645833333333 0.031185185185185184
1 0.42503124999999997 0.7999722222222222 0.03288541666666667 0.038537037037037036
1 0.13209895833333332 0.9331481481481481 0.1363125 0.10143518518518518
1 0.38178125 0.864287037037037 0.030145833333333334 0.033018518518518516
1 0.43705208333333334 0.8201759259259259 0.029854166666666668 0.033296296296296296
0 0.7162031249999999 0.4696111111111111 0.006380208333333333 0.01700925925925926
1 0.35316145833333334 0.8396388888888888 0.04268229166666667 0.048574074074074075
1 0.48527604166666666 0.7454722222222222 0.05188541666666667 0.06788888888888889
0 0.34383854166666666 0.7794814814814816 0.009963541666666666 0.020805555555555553
0 0.6465989583333334 0.5285925925925926 0.007130208333333333 0.018990740740740742
0 0.9358906250000001 0.28626851851851853 0.014427083333333333 0.016657407407407405
1 0.4468333333333333 0.8497685185185185 0.011130208333333334 0.02499074074074074
1 0.26090104166666667 0.9891296296296296 0.01738020833333333 0.02049074074074074
1 0.30900520833333334 0.9157592592592593 0.032401041666666665 0.0405
0 0.5178489583333333 0.6566018518518518 0.008374999999999999 0.02188888888888889
1 0.5661770833333333 0.6573796296296297 0.060125 0.08800925925925926
1 0.6134375 0.6563703703703704 0.020567708333333334 0.03188888888888889
1 0.6301041666666667 0.6778518518518519 0.006317708333333334 0.02236111111111111
1 0.612234375 0.7044722222222223 0.00525 0.02148148148148148
1 0.599703125 0.7006944444444444 0.005786458333333333 0.019574074074074074
1 0.5877708333333334 0.7264814814814815 0.0069375 0.024305555555555556
1 0.5515572916666667 0.7591944444444444 0.007135416666666667 0.02272222222222222
1 0.53753125 0.7766018518518518 0.007927083333333333 0.024407407407407405
1 0.46248958333333334 0.8241666666666667 0.008098958333333333 0.025055555555555553
1 0.5148072916666666 0.7906296296296296 0.005229166666666666 0.018555555555555554
1 0.6781145833333333 0.5971296296296296 0.019317708333333336 0.028074074074074074
1 0.723140625 0.5487962962962963 0.018302083333333333 0.024296296296296295
1 0.7468072916666666 0.5295185185185185 0.017765625 0.02287962962962963
1 0.7187083333333334 0.5342037037037037 0.017807291666666666 0.01852777777777778
1 0.780734375 0.49545370370370373 0.017135416666666667 0.02259259259259259
1 0.8099479166666667 0.4630740740740741 0.014588541666666668 0.02001851851851852
1 0.8387552083333334 0.4384166666666667 0.015578125 0.018351851851851852
1 0.8641249999999999 0.4127222222222222 0.013442708333333333 0.017842592592592594
1 0.8853802083333334 0.3886574074074074 0.014546874999999999 0.02060185185185185
1 0.8531510416666667 0.45325 0.005401041666666666 0.019759259259259258
1 0.8779322916666668 0.42519444444444443 0.004 0.013712962962962963
1 0.8881458333333333 0.424462962962963 0.00446875 0.0162962962962963
1 0.9284114583333333 0.3492314814814815 0.012973958333333334 0.020888888888888887
1 0.9512031249999999 0.32528703703703704 0.012817708333333334 0.014990740740740742
1 0.9533958333333333 0.30564814814814817 0.011614583333333334 0.019324074074074073
1 0.9777708333333333 0.3007685185185185 0.013291666666666667 0.019268518518518518
1 0.9653385416666667 0.3358703703703704 0.0027291666666666666 0.01596296296296296
1 0.9701406250000001 0.3370925925925926 0.004927083333333334 0.015175925925925926
1 0.9776197916666667 0.3310092592592593 0.004052083333333334 0.014314814814814815
1 0.9449270833333333 0.3667962962962963 0.00415625 0.01562962962962963
1 0.9479375 0.3499259259259259 0.004807291666666667 0.01338888888888889
0 0.8926875 0.31192592592592594 0.013703125 0.01573148148148148
0 0.9166562500000001 0.30534259259259255 0.011666666666666665 0.016287037037037037
0 0.9550468750000001 0.2688055555555556 0.011677083333333334 0.012675925925925926
0 0.9009114583333333 0.2996388888888889 0.011984375 0.012962962962962963
0 0.5283020833333334 0.6371759259259259 0.020395833333333332 0.01933333333333333
0 0.48719270833333334 0.659074074074074 0.004505208333333333 0.020324074074074074
0 0.4248854166666666 0.7462222222222222 0.028442708333333334 0.021805555555555557
1 0.6645 0.6532129629629629 0.004567708333333333 0.022185185185185186
1 0.6780104166666666 0.6234537037037038 0.004432291666666667 0.016564814814814817
1 0.7175052083333333 0.5902222222222223 0.00603125 0.018611111111111113
1 0.6930729166666667 0.6237314814814815 0.007145833333333334 0.02666666666666667
1 0.7351145833333333 0.5781481481481481 0.005817708333333334 0.0202962962962963
1 0.74990625 0.5576944444444444 0.005609375 0.0215
1 0.765390625 0.5487407407407408 0.004958333333333333 0.01875925925925926
1 0.7815364583333333 0.518074074074074 0.005197916666666667 0.016944444444444446