1 0.44290104166666666 0.8445277777777778 0.031213541666666667 0.028981481481481483
1 0.5153802083333333 0.7055370370370371 0.048151041666666665 0.059509259259259255
1 0.7583072916666667 0.4947129629629629 0.03938020833333333 0.053175925925925925
0 0.29702083333333335 0.812 0.034192708333333335 0.025444444444444443
1 0.28784375 0.8778611111111111 0.07721874999999999 0.06512962962962963
1 0.46759375 0.8268425925925926 0.030869791666666667 0.028453703703703703
1 0.6016666666666667 0.626787037037037 0.052098958333333334 0.08160185185185184
1 0.7091458333333333 0.5350277777777778 0.036109375 0.04701851851851852
1 0.6612135416666667 0.5733240740740742 0.040718750000000005 0.0435
1 0.361453125 0.9115 0.029479166666666667 0.031731481481481486
0 0.2203125 0.8410555555555556 0.03950520833333333 0.030342592592592595
0 0.4982239583333333 0.6611111111111111 0.027895833333333335 0.025657407407407407
1 0.3325052083333333 0.9367037037037037 0.033953125 0.03391666666666667
0 0.51396875 0.6418055555555555 0.023348958333333333 0.020731481481481483
0 0.5967447916666667 0.5736944444444445 0.020984375 0.02173148148148148
1 0.5658697916666667 0.7361203703703704 0.021437499999999998 0.02289814814814815
1 0.8874791666666667 0.35940740740740745 0.027786458333333333 0.03150925925925926
1 0.5203593750000001 0.7829351851851852 0.02333333333333333 0.025611111111111112
0 0.6305156249999999 0.5372685185185185 0.020338541666666664 0.019425925925925926
1 0.49609895833333334 0.8032685185185185 0.027901041666666668 0.028101851851851854
1 0.9454010416666667 0.2970648148148148 0.033 0.04416666666666667
1 0.5096354166666667 0.7612314814814815 0.029447916666666667 0.03403703703703703
1 0.18249479166666666 0.9881203703703705 0.0333125 0.02375
1 0.22242187500000002 0.9845277777777778 0.03433854166666667 0.030944444444444445
1 0.256390625 0.9624074074074075 0.028270833333333335 0.030694444444444444
1 0.21725520833333334 0.9674351851851851 0.029447916666666667 0.029740740740740738
1 0.2661979166666667 0.9802962962962963 0.032927083333333336 0.03939814814814815
1 0.2958645833333333 0.9563703703703704 0.032125 0.03891666666666667
1 0.28561458333333334 0.9371944444444444 0.030734374999999998 0.036083333333333335
1 0.25533854166666664 0.9418425925925926 0.032442708333333334 0.028481481481481483
1 0.34341666666666665 0.8911481481481482 0.032192708333333334 0.043833333333333335
1 0.37205208333333334 0.8718796296296296 0.024880208333333334 0.027296296296296298
1 0.39406250000000004 0.8488055555555556 0.026546875 0.03274074074074074
1 0.42215624999999996 0.8311111111111111 0.028416666666666666 0.031185185185185184
1 0.45202604166666666 0.8076018518518518 0.028630208333333334 0.030712962962962966
1 0.4794010416666667 0.7804444444444444 0.026703125 0.035611111111111114
1 0.5321041666666667 0.7366759259259259 0.022171875 0.02674074074074074
1 0.5530052083333333 0.7189814814814814 0.021770833333333333 0.025203703703703704
1 0.5688697916666666 0.7032222222222222 0.0205 0.024981481481481483
1 0.5852239583333334 0.6842222222222223 0.01871875 0.02335185185185185
1 0.5887708333333334 0.7192222222222222 0.020666666666666667 0.018907407407407407
1 0.6064427083333332 0.6977500000000001 0.019114583333333334 0.023333333333333334
1 0.6264427083333334 0.6804166666666667 0.0195625 0.022509259259259257
1 0.645453125 0.6618425925925926 0.018661458333333332 0.02173148148148148
1 0.6381770833333333 0.6322500000000001 0.014651041666666666 0.020935185185185185
1 0.6216979166666667 0.6493055555555556 0.015250000000000001 0.016962962962962964
1 0.6090260416666666 0.6633518518518519 0.0203125 0.02137962962962963
1 0.659734375 0.6457777777777778 0.018546875 0.025425925925925928
1 0.67740625 0.6286944444444444 0.01975 0.029083333333333333
1 0.6566458333333334 0.6172407407407408 0.0195625 0.026166666666666668
1 0.6916927083333333 0.6110555555555556 0.017932291666666666 0.0245
1 0.7083697916666666 0.5941481481481481 0.018109375 0.02674074074074074
1 0.7217447916666667 0.5827592592592593 0.014046874999999999 0.023240740740740742
1 0.737015625 0.5712222222222222 0.017114583333333332 0.02187037037037037
1 0.7697343750000001 0.5340462962962963 0.018354166666666668 0.02587037037037037
1 0.7332291666666666 0.5434814814814816 0.016567708333333334 0.02050925925925926
1 0.7436822916666667 0.5298888888888889 0.015369791666666667 0.01859259259259259
1 0.7596927083333332 0.5158055555555556 0.014666666666666666 0.025472222222222222
1 0.7843958333333333 0.49366666666666664 0.013677083333333334 0.018296296296296297
1 0.8368697916666666 0.4073240740740741 0.031088541666666667 0.0574537037037037
1 0.801078125 0.44837962962962963 0.03598958333333333 0.05658333333333333
1 0.9091302083333334 0.3665555555555556 0.015010416666666667 0.023342592592592592
1 0.8705677083333333 0.3828333333333333 0.024427083333333332 0.035277777777777776
1 0.8684739583333333 0.4112222222222222 0.015598958333333333 0.02236111111111111
1 0.8946510416666666 0.3876203703703704 0.012067708333333335 0.021666666666666664
1 0.8807135416666667 0.39608333333333334 0.014723958333333334 0.01951851851851852
1 0.8209739583333333 0.45788888888888885 0.015911458333333333 0.018916666666666665
1 0.7708437499999999 0.5049907407407407 0.011796875 0.020842592592592593
1 0.8090104166666666 0.4684537037037037 0.013453125 0.019407407407407408
1 0.9204427083333333 0.3321388888888889 0.032552083333333336 0.0405925925925926
1 0.9318541666666668 0.3453055555555556 0.011880208333333333 0.020537037037037038
1 0.981421875 0.2743055555555556 0.02930729166666667 0.040388888888888884
1 0.9744791666666667 0.3075555555555556 0.016822916666666667 0.023
1 0.9530520833333332 0.32582407407407404 0.014552083333333334 0.019462962962962963
1 0.7030364583333333 0.5681018518518518 0.019473958333333333 0.01988888888888889
1 0.687484375 0.5857222222222223 0.016098958333333333 0.019648148148148147
1 0.673359375 0.5996203703703704 0.015984375000000002 0.020287037037037037
1 0.53815625 0.7646574074074074 0.021718750000000002 0.02525925925925926
0 0.25781770833333334 0.8422777777777778 0.03418229166666666 0.02401851851851852
0 0.10606249999999999 0.9466759259259259 0.13673958333333333 0.09491666666666668
0 0.053843749999999996 0.9113796296296296 0.04619270833333333 0.0350462962962963
0 0.011453125 0.9406111111111112 0.022911458333333336 0.03921296296296296
0 0.06918229166666667 0.8865833333333333 0.029046875000000003 0.024037037037037037
0 0.33668750000000003 0.8068333333333333 0.03272395833333333 0.025296296296296296
0 0.3407708333333333 0.7817222222222222 0.02984375 0.025814814814814815
0 0.4064166666666667 0.761361111111111 0.080953125 0.08798148148148148
0 0.442859375 0.7050555555555555 0.022692708333333332 0.018962962962962963
0 0.472015625 0.7055462962962963 0.022447916666666668 0.022657407407407407
0 0.46715625000000005 0.6872962962962963 0.022260416666666668 0.020074074074074074
0 0.4911302083333334 0.6862870370370371 0.022520833333333334 0.019740740740740743
0 0.5693750000000001 0.614212962962963 0.015145833333333332 0.024481481481481483
0 0.551953125 0.631537037037037 0.01883333333333333 0.019120370370370367
0 0.5355052083333334 0.6475833333333333 0.019125 0.01864814814814815
0 0.5180416666666666 0.6631203703703703 0.022734374999999998 0.019537037037037037
0 0.6124739583333334 0.557574074074074 0.017781250000000002 0.01837962962962963
0 0.6208125 0.572 0.020473958333333334 0.02213888888888889
0 0.652015625 0.543324074074074 0.01873958333333333 0.018712962962962962
0 0.6554010416666666 0.5186018518518519 0.017604166666666664 0.020805555555555553
0 0.6736197916666666 0.5256851851851851 0.017875 0.02175
0 0.6724010416666667 0.5029907407407408 0.017640625 0.017046296296296296
0 0.6953541666666666 0.5030277777777777 0.017515625 0.016444444444444446
0 0.7163645833333334 0.4831666666666667 0.017442708333333334 0.017092592592592593
0 0.7034270833333333 0.4740833333333333 0.01503125 0.012481481481481482
0 0.6893697916666667 0.4921481481481481 0.016859375 0.015370370370370371
0 0.7484947916666667 0.45375 0.01806770833333333 0.016592592592592593
0 0.7166979166666666 0.46475 0.016395833333333335 0.01349074074074074
0 0.7709791666666667 0.43601851851851847 0.014119791666666666 0.017750000000000002
0 0.852109375 0.36144444444444446 0.012130208333333333 0.014092592592592592
0 0.8178958333333333 0.4068888888888889 0.00990625 0.021546296296296296
0 0.8289895833333334 0.3646111111111111 0.014348958333333333 0.017027777777777777
0 0.8135208333333334 0.3787685185185185 0.014697916666666666 0.015842592592592592
0 0.91775 0.28135185185185185 0.010979166666666667 0.014407407407407409
0 0.9435364583333333 0.2616666666666667 0.011145833333333332 0.013537037037037037
0 0.7290104166666667 0.45225 0.011760416666666666 0.015277777777777777
0 0.742703125 0.4401388888888889 0.013296875000000001 0.013398148148148149
0 0.7601041666666667 0.42244444444444446 0.010859375000000001 0.014268518518518519
0 0.7976666666666666 0.38808333333333334 0.013411458333333333 0.010898148148148148
0 0.7870052083333333 0.41779629629629633 0.012963541666666667 0.015925925925925927
0 0.7734114583333334 0.41447222222222224 0.010916666666666667 0.015185185185185184
0 0.8032447916666666 0.40531481481481485 0.015515625 0.02049074074074074
0 0.841125 0.35110185185185183 0.013052083333333332 0.016194444444444442
0 0.88828125 0.32640740740740737 0.013921875 0.015296296296296296