1 0.06461458333333334 0.9652685185185186 0.10897395833333333 0.06527777777777778
0 0.5263072916666667 0.6382685185185185 0.024125 0.025537037037037035
0 0.7430364583333334 0.4558240740740741 0.015869791666666667 0.016416666666666666
0 0.87828125 0.33721296296296294 0.014177083333333333 0.018027777777777778
1 0.3573854166666666 0.8788333333333334 0.027291666666666665 0.03367592592592592
1 0.26971354166666667 0.950601851851852 0.025046875000000003 0.03062037037037037
1 0.6971458333333334 0.6177592592592592 0.005218749999999999 0.01724074074074074
1 0.7537395833333334 0.5535092592592592 0.006145833333333334 0.01739814814814815
1 0.924125 0.38472222222222224 0.006072916666666667 0.016305555555555556
1 0.9697604166666667 0.33749074074074076 0.013890625 0.01387962962962963
1 0.9698333333333333 0.3051203703703703 0.0131875 0.020398148148148148
0 0.34856770833333334 0.7703611111111112 0.013203125000000001 0.025555555555555557
0 0.41158854166666664 0.7276666666666667 0.009072916666666668 0.021314814814814814
0 0.45003125 0.6999166666666666 0.008447916666666666 0.02124074074074074
0 0.45971875 0.7033148148148148 0.006333333333333333 0.02210185185185185
0 0.4862447916666667 0.6609074074074074 0.006161458333333333 0.020398148148148148
0 0.6085052083333333 0.5651203703703704 0.008812500000000001 0.020833333333333332
0 0.6699635416666666 0.5010833333333333 0.007807291666666666 0.02139814814814815
0 0.6904010416666666 0.4845277777777777 0.005901041666666666 0.016999999999999998
0 0.6997916666666666 0.4979074074074074 0.016625 0.018027777777777778
0 0.7435520833333332 0.43257407407407406 0.0053750000000000004 0.014027777777777778
0 0.8053125 0.3793611111111111 0.006552083333333333 0.019435185185185184
0 0.8334218750000001 0.35371296296296295 0.005447916666666667 0.01862962962962963
0 0.9352083333333333 0.2853796296296296 0.012854166666666667 0.013574074074074073