1 0.3606666666666667 0.8548055555555556 0.031234374999999998 0.029833333333333333
1 0.21869791666666666 0.9677870370370371 0.0333125 0.027416666666666666
0 0.7580625 0.4455925925925926 0.01932291666666667 0.017972222222222223
0 0.5160208333333334 0.6481574074074073 0.021223958333333334 0.02775
1 0.5202291666666666 0.7524537037037037 0.021244791666666665 0.018000000000000002
1 0.22138020833333333 0.987425925925926 0.03302083333333333 0.023925925925925927
1 0.225 0.925537037037037 0.07469270833333333 0.04601851851851852
1 0.578734375 0.6942037037037038 0.025104166666666667 0.025277777777777777
1 0.8566822916666667 0.4025462962962963 0.019921875 0.018898148148148147
1 0.5127916666666666 0.7261388888888889 0.026494791666666666 0.028287037037037038
1 0.47355729166666666 0.7885740740740741 0.028187499999999997 0.02801851851851852
1 0.7695364583333333 0.5093796296296296 0.01727604166666667 0.019398148148148147
1 0.8264375 0.4548611111111111 0.017130208333333334 0.01687962962962963
1 0.6613489583333333 0.6123981481481481 0.021984375 0.020537037037037038
1 0.706796875 0.570462962962963 0.018765625 0.018564814814814815
0 0.6224531249999999 0.549962962962963 0.04041666666666666 0.03040740740740741
1 0.250765625 0.9698333333333334 0.0345625 0.03598148148148148
1 0.49809895833333334 0.7739907407407407 0.025958333333333337 0.024444444444444442
1 0.8109999999999999 0.47126851851851853 0.017916666666666668 0.016805555555555553
1 0.7992760416666667 0.45291666666666663 0.021812500000000002 0.018453703703703705
1 0.25671354166666666 0.9548240740740741 0.02746875 0.019740740740740743
0 0.7082552083333333 0.4921944444444445 0.017729166666666667 0.021185185185185185
1 0.47525520833333335 0.7557870370370371 0.025723958333333335 0.033999999999999996
1 0.4266197916666667 0.8274351851851852 0.025604166666666664 0.03476851851851852
1 0.39515625000000004 0.8296018518518519 0.024390625 0.03771296296296296
1 0.4107760416666667 0.7575277777777778 0.05846354166666667 0.08198148148148149
1 0.335546875 0.8373148148148147 0.025489583333333333 0.032962962962962965
1 0.32395833333333335 0.8838796296296296 0.02676041666666667 0.03014814814814815
1 0.348671875 0.8903888888888889 0.026223958333333335 0.03203703703703704
1 0.3227604166666667 0.9115462962962964 0.026765625 0.03135185185185185
1 0.2857395833333333 0.9397962962962964 0.02928645833333333 0.034194444444444444
1 0.5467291666666667 0.7194166666666667 0.021791666666666668 0.03496296296296296
1 0.5799635416666666 0.6472314814814815 0.057234375 0.08806481481481482
1 0.6131875 0.6571574074074075 0.016604166666666666 0.02238888888888889
1 0.5989010416666667 0.6750648148148148 0.016223958333333333 0.026222222222222223
1 0.6285000000000001 0.6401481481481481 0.020401041666666668 0.03009259259259259
1 0.6800260416666667 0.5590462962962963 0.04797916666666667 0.07094444444444445
1 0.668296875 0.6341666666666667 0.005338541666666667 0.016055555555555556
1 0.6767135416666666 0.6386481481481482 0.0049375 0.015277777777777777
1 0.5906979166666667 0.7110833333333334 0.006046874999999999 0.019
1 0.5813802083333334 0.7296481481481482 0.004651041666666666 0.021361111111111112
1 0.7247239583333334 0.552212962962963 0.017322916666666667 0.02783333333333333
1 0.7449375 0.5288703703703703 0.018036458333333335 0.026064814814814815
1 0.7875885416666667 0.4858796296296296 0.015901041666666667 0.022129629629629628
1 0.889765625 0.42010185185185184 0.005244791666666667 0.015574074074074074
1 0.9008437499999999 0.4097777777777778 0.004708333333333333 0.015379629629629629
1 0.8696875 0.40987962962962965 0.012864583333333334 0.021935185185185186
1 0.923 0.38003703703703706 0.004635416666666667 0.01799074074074074
1 0.9390052083333333 0.36775 0.005760416666666667 0.018444444444444447
1 0.9592760416666667 0.35062037037037036 0.005093749999999999 0.014166666666666668
1 0.9443854166666666 0.3331574074074074 0.009203125000000001 0.013972222222222223
1 0.95840625 0.32058333333333333 0.011994791666666667 0.014953703703703702
1 0.9728697916666668 0.3084351851851852 0.012458333333333333 0.015361111111111112
1 0.9867135416666667 0.29530555555555554 0.013364583333333334 0.015944444444444445
0 0.8915833333333333 0.33617592592592593 0.024125 0.036953703703703704
0 0.8364791666666667 0.3918240740740741 0.014796875 0.02188888888888889
0 0.8737135416666667 0.33101851851851855 0.011223958333333334 0.025944444444444444
0 0.6916302083333333 0.4777777777777778 0.005458333333333333 0.020259259259259258
0 0.7208229166666666 0.46164814814814814 0.006416666666666667 0.028453703703703703
0 0.7298177083333334 0.4535740740740741 0.005229166666666666 0.016333333333333335
0 0.45802604166666666 0.6809259259259259 0.007697916666666666 0.024981481481481483
0 0.4863489583333333 0.6679074074074074 0.0063437499999999996 0.026694444444444444
0 0.3032239583333334 0.8039351851851851 0.05888541666666667 0.05800925925925926
1 0.9331510416666667 0.3421296296296296 0.00825 0.013407407407407408
1 0.8814947916666667 0.39782407407407405 0.011036458333333334 0.016999999999999998
1 0.9038385416666667 0.37492592592592594 0.012494791666666666 0.016324074074074074
1 0.8474114583333333 0.43327777777777776 0.01065625 0.015259259259259259
1 0.8357864583333333 0.4413796296296296 0.011895833333333333 0.018564814814814815
0 0.8460468750000001 0.3465092592592593 0.0027552083333333335 0.012185185185185186
0 0.8085989583333333 0.37995370370370374 0.005416666666666667 0.021592592592592594
0 0.9850885416666666 0.23360185185185184 0.012682291666666668 0.026379629629629628