1 0.3844375 0.8561944444444445 0.028625 0.026685185185185187
1 0.5066458333333334 0.760962962962963 0.026359375 0.030083333333333333
1 0.8794895833333333 0.42179629629629634 0.004828125 0.013222222222222222
1 0.9251874999999999 0.38249074074074074 0.0059479166666666665 0.014166666666666668
1 0.8084166666666667 0.5010833333333333 0.006322916666666667 0.016675925925925927
0 0.12596875000000002 0.8857222222222223 0.037953125000000004 0.0317962962962963
0 0.3188020833333333 0.7934166666666667 0.010760416666666666 0.02236111111111111
0 0.39774479166666665 0.7443796296296296 0.0048020833333333336 0.0205462962962963
0 0.40933854166666667 0.7359907407407408 0.008317708333333333 0.01714814814814815
0 0.42097395833333334 0.7244166666666667 0.006484375 0.014722222222222223
0 0.43440625 0.701462962962963 0.005572916666666666 0.012953703703703703
0 0.45196354166666663 0.7188148148148149 0.024234375 0.02424074074074074
0 0.48082291666666666 0.6732962962962963 0.013145833333333332 0.02213888888888889
0 0.52771875 0.678537037037037 0.021270833333333336 0.021249999999999998
0 0.532328125 0.646324074074074 0.024463541666666665 0.03437037037037037
0 0.5665208333333334 0.5878240740740741 0.006093749999999999 0.016324074074074074
0 0.5257916666666667 0.6223425925925926 0.006322916666666667 0.013824074074074074
0 0.5825364583333333 0.5775277777777778 0.00415625 0.018472222222222223
0 0.6858593749999999 0.48104629629629625 0.004348958333333333 0.014722222222222223
0 0.7129322916666666 0.47741666666666666 0.006989583333333333 0.012796296296296297
0 0.7209739583333333 0.4621018518518518 0.013843749999999998 0.014935185185185185
0 0.7524791666666667 0.422 0.004614583333333333 0.010277777777777778
0 0.809578125 0.37327777777777776 0.003989583333333334 0.012462962962962964
0 0.8179166666666667 0.36644444444444446 0.0031093749999999997 0.012583333333333334
0 0.849328125 0.3597314814814815 0.013630208333333334 0.01612037037037037
0 0.9003958333333333 0.3110925925925926 0.029197916666666667 0.03917592592592593
0 0.9365885416666667 0.2698888888888889 0.0026927083333333334 0.014935185185185185
0 0.9431875000000001 0.25684259259259257 0.007552083333333333 0.013833333333333333
0 0.9895052083333333 0.215 0.004598958333333333 0.012138888888888888