1 0.38109375 0.8241759259259259 0.09389583333333333 0.08387962962962964
1 0.28025 0.9360092592592593 0.03135416666666667 0.037453703703703704
1 0.49147916666666663 0.77175 0.02734375 0.03450925925925926
1 0.78703125 0.48612962962962963 0.020484375 0.033574074074074076
0 0.9546979166666667 0.25104629629629627 0.005218749999999999 0.014694444444444444
0 0.9279583333333333 0.28966666666666663 0.015067708333333334 0.019064814814814816
0 0.8800052083333333 0.31445370370370374 0.005671875000000001 0.013824074074074074
0 0.8094479166666667 0.37737037037037036 0.006130208333333333 0.011944444444444445
0 0.7712552083333333 0.4118425925925926 0.006177083333333333 0.015370370370370371
0 0.7583020833333334 0.4454074074074074 0.01553125 0.022324074074074073
0 0.5210520833333333 0.6707314814814814 0.034979166666666665 0.05912037037037037
0 0.3794427083333333 0.76525 0.02899479166666667 0.0355462962962963