1 0.367046875 0.8732962962962962 0.034354166666666665 0.03255555555555555
1 0.7961197916666667 0.4224259259259259 0.03241666666666667 0.04309259259259259
1 0.69990625 0.5758703703703704 0.022041666666666668 0.02224074074074074
0 0.703984375 0.4860277777777777 0.031302083333333335 0.04246296296296296
1 0.6015 0.7103981481481482 0.007239583333333333 0.02338888888888889
1 0.65246875 0.6607222222222222 0.0060625 0.02300925925925926
1 0.4901666666666667 0.7956666666666667 0.006119791666666667 0.02171296296296296
1 0.48112499999999997 0.8238888888888889 0.0030833333333333333 0.01976851851851852
1 0.19325520833333334 0.9849351851851852 0.0376875 0.030129629629629628
1 0.749203125 0.5226481481481482 0.017447916666666667 0.02
1 0.8316874999999999 0.44027777777777777 0.016145833333333335 0.016583333333333332
1 0.8310520833333332 0.47252777777777777 0.016541666666666666 0.020712962962962964
1 0.8489635416666667 0.4640462962962963 0.005494791666666667 0.013953703703703704
1 0.862015625 0.4408611111111111 0.005130208333333333 0.015138888888888891
1 0.8749583333333334 0.43554629629629626 0.00465625 0.01400925925925926
1 0.8934635416666666 0.41812962962962963 0.004760416666666667 0.015444444444444445
1 0.8799947916666666 0.4202685185185185 0.005286458333333333 0.010796296296296297
1 0.9141666666666667 0.3511296296296297 0.027203124999999998 0.04488888888888889
1 0.9395104166666666 0.36839814814814814 0.004598958333333333 0.012861111111111111
1 0.9561354166666667 0.3546666666666667 0.00378125 0.01273148148148148
1 0.9704947916666666 0.31042592592592594 0.013843749999999998 0.012212962962962962
0 0.9823489583333332 0.24371296296296294 0.010526041666666668 0.011925925925925927
0 0.9727395833333333 0.23817592592592593 0.004682291666666667 0.011564814814814814
0 0.9400052083333333 0.2576759259259259 0.005953125 0.010138888888888888
0 0.8319114583333334 0.37660185185185185 0.015192708333333334 0.019157407407407408
0 0.8441041666666667 0.35300000000000004 0.005182291666666667 0.020703703703703703
0 0.8151979166666667 0.3705462962962963 0.004479166666666667 0.009425925925925926
0 0.7973697916666667 0.3824074074074074 0.004697916666666666 0.01175925925925926
0 0.7490625000000001 0.4363148148148148 0.0040260416666666665 0.014361111111111111
0 0.7384687499999999 0.4456574074074074 0.005489583333333333 0.014018518518518519
0 0.67990625 0.5173703703703704 0.016802083333333332 0.021944444444444444
0 0.6609166666666667 0.5153425925925926 0.004463541666666667 0.01848148148148148
0 0.6306770833333334 0.5636574074074074 0.018796875 0.019425925925925926
0 0.5807395833333333 0.5826851851851852 0.0056770833333333335 0.017638888888888888
0 0.5713177083333334 0.615287037037037 0.019166666666666665 0.021037037037037035
0 0.5519999999999999 0.604287037037037 0.0066458333333333335 0.021027777777777777
0 0.5225260416666667 0.6248425925925927 0.004619791666666666 0.018166666666666668
0 0.5128125 0.6667314814814815 0.021166666666666667 0.025861111111111112
0 0.47153125 0.6782592592592592 0.007104166666666667 0.020370370370370372
0 0.4425 0.7161574074074074 0.0059947916666666665 0.02187037037037037
0 0.40865625 0.7237222222222223 0.00815625 0.017981481481481484
0 0.22548958333333333 0.8286574074074075 0.011739583333333333 0.019240740740740742
0 0.103921875 0.8920740740740741 0.011807291666666667 0.02185185185185185
0 0.036885416666666664 0.8971111111111111 0.01309375 0.02209259259259259
0 0.06941145833333334 0.8851388888888889 0.0131875 0.020916666666666667