1 0.74715625 0.5349814814814815 0.020781249999999998 0.028074074074074074
1 0.4262135416666667 0.8304351851851852 0.028036458333333333 0.03303703703703704
1 0.7393906250000001 0.5351574074074075 0.019348958333333333 0.02697222222222222
1 0.7027604166666667 0.5714259259259259 0.01669270833333333 0.029981481481481484
1 0.7732343749999999 0.5357037037037037 0.012520833333333333 0.023138888888888886
0 0.7711354166666666 0.4335648148148148 0.015770833333333335 0.020805555555555553
1 0.29271874999999997 0.9201759259259259 0.029885416666666668 0.041046296296296296
1 0.212421875 0.9814351851851852 0.03536458333333334 0.03712037037037037
0 0.7084218750000001 0.4913240740740741 0.015973958333333333 0.020009259259259258
0 0.69309375 0.48600925925925925 0.018510416666666665 0.023675925925925927
0 0.9095677083333332 0.29171296296296295 0.0153125 0.017879629629629627
1 0.874953125 0.37642592592592594 0.04164583333333333 0.04591666666666667
1 0.6103697916666667 0.7058425925925925 0.009177083333333334 0.028675925925925924
1 0.704984375 0.605574074074074 0.0069166666666666664 0.02611111111111111
1 0.5032656249999999 0.7567314814814815 0.020968749999999998 0.02639814814814815