0 0.07399479166666666 0.917287037037037 0.1479895833333333 0.08872222222222222
1 0.533046875 0.7388888888888889 0.023895833333333335 0.02587037037037037
1 0.5530729166666667 0.7203333333333334 0.024354166666666666 0.020259259259259258
0 0.27813541666666663 0.8219166666666666 0.035854166666666666 0.024037037037037037
0 0.35134895833333335 0.7926481481481481 0.09747916666666666 0.08001851851851852
1 0.8812864583333333 0.37982407407407404 0.029557291666666666 0.03028703703703704
1 0.3618802083333333 0.8817962962962963 0.03156770833333333 0.028296296296296295
1 0.2954322916666667 0.9279074074074074 0.03261979166666667 0.025898148148148146
1 0.48621354166666664 0.777 0.030776041666666667 0.03227777777777778
1 0.22883333333333333 0.9730925925925926 0.03733854166666666 0.032379629629629626
1 0.3235989583333333 0.9392222222222222 0.029890625 0.034138888888888885
1 0.2677447916666667 0.9841481481481482 0.031177083333333334 0.031703703703703706
1 0.16380729166666666 0.9906018518518518 0.03270833333333333 0.018796296296296297
1 0.43374999999999997 0.8128888888888889 0.022536458333333335 0.03723148148148148
1 0.410984375 0.838574074074074 0.027401041666666667 0.030277777777777782
1 0.5852968749999999 0.6826666666666666 0.024765625 0.03176851851851852
1 0.750859375 0.5227222222222222 0.016578125 0.01848148148148148
1 0.7998072916666668 0.5052407407407407 0.01590625 0.01715740740740741
1 0.8173437499999999 0.49659259259259264 0.004588541666666667 0.013166666666666667
1 0.8354322916666667 0.47787962962962965 0.004932291666666667 0.016407407407407405
1 0.8724947916666667 0.4381851851851852 0.005166666666666667 0.014453703703703703
1 0.8977760416666667 0.4121759259259259 0.0034322916666666664 0.014046296296296296
1 0.9081927083333333 0.36274074074074075 0.01665625 0.02637037037037037
1 0.9583645833333333 0.31192592592592594 0.027203124999999998 0.03754629629629629
1 0.993625 0.282212962962963 0.012744791666666666 0.017314814814814814
0 0.97159375 0.2515555555555556 0.0113125 0.012324074074074074
0 0.9518749999999999 0.27089814814814817 0.012750000000000001 0.01238888888888889
0 0.9457552083333333 0.26035185185185183 0.002734375 0.009592592592592592
0 0.9317395833333334 0.26732407407407405 0.0038541666666666668 0.010333333333333333
0 0.9118802083333333 0.3066111111111111 0.010708333333333332 0.01574074074074074
0 0.900328125 0.29377777777777775 0.0038125000000000004 0.012416666666666666
0 0.8889947916666666 0.3083518518518518 0.0047552083333333335 0.017685185185185186
0 0.8678802083333333 0.32743518518518516 0.004458333333333333 0.013175925925925926
0 0.831046875 0.3632962962962963 0.0037604166666666667 0.013777777777777778
0 0.8176822916666667 0.3659537037037037 0.004484375 0.013
0 0.8289791666666667 0.37935185185185183 0.015046875 0.013555555555555557
0 0.8123645833333334 0.39273148148148146 0.014598958333333334 0.01725925925925926
0 0.7480572916666667 0.47070370370370374 0.020270833333333335 0.03501851851851852
0 0.6889322916666667 0.49449999999999994 0.017921874999999997 0.020120370370370372
0 0.6310364583333333 0.5375648148148149 0.005114583333333334 0.017842592592592594
0 0.605796875 0.5617407407407407 0.005291666666666667 0.018944444444444444
0 0.5954322916666667 0.5629074074074074 0.003411458333333333 0.019759259259259258
0 0.5763125 0.6189814814814815 0.054828125 0.08109259259259259
0 0.5290781250000001 0.6189351851851852 0.006119791666666667 0.0205462962962963
0 0.51803125 0.6302129629629629 0.0053437499999999995 0.019731481481481482
0 0.48314583333333333 0.6641851851851852 0.0059635416666666665 0.02061111111111111
0 0.44327083333333334 0.7099444444444445 0.021687500000000002 0.022694444444444444
0 0.41342708333333333 0.7198425925925925 0.005932291666666667 0.023194444444444445
0 0.4050572916666667 0.7409537037037037 0.006666666666666667 0.02325
0 0.394265625 0.7360462962962963 0.005473958333333333 0.022064814814814815