0 0.09528125 0.8854814814814815 0.039453125 0.025175925925925928
0 0.278015625 0.8149351851851852 0.032239583333333335 0.026675925925925926
0 0.40121875 0.7462129629629629 0.026046875 0.023953703703703706
0 0.4344166666666667 0.7068333333333333 0.0073593750000000005 0.02160185185185185
0 0.5605208333333334 0.5971574074074074 0.005208333333333333 0.019685185185185188
0 0.60925 0.5818240740740741 0.01846354166666667 0.02211111111111111
0 0.6140833333333333 0.553962962962963 0.004645833333333333 0.019166666666666665
0 0.7011822916666667 0.47310185185185183 0.004682291666666667 0.015805555555555555
0 0.7144739583333333 0.4715462962962963 0.004244791666666667 0.013472222222222222
0 0.7578229166666667 0.4280277777777778 0.014276041666666666 0.013888888888888888
0 0.7929479166666666 0.4250648148148148 0.022927083333333334 0.039481481481481485
0 0.8071302083333334 0.4030185185185185 0.013848958333333333 0.01587037037037037
0 0.8584635416666667 0.33111111111111113 0.005572916666666666 0.014648148148148148
0 0.901015625 0.3172037037037037 0.013973958333333333 0.015981481481481482
0 0.9962083333333334 0.2142962962962963 0.007578125000000001 0.016564814814814817
1 0.8864062500000001 0.3646111111111111 0.02965625 0.04190740740740741
1 0.9246614583333332 0.3553425925925926 0.011734375 0.015944444444444445
1 0.9681614583333332 0.33492592592592596 0.005093749999999999 0.013148148148148147
1 0.9795416666666666 0.3340648148148148 0.0047708333333333335 0.017907407407407407
1 0.9940989583333334 0.3153055555555555 0.004875 0.014722222222222223
1 0.9563333333333334 0.35240740740740745 0.004036458333333334 0.013648148148148149
1 0.944421875 0.35689814814814813 0.006130208333333333 0.012324074074074074
1 0.9286927083333333 0.38370370370370366 0.006885416666666667 0.019064814814814816
1 0.9001458333333333 0.40829629629629627 0.006036458333333333 0.015712962962962963
1 0.88109375 0.39646296296296296 0.01777604166666667 0.02140740740740741
1 0.8695364583333334 0.4414074074074074 0.004671875000000001 0.017555555555555557
1 0.8528333333333333 0.44749074074074074 0.005057291666666667 0.015824074074074074
1 0.8229791666666666 0.4537777777777778 0.014645833333333334 0.021185185185185185
1 0.8409166666666666 0.4711666666666667 0.007161458333333333 0.016814814814814814
1 0.8178854166666666 0.48635185185185187 0.0074531250000000005 0.020398148148148148
1 0.7839479166666667 0.4920833333333334 0.01680729166666667 0.02413888888888889
1 0.7884635416666667 0.5156666666666666 0.006427083333333333 0.02087962962962963
1 0.730109375 0.5721111111111111 0.006572916666666666 0.01937962962962963
1 0.7170052083333334 0.5972407407407407 0.006411458333333333 0.023296296296296298
1 0.7079895833333333 0.6094814814814815 0.005036458333333333 0.020990740740740744
1 0.69959375 0.618175925925926 0.006182291666666667 0.022416666666666668
1 0.6568958333333333 0.6535648148148149 0.007276041666666667 0.02211111111111111
1 0.587421875 0.7178240740740741 0.008036458333333333 0.021879629629629627
1 0.5506354166666667 0.7641018518518519 0.008020833333333333 0.025842592592592594
1 0.5207864583333334 0.7418055555555555 0.025416666666666664 0.03534259259259259
1 0.5082916666666667 0.799601851851852 0.00840625 0.026287037037037036
1 0.4962135416666667 0.7986666666666666 0.009093750000000001 0.0275
1 0.4706666666666666 0.8344074074074074 0.008619791666666666 0.028425925925925924
1 0.32060416666666663 0.9114722222222222 0.030588541666666667 0.034722222222222224
1 0.24558854166666666 0.9667777777777776 0.032192708333333334 0.035583333333333335
1 0.65003125 0.5890555555555556 0.052234375000000006 0.06525