0 0.50978125 0.6560925925925927 0.02550520833333333 0.020101851851851853
1 0.36068229166666665 0.8620925925925925 0.03115625 0.023296296296296298
1 0.35438020833333334 0.8866111111111111 0.02547395833333333 0.025592592592592594
1 0.32153645833333333 0.9103796296296297 0.029265625 0.03169444444444444
1 0.27486979166666664 0.9504814814814815 0.026776041666666663 0.03192592592592592
1 0.22265104166666666 0.9610370370370371 0.032260416666666666 0.031490740740740736
1 0.18705729166666665 0.9867314814814816 0.033453125 0.026546296296296297
1 0.236921875 0.9799629629629629 0.030703125 0.03456481481481481
1 0.20159375 0.9896851851851851 0.03095833333333333 0.02062962962962963
1 0.10689583333333334 0.9597870370370369 0.09558854166666667 0.08043518518518519
1 0.4190364583333333 0.8357407407407408 0.027473958333333333 0.03537037037037037
1 0.4547291666666667 0.8048425925925926 0.028838541666666665 0.029898148148148146
1 0.5017447916666666 0.76175 0.028286458333333334 0.041074074074074075
1 0.5899739583333333 0.6780277777777778 0.020005208333333333 0.02937037037037037
1 0.5549999999999999 0.7559907407407408 0.008604166666666666 0.02050925925925926
1 0.6990572916666667 0.6154259259259259 0.006640625 0.018824074074074073
1 0.8163385416666666 0.4580092592592592 0.018291666666666664 0.024953703703703704
1 0.8426614583333334 0.471212962962963 0.008244791666666666 0.017648148148148145
0 0.8887708333333334 0.3271574074074074 0.012453125 0.016731481481481483
0 0.89221875 0.3045462962962963 0.004682291666666667 0.011851851851851853
0 0.821734375 0.3666111111111111 0.00690625 0.01136111111111111
0 0.7935833333333334 0.41152777777777777 0.012119791666666666 0.01690740740740741
0 0.7822864583333333 0.39846296296296296 0.005822916666666666 0.0125
0 0.6469427083333333 0.5275277777777778 0.005416666666666667 0.012083333333333335
0 0.5940572916666667 0.5686666666666667 0.006182291666666667 0.017305555555555557
0 0.528265625 0.6166111111111111 0.009734375 0.01685185185185185
0 0.491546875 0.683037037037037 0.022427083333333334 0.022231481481481484
0 0.4444427083333334 0.6973796296296296 0.010072916666666666 0.02112037037037037
0 0.33373437499999997 0.7838888888888889 0.011833333333333333 0.013925925925925925