0 0.6877760416666666 0.5201759259259259 0.045921875 0.06877777777777778
0 0.4800729166666667 0.6800833333333334 0.02382291666666667 0.021453703703703704
1 0.3535052083333333 0.8866296296296295 0.032203125 0.03253703703703704
0 0.24313020833333335 0.8300185185185185 0.011703125 0.021064814814814814
0 0.028604166666666667 0.9045185185185185 0.015005208333333332 0.02661111111111111
0 0.11805729166666666 0.8729814814814816 0.012229166666666668 0.017249999999999998
0 0.38401041666666663 0.7548240740740741 0.008338541666666668 0.02148148148148148
0 0.4176822916666667 0.7177037037037037 0.006130208333333333 0.022305555555555554
0 0.6422343749999999 0.5343240740740741 0.04155208333333334 0.052972222222222226
0 0.8448072916666667 0.3497314814814815 0.013911458333333333 0.014805555555555556
0 0.8969479166666667 0.29859259259259263 0.005 0.012962962962962963
0 0.9383958333333333 0.2692407407407407 0.011598958333333333 0.014425925925925925
0 0.9849895833333334 0.22712962962962965 0.013223958333333334 0.013240740740740742
1 0.9956614583333334 0.27978703703703706 0.008677083333333334 0.01811111111111111
1 0.9787395833333333 0.30126851851851855 0.008109375 0.015333333333333332
1 0.9451614583333333 0.3323611111111111 0.012609375 0.01935185185185185
1 0.9049999999999999 0.36939814814814814 0.014598958333333334 0.017777777777777778
1 0.8661197916666666 0.41032407407407406 0.014354166666666666 0.02013888888888889
1 0.800359375 0.47137037037037033 0.013864583333333335 0.02289814814814815
1 0.8133385416666666 0.49915740740740744 0.005807291666666667 0.016833333333333332
1 0.7386250000000001 0.5369259259259259 0.01903125 0.020759259259259262
1 0.7119739583333333 0.6009907407407408 0.006328125 0.02061111111111111
1 0.668765625 0.6051388888888889 0.018072916666666668 0.021453703703703704
1 0.6276770833333334 0.6414166666666666 0.02138020833333333 0.03086111111111111
1 0.6163020833333334 0.6987129629629629 0.009447916666666667 0.023648148148148147