0 0.07213020833333333 0.899074074074074 0.04099479166666666 0.03025925925925926
0 0.312359375 0.7975648148148148 0.009276041666666667 0.04298148148148148
0 0.437265625 0.7050833333333334 0.007703125 0.023064814814814816
0 0.4693020833333333 0.674212962962963 0.005015625 0.019425925925925926
0 0.476234375 0.69825 0.006151041666666667 0.0402962962962963
0 0.5617291666666666 0.6246111111111111 0.020536458333333334 0.02160185185185185
0 0.5862864583333334 0.5851018518518518 0.019234375 0.026027777777777778
0 0.6669531249999999 0.5110462962962963 0.01680729166666667 0.023185185185185184
0 0.7525156249999999 0.4258888888888889 0.0039947916666666665 0.02224074074074074
0 0.807109375 0.40764814814814815 0.02382291666666667 0.045703703703703705
0 0.8409479166666666 0.3509907407407407 0.004218749999999999 0.02077777777777778
0 0.9467031250000001 0.2599444444444445 0.012328125 0.016092592592592592
0 0.9676979166666667 0.24775 0.0031979166666666666 0.018916666666666665
0 0.994125 0.22892592592592592 0.010854166666666666 0.01587962962962963
1 0.16591666666666666 0.9374444444444445 0.094546875 0.09026851851851851
1 0.30825520833333336 0.912324074074074 0.03175520833333333 0.03940740740740741
1 0.4764010416666667 0.788962962962963 0.026093750000000002 0.02975925925925926
1 0.5402552083333333 0.7677314814814815 0.009161458333333334 0.025592592592592594
1 0.5775677083333334 0.6967592592592593 0.021723958333333335 0.027092592592592595
1 0.6477291666666667 0.6272037037037037 0.020557291666666665 0.026555555555555554
1 0.6883385416666666 0.6214259259259259 0.006015625 0.021694444444444443
1 0.6813333333333333 0.592675925925926 0.022755208333333332 0.035305555555555555
1 0.7225416666666666 0.5832037037037037 0.006328125 0.02487037037037037
1 0.7402239583333333 0.5621851851851851 0.005151041666666667 0.01991666666666667
1 0.75809375 0.5537962962962963 0.004630208333333333 0.01773148148148148
1 0.7551249999999999 0.5205092592592593 0.017067708333333334 0.026537037037037036
1 0.803015625 0.46980555555555553 0.017026041666666665 0.025416666666666667
1 0.8467552083333333 0.4330555555555555 0.016385416666666666 0.021203703703703704
1 0.8497447916666666 0.4562777777777777 0.0049375 0.017824074074074076
1 0.8722239583333333 0.43671296296296297 0.005109375 0.01636111111111111
1 0.9115208333333332 0.3928425925925926 0.004479166666666667 0.01312962962962963
1 0.9103593750000001 0.36725925925925923 0.011927083333333333 0.017879629629629627
1 0.9209322916666667 0.3336944444444444 0.033515625 0.04251851851851852
1 0.9408541666666667 0.34059259259259256 0.015557291666666667 0.013166666666666667
1 0.9300885416666667 0.38078703703703703 0.004260416666666667 0.013324074074074075
1 0.947421875 0.3559074074074074 0.005833333333333333 0.017046296296296296
1 0.9577708333333333 0.3504351851851852 0.004630208333333333 0.016444444444444446
1 0.9769427083333333 0.3047685185185185 0.01278125 0.01749074074074074
1 0.9735416666666666 0.33552777777777776 0.004197916666666667 0.016416666666666666
1 0.98334375 0.32612037037037034 0.005114583333333334 0.012175925925925927
1 0.9981666666666666 0.28005555555555556 0.003671875 0.014268518518518519
1 0.9897239583333334 0.3032037037037037 0.0035468749999999997 0.01375925925925926