1 0.2938541666666667 0.8689814814814815 0.06571354166666667 0.06973148148148148
1 0.31142708333333335 0.9200185185185186 0.03405208333333333 0.028925925925925924
1 0.8688697916666667 0.3964537037037037 0.028208333333333332 0.04774074074074074
0 0.7373697916666667 0.4471296296296296 0.016541666666666666 0.025064814814814814
0 0.6386354166666667 0.5427870370370371 0.04038541666666667 0.05307407407407407
0 0.5302395833333333 0.6253055555555556 0.021057291666666665 0.03217592592592593
0 0.48226562500000003 0.6733148148148148 0.018755208333333332 0.023953703703703706
0 0.44102604166666665 0.7248333333333333 0.07941145833333334 0.06219444444444445
0 0.089890625 0.8928796296296296 0.037953125000000004 0.02077777777777778
0 0.83490625 0.36197222222222225 0.0138125 0.016574074074074074
0 0.9962604166666666 0.20880555555555555 0.0040416666666666665 0.012907407407407407
1 0.8249270833333333 0.4227314814814815 0.024864583333333336 0.04660185185185185
1 0.5591562499999999 0.7108703703703704 0.021427083333333333 0.02900925925925926
1 0.49848437500000004 0.770712962962963 0.023494791666666667 0.028148148148148148
1 0.47584895833333335 0.7465462962962963 0.03758854166666667 0.06427777777777778
1 0.589515625 0.7173055555555556 0.021572916666666667 0.026027777777777778
1 0.6154947916666667 0.6986388888888888 0.008713541666666666 0.023018518518518518
1 0.6333645833333333 0.6832685185185184 0.008109375 0.023944444444444445
1 0.6417864583333334 0.6715277777777777 0.004276041666666667 0.01887962962962963
1 0.6762135416666666 0.6388055555555555 0.008036458333333333 0.02036111111111111
1 0.737921875 0.5778148148148148 0.007354166666666666 0.022435185185185186
1 0.7643749999999999 0.5483425925925927 0.005911458333333333 0.022435185185185186
1 0.7789531249999999 0.5271296296296296 0.0044375 0.016092592592592592
1 0.7879635416666667 0.5111203703703704 0.006239583333333334 0.01749074074074074
1 0.8096770833333333 0.5042314814814816 0.003401041666666667 0.018666666666666668
1 0.43302604166666664 0.8544907407407407 0.010750000000000001 0.0285
1 0.39595833333333336 0.811675925925926 0.062515625 0.08925925925925926