1 0.8056510416666666 0.4355740740740741 0.043932291666666665 0.03888888888888889
0 0.330015625 0.7955555555555556 0.027687499999999997 0.012972222222222222
0 0.360515625 0.7909444444444444 0.03558333333333333 0.031990740740740736
0 0.0465 0.9162592592592592 0.039468750000000004 0.03374074074074074
1 0.47539583333333335 0.7756574074074074 0.05746875 0.07174074074074074
1 0.5227760416666667 0.7363888888888889 0.047703125 0.06675
1 0.5659791666666667 0.7418333333333332 0.024479166666666666 0.03150925925925926
1 0.5546822916666667 0.711324074074074 0.019994791666666668 0.03400925925925925
0 0.51590625 0.6818518518518518 0.06472916666666667 0.08652777777777779
1 0.5311041666666667 0.6947777777777778 0.046468749999999996 0.049055555555555554
1 0.5849322916666666 0.6783425925925926 0.03696875 0.048935185185185186
1 0.5934166666666666 0.7227314814814815 0.009463541666666667 0.02539814814814815
1 0.5817187500000001 0.6515462962962962 0.030604166666666665 0.04148148148148148
1 0.61990625 0.6429722222222222 0.041859375000000004 0.06042592592592593
1 0.6358020833333333 0.6660462962962963 0.02021875 0.03103703703703704
1 0.6203489583333333 0.6054814814814814 0.05375520833333333 0.06969444444444443
1 0.6539947916666667 0.6143703703703703 0.019567708333333333 0.021953703703703704
1 0.6761041666666666 0.6033055555555557 0.016713541666666668 0.022546296296296297
1 0.6737760416666667 0.5590092592592593 0.051458333333333335 0.07368518518518519
1 0.6992395833333334 0.5721296296296297 0.017078125 0.025712962962962962
1 0.7161979166666667 0.5573425925925926 0.013625 0.024231481481481482
1 0.7484270833333333 0.5176111111111111 0.038296875 0.04839814814814815
1 0.7139687499999999 0.5246203703703703 0.036453124999999996 0.04903703703703704
1 0.7872239583333334 0.48857407407407405 0.014484374999999999 0.021064814814814814
1 0.8102552083333333 0.46687962962962964 0.015411458333333333 0.021657407407407406
1 0.8494739583333334 0.45566666666666666 0.01896875 0.022129629629629628
1 0.8285364583333333 0.45080555555555557 0.01646875 0.019740740740740743
1 0.8545208333333334 0.41536111111111107 0.031822916666666666 0.04178703703703704
1 0.8801354166666666 0.3662037037037037 0.03286979166666667 0.04511111111111111
1 0.9037135416666667 0.36336111111111113 0.024442708333333334 0.03607407407407408
1 0.9299322916666667 0.3439259259259259 0.024286458333333334 0.038657407407407404
1 0.9211406249999999 0.3276388888888889 0.027578125000000002 0.032157407407407405
1 0.9447708333333333 0.30014814814814816 0.019046875 0.02999074074074074
1 0.9475833333333333 0.3337777777777778 0.011171875 0.013685185185185184
1 0.955234375 0.321675925925926 0.012416666666666666 0.014222222222222221
1 0.9704791666666667 0.33061111111111113 0.011255208333333332 0.014703703703703705
1 0.9696614583333333 0.28540740740740744 0.0279375 0.039296296296296294
1 0.7795104166666668 0.4621018518518518 0.029520833333333333 0.045009259259259256
1 0.442578125 0.8119074074074074 0.027697916666666666 0.0409537037037037
1 0.4648229166666667 0.8397592592592593 0.007911458333333333 0.02812962962962963
1 0.39772395833333335 0.7948240740740741 0.052984375 0.06728703703703703
1 0.3545989583333334 0.8579074074074073 0.07153645833333333 0.07531481481481482
1 0.2726979166666667 0.8971666666666667 0.08883333333333333 0.07969444444444444
1 0.29604166666666665 0.9646759259259259 0.030697916666666665 0.03725925925925926
1 0.26344270833333333 0.988564814814815 0.031968750000000004 0.02287037037037037
1 0.20763020833333332 0.9379444444444445 0.037296875 0.029935185185185183
1 0.11033854166666666 0.9582129629629629 0.11366145833333333 0.08357407407407408
0 0.10738020833333332 0.877824074074074 0.03838020833333333 0.028277777777777777
0 0.2624635416666667 0.8364074074074075 0.03313541666666667 0.02087962962962963
0 0.3052708333333333 0.8195277777777779 0.026911458333333336 0.01948148148148148
0 0.41929687499999996 0.7234814814814815 0.022432291666666666 0.02485185185185185
0 0.3984010416666666 0.7415925925925926 0.024723958333333334 0.02112037037037037
0 0.4542552083333333 0.6951203703703703 0.017885416666666668 0.01913888888888889
0 0.47424999999999995 0.6988703703703704 0.02033333333333333 0.024435185185185185
0 0.4492864583333333 0.7238888888888888 0.024166666666666666 0.02639814814814815
0 0.42619270833333334 0.7486851851851852 0.025406250000000002 0.02014814814814815
0 0.479328125 0.6702777777777778 0.021020833333333332 0.01900925925925926
0 0.5031041666666667 0.6516296296296297 0.019484374999999998 0.012768518518518518
0 0.5196614583333333 0.6335462962962963 0.013911458333333333 0.020231481481481482
0 0.5383333333333333 0.6164351851851851 0.018395833333333333 0.01412962962962963
0 0.5774843749999999 0.6093703703703703 0.023104166666666665 0.021435185185185186
0 0.5777083333333334 0.6094166666666666 0.020572916666666666 0.020796296296296295
0 0.560609375 0.6257222222222222 0.019682291666666667 0.01611111111111111
0 0.551828125 0.6070648148148148 0.0136875 0.017564814814814814
0 0.5916302083333334 0.5714166666666667 0.021822916666666668 0.017268518518518516
0 0.6179427083333333 0.5562592592592592 0.017046875 0.01875
0 0.6370312499999999 0.5347314814814814 0.014875 0.01710185185185185
0 0.658953125 0.5104166666666666 0.019197916666666665 0.022462962962962966
0 0.6607708333333334 0.5326759259259259 0.019921875 0.021027777777777777
0 0.687203125 0.4945925925925926 0.014125 0.02335185185185185
0 0.7051927083333334 0.4712777777777778 0.014744791666666666 0.012212962962962962
0 0.7160781249999999 0.47871296296296295 0.012807291666666666 0.01136111111111111
0 0.7283437500000001 0.47014814814814815 0.011328125 0.013657407407407408
0 0.7169947916666667 0.4591111111111111 0.012979166666666668 0.013777777777777778
0 0.73125 0.4504722222222222 0.018828124999999998 0.014981481481481481
0 0.7439791666666667 0.45793518518518517 0.01583333333333333 0.015851851851851853
0 0.74384375 0.4398148148148148 0.012593749999999999 0.018814814814814815
0 0.7546979166666666 0.4252777777777778 0.011427083333333334 0.014138888888888888
0 0.7671875 0.41418518518518516 0.011432291666666667 0.014888888888888887
0 0.8466302083333334 0.3675277777777778 0.010843750000000001 0.01687962962962963
0 0.8638802083333333 0.331 0.0133125 0.015324074074074075
0 0.8568177083333333 0.3535 0.011192708333333332 0.015472222222222222
0 0.8799479166666667 0.33721296296296294 0.012328125 0.014870370370370369
0 0.8821666666666667 0.31646296296296295 0.011770833333333335 0.016453703703703703
0 0.8927552083333333 0.3225648148148148 0.013270833333333334 0.019342592592592592
0 0.9065572916666667 0.3100925925925926 0.013651041666666667 0.01437037037037037
0 0.9018072916666667 0.2961111111111111 0.012161458333333335 0.012175925925925927
0 0.9219583333333333 0.2959722222222222 0.014072916666666666 0.018555555555555554
0 0.9209010416666668 0.27757407407407403 0.009036458333333334 0.019074074074074077
0 0.9388958333333334 0.26681481481481484 0.013052083333333332 0.013537037037037037
0 0.952890625 0.252712962962963 0.010067708333333333 0.01597222222222222
0 0.9646875 0.2592777777777778 0.011317708333333334 0.016675925925925927
0 0.985125 0.23881481481481484 0.009411458333333334 0.013944444444444445
0 0.9942916666666667 0.2147962962962963 0.011416666666666667 0.014759259259259258
0 0.9945416666666667 0.23103703703703704 0.010916666666666667 0.011722222222222222
1 0.9578541666666667 0.3526296296296296 0.006416666666666667 0.016888888888888887
1 0.9650104166666666 0.3458055555555556 0.007223958333333333 0.014333333333333333
1 0.9807239583333334 0.3298055555555556 0.0055000000000000005 0.014842592592592593
1 0.9916822916666667 0.2888055555555556 0.007005208333333333 0.018611111111111113
1 0.9150989583333333 0.3960092592592593 0.004968749999999999 0.02123148148148148
1 0.8769583333333333 0.4016018518518519 0.016989583333333332 0.020925925925925928
0 0.8159739583333334 0.3742037037037037 0.016380208333333333 0.015277777777777777
0 0.8386354166666667 0.3574537037037037 0.015125 0.017064814814814814