1 0.622625 0.6115370370370371 0.047828125 0.05656481481481482
0 0.41170833333333334 0.7396851851851852 0.028791666666666667 0.022916666666666665
1 0.6176875000000001 0.6568518518518518 0.022145833333333333 0.022814814814814816
1 0.3359166666666667 0.9057685185185186 0.031453125 0.02335185185185185
0 0.38090104166666666 0.7792222222222221 0.032192708333333334 0.029611111111111112
1 0.5332604166666667 0.7401574074074074 0.023901041666666668 0.02287037037037037
0 0.9745885416666666 0.257 0.023911458333333333 0.016583333333333332
0 0.6274635416666666 0.5418888888888889 0.019177083333333334 0.02299074074074074
1 0.22818229166666668 0.9864259259259258 0.03532291666666666 0.02537962962962963
1 0.32657291666666666 0.8739629629629629 0.03065625 0.021185185185185185
1 0.23899479166666668 0.9518055555555556 0.02228645833333333 0.028777777777777777
1 0.209796875 0.9725462962962962 0.026125 0.03823148148148148
1 0.17485416666666667 0.9899814814814816 0.023953125000000002 0.020037037037037037
1 0.27258333333333334 0.9400925925925926 0.026875 0.029416666666666667
1 0.30709895833333334 0.9238611111111111 0.026583333333333334 0.034194444444444444
1 0.360609375 0.8813703703703704 0.021994791666666666 0.03796296296296296
1 0.38604166666666667 0.8634444444444445 0.021052083333333336 0.03138888888888889
1 0.3599375 0.8509814814814814 0.027109374999999998 0.033
1 0.38691145833333335 0.8318888888888889 0.017744791666666666 0.03324074074074074
1 0.4111666666666667 0.8415648148148148 0.019182291666666667 0.02973148148148148
1 0.432765625 0.8221203703703703 0.021270833333333336 0.03475
1 0.41006250000000005 0.8156574074074073 0.017208333333333332 0.02823148148148148
1 0.45459375 0.804212962962963 0.020854166666666667 0.02821296296296296
1 0.43780208333333337 0.7901296296296296 0.016072916666666666 0.030250000000000003
1 0.48052083333333334 0.7781111111111111 0.022010416666666664 0.028175925925925927
1 0.45891145833333336 0.770287037037037 0.019942708333333333 0.03265740740740741
1 0.5064739583333333 0.7609907407407407 0.019515624999999998 0.025046296296296296
1 0.4832239583333333 0.7563240740740741 0.015822916666666666 0.023953703703703706
1 0.5056770833333333 0.7366203703703703 0.014932291666666668 0.02297222222222222
1 0.5287916666666667 0.7139444444444444 0.023260416666666665 0.026101851851851852
1 0.5477604166666666 0.7164444444444444 0.01775 0.02287037037037037
1 0.5492135416666667 0.6919814814814815 0.017927083333333333 0.01787037037037037
1 0.57659375 0.69925 0.022359375 0.03148148148148148
1 0.7299010416666667 0.542675925925926 0.014130208333333333 0.028046296296296295
1 0.7932395833333333 0.4819537037037037 0.013125 0.023083333333333334
0 0.513015625 0.6389074074074074 0.01796875 0.02539814814814815
0 0.5545625 0.6147592592592593 0.038125 0.05326851851851852
0 0.6713802083333333 0.5265925925925926 0.012598958333333334 0.017962962962962962
1 0.9599947916666667 0.3038240740740741 0.012276041666666666 0.020435185185185185
1 0.9666979166666666 0.28926851851851854 0.013984375 0.02001851851851852
1 0.8775937500000001 0.4315277777777778 0.0091875 0.02059259259259259
0 0.9035052083333334 0.299462962962963 0.003911458333333334 0.011268518518518518