1 0.030911458333333332 0.9688055555555555 0.06181770833333333 0.06239814814814815
1 0.16105208333333335 0.9344444444444445 0.18973958333333335 0.08219444444444444
1 0.21815625 0.9301018518518518 0.10413541666666666 0.055768518518518516
1 0.452359375 0.7304074074074074 0.056937499999999995 0.05728703703703703
1 0.8770833333333333 0.4279722222222222 0.019057291666666667 0.01510185185185185
1 0.6645885416666667 0.5440648148148148 0.054875 0.05537037037037037
1 0.737359375 0.5703425925925926 0.02313541666666667 0.01839814814814815
1 0.38991145833333335 0.7793425925925926 0.058291666666666665 0.057305555555555554
1 0.8907395833333334 0.33712037037037035 0.03548958333333333 0.0385
1 0.5036927083333333 0.67975 0.055906250000000005 0.054648148148148154
1 0.32193229166666665 0.9156018518518518 0.03363541666666667 0.02901851851851852
1 0.6059739583333333 0.5903796296296296 0.04486979166666667 0.04298148148148148
1 0.9640833333333333 0.27040740740740743 0.035807291666666664 0.034305555555555554
1 0.38501562500000003 0.8598703703703704 0.03133333333333333 0.023944444444444445
1 0.5549166666666667 0.6401296296296296 0.046661458333333336 0.059444444444444446
1 0.8348802083333333 0.46685185185185185 0.019088541666666667 0.017222222222222222
1 0.31806249999999997 0.8886481481481482 0.037171875 0.037925925925925925
1 0.92540625 0.3028425925925926 0.029234375 0.03601851851851852
1 0.6422916666666667 0.6314444444444445 0.021140625000000003 0.018185185185185186
1 0.7896458333333333 0.46344444444444444 0.021197916666666667 0.01801851851851852
1 0.7045 0.5669074074074074 0.022625 0.024722222222222222
1 0.811375 0.49468518518518517 0.019572916666666666 0.015398148148148147
1 0.776078125 0.4816666666666667 0.022416666666666665 0.017287037037037038
1 0.5483697916666667 0.7589814814814815 0.025723958333333335 0.020675925925925924
1 0.33017708333333334 0.9390555555555555 0.032838541666666665 0.02862962962962963
1 0.70521875 0.5899907407407408 0.020796875 0.014842592592592593
1 0.7126666666666667 0.5032685185185185 0.039276041666666664 0.04124074074074074
1 0.5110520833333333 0.7885833333333333 0.0289375 0.021342592592592594
1 0.74609375 0.48001851851851846 0.026984375 0.025296296296296296
1 0.7468385416666667 0.531 0.020942708333333334 0.01785185185185185
1 0.6573281249999999 0.5806203703703704 0.024572916666666667 0.020657407407407406
1 0.29223958333333333 0.8316296296296296 0.05205208333333333 0.03365740740740741
1 0.5432708333333333 0.7282037037037037 0.018687500000000003 0.022962962962962963
1 0.543078125 0.7312685185185185 0.020401041666666668 0.018407407407407407
1 0.439140625 0.7916944444444444 0.032203125 0.029287037037037035
1 0.6791197916666667 0.5687777777777777 0.021348958333333334 0.016231481481481482
1 0.7726666666666666 0.45189814814814816 0.023572916666666666 0.025851851851851855
1 0.7595677083333333 0.49683333333333335 0.018572916666666665 0.017824074074074076
1 0.37828124999999996 0.9010092592592593 0.03395833333333333 0.028722222222222222
1 0.5201197916666667 0.7511481481481481 0.025635416666666667 0.02361111111111111
1 0.46359375 0.7955648148148149 0.029546874999999997 0.024481481481481483
1 0.6575520833333334 0.6179907407407407 0.023223958333333336 0.016259259259259258
1 0.6891197916666666 0.6140740740740741 0.022364583333333334 0.022925925925925926
1 0.867203125 0.3922407407407407 0.016708333333333332 0.015324074074074075
1 0.7404739583333334 0.5088425925925926 0.020796875 0.017064814814814814
1 0.29950520833333333 0.9596388888888889 0.03065625 0.026574074074074073
1 0.8988385416666667 0.40369444444444447 0.020505208333333334 0.016759259259259262
1 0.4144479166666667 0.8383981481481482 0.030885416666666665 0.024657407407407406
1 0.7285729166666666 0.5496851851851852 0.020317708333333333 0.015212962962962963
1 0.6007708333333334 0.6728888888888889 0.033088541666666665 0.019342592592592592
1 0.7633489583333334 0.5137037037037037 0.018927083333333334 0.01412037037037037
1 0.67475 0.5968611111111112 0.023713541666666667 0.020888888888888887
1 0.49350520833333333 0.7744166666666666 0.026578125 0.02287962962962963
1 0.357953125 0.8828703703703704 0.02725 0.024175925925925927
1 0.5461979166666667 0.6953888888888888 0.016916666666666667 0.024333333333333335
1 0.52990625 0.7123055555555555 0.019369791666666667 0.02564814814814815
1 0.5588177083333333 0.7133518518518518 0.014744791666666666 0.021620370370370373
1 0.5080885416666666 0.7365925925925926 0.018583333333333334 0.027083333333333334
1 0.5869739583333333 0.7192870370370371 0.018614583333333334 0.026953703703703702
1 0.5735781249999999 0.6947037037037037 0.018989583333333334 0.02889814814814815
1 0.5653333333333334 0.677787037037037 0.01942708333333333 0.0342962962962963
1 0.5924791666666667 0.6763888888888889 0.019640625000000002 0.024962962962962965
1 0.61171875 0.6936944444444445 0.019270833333333334 0.0245
1 0.6081822916666667 0.6618333333333333 0.018927083333333334 0.026861111111111113
1 0.6033124999999999 0.6406296296296297 0.017609375 0.01937037037037037
1 0.585125 0.6562870370370371 0.016817708333333334 0.021046296296296296
1 0.6252291666666667 0.6474814814814814 0.017833333333333333 0.021333333333333333
1 0.6471302083333333 0.6614166666666667 0.016947916666666667 0.022212962962962962
1 0.6615052083333333 0.6429537037037036 0.018723958333333336 0.019601851851851853
1 0.63003125 0.6083055555555555 0.03249479166666667 0.03012037037037037
1 0.7036927083333333 0.5426388888888889 0.019020833333333334 0.023777777777777776
1 0.724875 0.5261666666666667 0.016755208333333334 0.021935185185185186
1 0.7567447916666666 0.5470462962962962 0.017041666666666667 0.020555555555555556
1 0.7488229166666667 0.526787037037037 0.018203125 0.02051851851851852
1 0.7852395833333333 0.5181203703703704 0.017895833333333333 0.02634259259259259
1 0.8538697916666667 0.4468981481481481 0.016395833333333335 0.022287037037037036
1 0.82259375 0.45178703703703704 0.016296875 0.025083333333333332
1 0.8353125 0.44200925925925927 0.012692708333333334 0.016685185185185185
1 0.8280729166666667 0.4280925925925926 0.015208333333333332 0.019175925925925926
1 0.847578125 0.4297777777777778 0.014192708333333333 0.018546296296296297
1 0.8384791666666668 0.41562037037037036 0.009505208333333333 0.014694444444444444
1 0.85946875 0.4202222222222222 0.011197916666666667 0.016990740740740744
1 0.8486927083333333 0.4059259259259259 0.013156250000000001 0.01897222222222222
1 0.8671875 0.4095185185185185 0.014906250000000001 0.016314814814814817
1 0.8800364583333333 0.3945833333333333 0.012984375 0.017555555555555557
1 0.8893385416666667 0.3854074074074074 0.013229166666666665 0.017277777777777777
1 0.8893177083333333 0.3691574074074074 0.013270833333333334 0.013768518518518518
1 0.8995885416666667 0.3570462962962963 0.00978125 0.013222222222222222
1 0.9099427083333332 0.3476944444444444 0.011661458333333334 0.012851851851851852
1 0.910671875 0.36469444444444443 0.011541666666666667 0.013620370370370371
1 0.9035052083333334 0.3769722222222222 0.0125625 0.016342592592592593
1 0.9254947916666667 0.35348148148148145 0.015703125 0.022833333333333334
1 0.9213385416666667 0.3389351851851852 0.01578125 0.018990740740740742
1 0.9375 0.3377777777777778 0.014723958333333334 0.01800925925925926
1 0.949609375 0.32612037037037034 0.013296875000000001 0.01952777777777778
1 0.9585625 0.31869444444444445 0.008822916666666668 0.015527777777777777
1 0.9448177083333333 0.3147962962962963 0.008734374999999999 0.013379629629629628
1 0.99015625 0.28977777777777775 0.011052083333333332 0.015842592592592592
1 0.9785677083333333 0.3041759259259259 0.011177083333333334 0.015574074074074074
1 0.9935833333333334 0.23517592592592593 0.012838541666666667 0.03252777777777778
0 0.9652291666666667 0.23884259259259258 0.004703125 0.011425925925925926
0 0.9443229166666666 0.25876851851851856 0.0037552083333333335 0.013462962962962963
0 0.9237083333333334 0.2723240740740741 0.0031145833333333334 0.011703703703703704
0 0.9274322916666667 0.2752962962962963 0.003989583333333334 0.012175925925925927
0 0.8962552083333333 0.3076851851851852 0.0036458333333333334 0.012768518518518518
0 0.8898229166666667 0.3023240740740741 0.005036458333333333 0.01349074074074074
0 0.86653125 0.3287037037037037 0.0023541666666666663 0.014490740740740742
0 0.8304114583333334 0.3774814814814815 0.013859375 0.018000000000000002
0 0.787234375 0.4019259259259259 0.015395833333333333 0.01812037037037037
0 0.7370052083333333 0.44649074074074074 0.0038958333333333336 0.011703703703703704
0 0.7199166666666666 0.44919444444444445 0.0050416666666666665 0.01462962962962963
0 0.6689895833333334 0.49547222222222226 0.0050104166666666665 0.01862037037037037
0 0.63075 0.541212962962963 0.015296875 0.021416666666666667
0 0.4075729166666667 0.7252592592592593 0.00665625 0.016666666666666666
0 0.42352604166666663 0.7223981481481482 0.007802083333333334 0.017907407407407407
1 0.341484375 0.821712962962963 0.04594270833333333 0.08373148148148149