1 0.8193072916666666 0.42200925925925925 0.03801041666666667 0.037592592592592594
0 0.6504218749999999 0.5300648148148148 0.019223958333333332 0.021916666666666668
1 0.36741666666666667 0.9113518518518519 0.03478125 0.038509259259259264
0 0.46053125 0.692037037037037 0.01959375 0.020305555555555556
1 0.7619739583333334 0.4862222222222222 0.04061979166666666 0.050851851851851856
1 0.9552135416666666 0.3002314814814815 0.033791666666666664 0.03771296296296296
0 0.042312499999999996 0.8980277777777778 0.03827604166666666 0.026527777777777775
0 0.5920052083333334 0.5751296296296297 0.016630208333333334 0.02135185185185185
0 0.7407135416666667 0.4484537037037037 0.01690104166666667 0.01897222222222222
1 0.6236770833333334 0.6084537037037037 0.03844270833333333 0.05860185185185185
1 0.363671875 0.8325092592592592 0.08786979166666667 0.07956481481481482
0 0.46573437500000003 0.6897685185185186 0.020604166666666666 0.02238888888888889
1 0.030348958333333335 0.9764259259259259 0.06069791666666667 0.04714814814814815
1 0.5298125 0.7077407407407408 0.056651041666666666 0.06828703703703703
0 0.4467708333333333 0.7389814814814815 0.057093750000000006 0.06762037037037037
0 0.42653125000000003 0.7205833333333334 0.02558854166666667 0.015657407407407408
0 0.28684375 0.8128148148148149 0.03349479166666667 0.023824074074074074
0 0.5396302083333333 0.6226851851851852 0.020390625 0.019194444444444445
0 0.7933854166666666 0.403 0.020130208333333333 0.019120370370370367
0 0.5525729166666667 0.6056111111111111 0.019963541666666664 0.021416666666666667
0 0.8306145833333333 0.38008333333333333 0.017947916666666668 0.018250000000000002
0 0.6139583333333333 0.5539444444444445 0.019104166666666665 0.022944444444444444
0 0.7690833333333333 0.4167222222222222 0.014552083333333334 0.015
1 0.9181822916666668 0.3338796296296296 0.033317708333333335 0.035472222222222224
0 0.6729010416666666 0.5152129629629629 0.017557291666666665 0.028944444444444446
0 0.7557760416666667 0.4312037037037037 0.016713541666666668 0.016925925925925928
1 0.09610416666666667 0.9535555555555555 0.043203125 0.04728703703703704
1 0.19486979166666665 0.9214351851851852 0.1210625 0.06837962962962962
1 0.4484583333333333 0.8520185185185185 0.006984375 0.02702777777777778
1 0.568625 0.7478888888888889 0.0050416666666666665 0.025537037037037035
1 0.5833125 0.7164074074074074 0.005932291666666667 0.020435185185185185
1 0.601828125 0.7139259259259259 0.0063593750000000004 0.01996296296296296
1 0.6411927083333333 0.6692870370370371 0.004083333333333333 0.01812037037037037
1 0.5720937500000001 0.6915462962962963 0.04669270833333334 0.06522222222222222
1 0.68190625 0.5626203703703704 0.047703125 0.06135185185185186
1 0.7027291666666666 0.5708055555555556 0.018958333333333334 0.029222222222222222
1 0.7543645833333333 0.5230555555555555 0.020953125 0.027555555555555555
1 0.790625 0.5096574074074074 0.013744791666666667 0.028935185185185185
1 0.816125 0.46058333333333334 0.0143125 0.017824074074074076
1 0.8759479166666666 0.4008703703703704 0.013453125 0.01933333333333333
1 0.9145989583333333 0.36348148148148146 0.01334375 0.020009259259259258
1 0.981 0.2762685185185185 0.027979166666666666 0.03283333333333333
0 0.093765625 0.8789722222222222 0.019484374999999998 0.028120370370370372
0 0.04855729166666667 0.9191666666666667 0.040072916666666666 0.026685185185185187
0 0.131515625 0.8813518518518518 0.054203125 0.07868518518518519
0 0.09844791666666668 0.8951666666666667 0.012286458333333333 0.028342592592592593
0 0.23743229166666666 0.8306574074074075 0.02315625 0.019824074074074074
0 0.26893229166666666 0.8345833333333333 0.04171875 0.03203703703703704
0 0.28495312500000003 0.8087962962962963 0.030192708333333332 0.019712962962962963
0 0.29867708333333337 0.8200833333333334 0.021453125 0.026416666666666668
0 0.37925 0.7807592592592593 0.02255208333333333 0.020333333333333335
0 0.40091145833333336 0.741111111111111 0.021244791666666665 0.02226851851851852
0 0.4087395833333333 0.756425925925926 0.017713541666666666 0.026148148148148146
0 0.42136979166666666 0.7242777777777778 0.023869791666666664 0.020759259259259262
0 0.44135416666666666 0.7059537037037037 0.020395833333333332 0.020092592592592592
0 0.5177864583333334 0.6665000000000001 0.04627083333333334 0.0635
0 0.47846354166666666 0.6721111111111111 0.019364583333333334 0.01837037037037037
0 0.49378645833333334 0.6555555555555556 0.014479166666666666 0.01864814814814815
0 0.5581614583333334 0.6299907407407407 0.019354166666666665 0.019416666666666665
0 0.5773489583333333 0.6104166666666667 0.019380208333333333 0.02323148148148148
0 0.5656354166666666 0.5962314814814814 0.025223958333333334 0.012074074074074074
0 0.6027135416666667 0.585037037037037 0.019619791666666667 0.030518518518518518
0 0.6430729166666667 0.5534814814814815 0.016583333333333332 0.01962962962962963
0 0.6273489583333334 0.5693333333333334 0.029140625 0.03062037037037037
0 0.7055 0.49655555555555553 0.016859375 0.02211111111111111
0 0.70040625 0.47860185185185183 0.015703125 0.023166666666666665
0 0.7164531249999999 0.4814907407407407 0.016859375 0.022824074074074073
0 0.7302395833333333 0.4714074074074074 0.015947916666666666 0.017444444444444443
0 0.7583854166666666 0.44575000000000004 0.0155625 0.01836111111111111
0 0.771421875 0.4345648148148148 0.014 0.015120370370370369
0 0.80753125 0.3825277777777778 0.014729166666666666 0.01800925925925926
0 0.8229791666666666 0.38890740740740737 0.013171875 0.01338888888888889
0 0.8539947916666667 0.35921296296296296 0.014916666666666667 0.017953703703703704
0 0.8351614583333333 0.3547037037037037 0.013270833333333334 0.018129629629629627
0 0.8563958333333334 0.33923148148148147 0.011645833333333333 0.01275
0 0.8683177083333333 0.33072222222222225 0.014187499999999999 0.012657407407407407
0 0.8855520833333334 0.332212962962963 0.010958333333333332 0.01563888888888889
0 0.8970468749999999 0.3198796296296297 0.013666666666666666 0.012675925925925926
0 0.8916666666666667 0.3091574074074074 0.016151041666666668 0.018462962962962966
0 0.9101041666666667 0.30533333333333335 0.011421875 0.01338888888888889
0 0.9360260416666667 0.2677777777777778 0.012338541666666668 0.013731481481481482
0 0.9490885416666667 0.27122222222222225 0.013078125 0.015824074074074074
0 0.9565208333333334 0.26387037037037037 0.011458333333333333 0.01400925925925926
0 0.972109375 0.2347962962962963 0.0077083333333333335 0.00811111111111111
0 0.9574322916666667 0.24938888888888885 0.010442708333333333 0.009694444444444445
0 0.9271041666666666 0.3051851851851852 0.012713541666666666 0.013453703703703704
0 0.915734375 0.2859537037037037 0.013984375 0.012546296296296297
1 0.9625572916666666 0.3170462962962963 0.012197916666666668 0.015425925925925926
1 0.987375 0.24055555555555558 0.024859375 0.03880555555555555
1 0.8937083333333333 0.4154814814814815 0.0054218750000000005 0.019555555555555555
1 0.8439114583333333 0.4652222222222222 0.004598958333333333 0.016185185185185184
0 0.71821875 0.46131481481481484 0.016473958333333334 0.013203703703703704