0 0.7801302083333332 0.42812962962962964 0.015078125 0.02022222222222222
0 0.837375 0.35795370370370366 0.014708333333333332 0.016129629629629633
0 0.9186093750000001 0.29775 0.010661458333333334 0.015120370370370369
0 0.8557760416666667 0.3572777777777778 0.0133125 0.015398148148148147
0 0.495640625 0.6739351851851852 0.007734375 0.017277777777777777
0 0.6652760416666667 0.5123055555555556 0.010588541666666666 0.020203703703703703
0 0.9456562500000001 0.2877592592592592 0.02234375 0.03559259259259259
0 0.9453229166666667 0.26962037037037034 0.012192708333333333 0.013509259259259259
0 0.8436666666666667 0.3582592592592593 0.015536458333333333 0.01662037037037037
1 0.44409375 0.7729907407407408 0.041109375000000004 0.056407407407407406
1 0.8998854166666667 0.36725925925925923 0.030135416666666668 0.04475
0 0.891671875 0.3345925925925926 0.016557291666666665 0.01925925925925926
1 0.009807291666666666 0.9795925925925927 0.019619791666666667 0.040824074074074075
1 0.3972864583333333 0.8012222222222223 0.04452604166666666 0.06283333333333334
1 0.35341666666666666 0.8326759259259259 0.051828125 0.05003703703703704
1 0.29501041666666666 0.85475 0.05371354166666666 0.05968518518518518
1 0.10008333333333333 0.9369166666666666 0.08056770833333333 0.07037962962962964
1 0.195125 0.9177407407407407 0.08028125 0.03921296296296296
1 0.6114791666666667 0.6985925925925927 0.010020833333333333 0.027898148148148148
1 0.7474270833333333 0.5518611111111111 0.009895833333333333 0.02499074074074074
1 0.758625 0.5572962962962963 0.0069166666666666664 0.018055555555555554
1 0.8068333333333333 0.5074907407407407 0.010692708333333334 0.01862962962962963
1 0.9541927083333334 0.3243888888888889 0.015921875 0.019796296296296294
0 0.463890625 0.6922037037037038 0.007130208333333333 0.021814814814814815
0 0.57046875 0.5872777777777778 0.005640625 0.017888888888888888
0 0.5873072916666667 0.5825648148148148 0.004510416666666667 0.018490740740740738
0 0.60046875 0.5727500000000001 0.006364583333333334 0.01672222222222222
0 0.81978125 0.3897129629629629 0.013333333333333334 0.013527777777777777
0 0.74946875 0.42710185185185184 0.006442708333333333 0.01927777777777778
0 0.7675 0.4095 0.0060625 0.019703703703703706
0 0.7962760416666667 0.39234259259259263 0.01078125 0.027685185185185184
0 0.8785729166666666 0.3113148148148148 0.0050416666666666665 0.017018518518518516
0 0.89196875 0.30136111111111114 0.006166666666666667 0.011592592592592592
0 0.9010260416666667 0.29457407407407404 0.006401041666666666 0.014722222222222223