0 0.7757552083333333 0.43183333333333335 0.018104166666666664 0.018287037037037036
0 0.425375 0.7434259259259259 0.028015625 0.02751851851851852
0 0.808078125 0.3993333333333333 0.01625 0.018574074074074073
0 0.9560260416666666 0.2666481481481482 0.0114375 0.01803703703703704
0 0.9312239583333334 0.2769537037037037 0.007458333333333333 0.017055555555555556
1 0.7464427083333334 0.5616111111111111 0.017119791666666665 0.023453703703703702
1 0.6960260416666666 0.5764444444444444 0.01690625 0.025851851851851855
1 0.8015885416666666 0.4732037037037037 0.017046875 0.027
1 0.8990260416666668 0.4081759259259259 0.005828125 0.01661111111111111
1 0.8727916666666666 0.4413333333333333 0.007817708333333333 0.02398148148148148
0 0.8117916666666667 0.38007407407407406 0.014015625 0.016703703703703703
0 0.5328697916666667 0.6299722222222223 0.023515625 0.027333333333333334
0 0.33960416666666665 0.7824537037037037 0.012651041666666666 0.029638888888888888
0 0.07983854166666667 0.8941574074074075 0.038921875 0.026055555555555557
0 0.48847395833333335 0.6562777777777777 0.010114583333333335 0.016407407407407405
0 0.6762604166666667 0.4895 0.00728125 0.02274074074074074
0 0.74671875 0.4374166666666667 0.007531250000000001 0.03127777777777778