1 0.85509375 0.4141111111111111 0.031453125 0.05388888888888889
1 0.06233333333333334 0.9482222222222222 0.124671875 0.1035648148148148
0 0.09503645833333334 0.8843240740740741 0.04590625 0.03333333333333333
0 0.8942916666666666 0.30725925925925923 0.011593750000000002 0.018305555555555554
1 0.8885208333333333 0.3885925925925926 0.017802083333333333 0.020416666666666666
0 0.9290677083333333 0.28524074074074074 0.024645833333333332 0.030768518518518514
0 0.8565729166666666 0.34000925925925923 0.013739583333333333 0.021083333333333332
0 0.6349479166666666 0.5506203703703704 0.020984375 0.024324074074074074
0 0.7351875 0.46321296296296294 0.017890625 0.023175925925925926
0 0.9847135416666667 0.24106481481481484 0.012255208333333333 0.015564814814814814
0 0.8625729166666667 0.34230555555555553 0.013010416666666667 0.021
1 0.4900260416666667 0.7780092592592592 0.025447916666666667 0.030879629629629632
1 0.42998437500000003 0.827388888888889 0.026177083333333333 0.029981481481481484
1 0.3513854166666667 0.8298888888888889 0.09159895833333334 0.10749074074074075
0 0.3313125 0.7829259259259259 0.009338541666666667 0.027648148148148147
0 0.69690625 0.5103055555555556 0.04764583333333334 0.0679351851851852
0 0.7826875 0.4263518518518518 0.013729166666666666 0.016694444444444446
1 0.9229375 0.3543888888888889 0.013817708333333335 0.017018518518518516
1 0.9689531250000001 0.3102037037037037 0.011713541666666666 0.017907407407407407
1 0.84759375 0.40594444444444444 0.03540625 0.048546296296296296
1 0.28785416666666663 0.9325833333333334 0.03096875 0.03537962962962963