0 0.029864583333333337 0.9011296296296296 0.05701041666666666 0.04333333333333333
1 0.3272760416666667 0.8541296296296297 0.07520833333333334 0.06817592592592592
1 0.6674114583333334 0.5360555555555556 0.047421874999999995 0.05388888888888889
1 0.38763020833333334 0.8527685185185185 0.029520833333333333 0.028777777777777777
1 0.07455208333333332 0.9726388888888889 0.10053125 0.05473148148148148
1 0.026848958333333332 0.9707314814814816 0.05350520833333334 0.03977777777777778
1 0.54584375 0.6660370370370371 0.04808333333333333 0.03830555555555555
1 0.4607604166666667 0.792962962962963 0.026500000000000003 0.026861111111111113
1 0.5473177083333333 0.7239907407407407 0.023661458333333333 0.026416666666666668
1 0.6136927083333333 0.65975 0.0220625 0.024953703703703704
1 0.3202916666666667 0.9163981481481481 0.03313541666666667 0.032490740740740744
1 0.49152083333333335 0.77025 0.03065625 0.036500000000000005
1 0.2013802083333333 0.9272685185185185 0.15910416666666669 0.07030555555555557
1 0.032088541666666665 0.9334537037037037 0.06418229166666667 0.05081481481481482
0 0.27515625 0.8225925925925925 0.08213020833333333 0.05845370370370371
0 0.323359375 0.7890092592592592 0.010760416666666666 0.016314814814814817
0 0.42289583333333336 0.7267962962962964 0.00803125 0.02609259259259259
0 0.4948802083333333 0.6542314814814816 0.009161458333333334 0.02211111111111111
0 0.5288125 0.6217777777777778 0.008958333333333334 0.03090740740740741
0 0.609453125 0.5616481481481482 0.0056927083333333335 0.018425925925925925
0 0.7109427083333333 0.4756666666666667 0.006093749999999999 0.014037037037037037
0 0.7198281249999999 0.4546574074074074 0.005140624999999999 0.014425925925925925
0 0.7476406250000001 0.43674074074074076 0.006229166666666667 0.014064814814814815
0 0.7867864583333334 0.4137222222222222 0.015161458333333332 0.016685185185185185
0 0.7502864583333333 0.4245555555555555 0.005244791666666667 0.011240740740740742
0 0.7910052083333333 0.39551851851851855 0.007510416666666667 0.013657407407407408
0 0.8138229166666666 0.39178703703703704 0.021713541666666666 0.03609259259259259
0 0.8457864583333333 0.35585185185185186 0.030135416666666668 0.040712962962962965
0 0.8668645833333334 0.3275648148148148 0.005588541666666667 0.012648148148148148
0 0.8996197916666666 0.30787037037037035 0.026119791666666666 0.039324074074074074
0 0.95090625 0.25148148148148153 0.0037239583333333335 0.012055555555555555
0 0.965359375 0.24355555555555558 0.0033750000000000004 0.010805555555555556
0 0.9820416666666667 0.23441666666666666 0.01303125 0.012703703703703705
1 0.9529531250000001 0.32446296296296295 0.013625 0.019546296296296294
1 0.9688697916666666 0.34075 0.004375 0.013
1 0.9575 0.34377777777777774 0.004380208333333333 0.012527777777777777
1 0.9826927083333333 0.3225648148148148 0.00378125 0.0125
1 0.991953125 0.3029907407407408 0.00321875 0.012472222222222223
1 0.9980885416666666 0.30722222222222223 0.0037500000000000003 0.01312037037037037
1 0.9098958333333333 0.3931296296296296 0.004973958333333334 0.014712962962962964
1 0.892859375 0.4056574074074074 0.004234375 0.01562962962962963
1 0.835640625 0.44075925925925924 0.015552083333333333 0.02062037037037037
1 0.8320000000000001 0.47879629629629633 0.0066875 0.01711111111111111
1 0.7891458333333333 0.5214814814814815 0.0051875 0.016407407407407405
1 0.7410416666666666 0.5309537037037036 0.01875 0.028833333333333332
1 0.7556302083333333 0.5580925925925926 0.007546875 0.023092592592592595
1 0.7275520833333334 0.572462962962963 0.00453125 0.023138888888888886
1 0.6798125 0.6343425925925926 0.007307291666666666 0.020370370370370372
1 0.6425208333333334 0.629962962962963 0.0219375 0.0227037037037037
1 0.6430520833333334 0.662074074074074 0.005984375 0.019101851851851852
1 0.5773645833333333 0.7406111111111111 0.00859375 0.02550925925925926
1 0.5328958333333333 0.7778888888888889 0.008015625 0.019194444444444445
1 0.4386302083333333 0.8125555555555555 0.026135416666666668 0.027870370370370372
1 0.41958333333333336 0.8330185185185185 0.027296874999999998 0.025092592592592593
1 0.4544479166666667 0.8418333333333333 0.0056927083333333335 0.019898148148148147
1 0.4387135416666667 0.8572500000000001 0.008182291666666668 0.024009259259259258
1 0.2204375 0.9878425925925924 0.028885416666666667 0.024305555555555556
1 0.185140625 0.9880092592592592 0.03290625 0.02398148148148148
1 0.2541875 0.9374722222222223 0.026140624999999997 0.025953703703703705