0 0.878640625 0.3232685185185185 0.010843750000000001 0.017453703703703704
0 0.4578125 0.6943425925925926 0.019817708333333333 0.02575925925925926
1 0.8433489583333333 0.4313148148148148 0.018828124999999998 0.03261111111111111
0 0.5681510416666666 0.6022777777777778 0.041567708333333335 0.05569444444444444
0 0.4845520833333333 0.7040833333333333 0.022796875 0.02663888888888889
0 0.6556145833333333 0.5427592592592592 0.024442708333333334 0.04574074074074074
0 0.69359375 0.4757222222222222 0.008598958333333333 0.019666666666666666
1 0.7907395833333334 0.47353703703703703 0.03284895833333333 0.0531574074074074
1 0.77971875 0.45799074074074075 0.027130208333333336 0.03360185185185185
1 0.8303229166666667 0.4822777777777778 0.007546875 0.014972222222222224
1 0.8680208333333332 0.4366759259259259 0.00228125 0.0195
1 0.8990052083333333 0.3778055555555555 0.01608333333333333 0.01863888888888889
1 0.7330729166666666 0.5728240740740741 0.007916666666666666 0.017925925925925925
1 0.7090989583333334 0.5919814814814816 0.007651041666666666 0.01950925925925926
1 0.6925989583333333 0.6097962962962963 0.009338541666666667 0.02175925925925926
1 0.6626875 0.6376388888888889 0.005973958333333334 0.02399074074074074
1 0.6726093750000001 0.6429259259259259 0.00328125 0.016638888888888887
1 0.6759010416666666 0.632175925925926 0.008921875 0.014185185185185186
1 0.6075 0.6937037037037037 0.010473958333333333 0.023694444444444445
1 0.5187135416666666 0.7906574074074074 0.008953125000000001 0.025
1 0.45345833333333335 0.8447037037037036 0.012343749999999999 0.03289814814814815
1 0.19132812500000002 0.9889907407407407 0.036270833333333335 0.02201851851851852
0 0.9355364583333333 0.2677685185185185 0.011265625 0.01677777777777778
1 0.8866354166666667 0.41994444444444445 0.004895833333333334 0.019435185185185184
1 0.9004947916666667 0.4140925925925926 0.004932291666666667 0.017194444444444446
1 0.9189791666666667 0.39589814814814817 0.004442708333333333 0.014240740740740741
1 0.9498177083333333 0.36062037037037037 0.007458333333333333 0.0165462962962963
1 0.9643333333333334 0.3451388888888889 0.005875 0.016351851851851854
1 0.9757187500000001 0.3336296296296296 0.005671875000000001 0.014046296296296296