1 0.38530729166666666 0.8544074074074074 0.028890625 0.026935185185185184
0 0.3736666666666667 0.7693148148148148 0.028463541666666665 0.02424074074074074
0 0.46073437500000003 0.6931296296296297 0.0266875 0.021833333333333333
1 0.86440625 0.41633333333333333 0.017156249999999998 0.01561111111111111
1 0.0340625 0.9686851851851852 0.068125 0.06262037037037037
0 0.6840260416666666 0.5123796296296297 0.01778645833333333 0.019046296296296297
1 0.34154687499999997 0.8893981481481481 0.03170833333333333 0.03146296296296296
1 0.8340416666666666 0.4433240740740741 0.017593750000000002 0.016231481481481482
0 0.5565677083333332 0.6118425925925925 0.04419791666666666 0.07299074074074074
0 0.33529166666666665 0.7963888888888889 0.017796875 0.029342592592592594
0 0.293609375 0.8087129629629629 0.0206875 0.03135185185185185
0 0.662234375 0.5066944444444444 0.01696354166666667 0.027370370370370368
0 0.7734583333333334 0.40924074074074074 0.008151041666666668 0.020814814814814814
0 0.8606354166666667 0.3327962962962963 0.004005208333333334 0.015111111111111112
0 0.8979843750000001 0.2991111111111111 0.0057395833333333335 0.016694444444444446
0 0.9931927083333334 0.2094351851851852 0.005218749999999999 0.015398148148148147
1 0.97290625 0.30568518518518517 0.012791666666666666 0.019555555555555555
1 0.9547239583333333 0.31952777777777774 0.010479166666666668 0.022537037037037036
1 0.9189062499999999 0.35686111111111113 0.014260416666666666 0.022064814814814815
1 0.8910104166666667 0.3862685185185185 0.014473958333333333 0.01810185185185185
1 0.7847760416666667 0.4904259259259259 0.018515624999999997 0.023648148148148147
1 0.738359375 0.5357037037037037 0.019880208333333333 0.024657407407407406
1 0.7012031249999999 0.572462962962963 0.0235625 0.026129629629629628
1 0.63784375 0.639712962962963 0.026880208333333332 0.030944444444444445
1 0.44640104166666666 0.8066574074074074 0.02773958333333333 0.034444444444444444