1 0.4515885416666666 0.8369351851851852 0.029729166666666664 0.026814814814814816
1 0.5419583333333333 0.7302777777777778 0.025234375 0.025296296296296296
1 0.38286458333333334 0.8523425925925926 0.03511458333333333 0.03475925925925926
1 0.5741614583333334 0.7008888888888889 0.026036458333333335 0.02272222222222222
1 0.45484895833333333 0.7594537037037037 0.0615 0.0626388888888889
1 0.7464791666666667 0.5320925925925926 0.020859375 0.017342592592592593
1 0.546828125 0.647611111111111 0.0446875 0.040916666666666664
1 0.72553125 0.4857222222222223 0.04290625 0.038509259259259264
1 0.519046875 0.7805555555555556 0.025765625 0.020796296296296295
1 0.603359375 0.7083148148148148 0.023630208333333333 0.02021296296296296
1 0.31143750000000003 0.9266574074074073 0.027671875000000002 0.018916666666666665
1 0.8641979166666667 0.3590555555555555 0.03863020833333333 0.03749074074074074
1 0.4976979166666667 0.8034537037037037 0.024640625000000003 0.024
1 0.5085833333333334 0.7617685185185186 0.029536458333333335 0.024064814814814813
1 0.9438645833333333 0.2886388888888889 0.027151041666666667 0.030574074074074076
1 0.5869375 0.6119537037037037 0.047713541666666665 0.0490925925925926
1 0.34255208333333337 0.8883240740740741 0.02988020833333333 0.02949074074074074
1 0.8505989583333334 0.4215185185185185 0.018078125 0.01462037037037037
1 0.8595468749999999 0.4438796296296296 0.016348958333333333 0.013212962962962963
1 0.5571822916666667 0.7524537037037037 0.028276041666666665 0.023805555555555555
1 0.8512552083333333 0.4272685185185185 0.018395833333333333 0.014083333333333335
1 0.7595208333333333 0.45735185185185184 0.044078124999999996 0.03885185185185185
1 0.7236145833333333 0.5282592592592592 0.023093750000000003 0.022472222222222223
1 0.36148437499999997 0.9077500000000001 0.03430729166666667 0.028944444444444446
1 0.4472864583333333 0.7288981481481481 0.055692708333333334 0.04973148148148148
1 0.6435625 0.6393055555555556 0.0228125 0.01625
1 0.5954791666666667 0.6798703703703703 0.02266666666666667 0.021453703703703704
1 0.46266666666666667 0.7952685185185185 0.026317708333333335 0.01988888888888889
1 0.6424947916666667 0.6690185185185185 0.022713541666666667 0.017314814814814814
1 0.8455104166666667 0.45849074074074075 0.019109374999999998 0.015601851851851853
1 0.75128125 0.5053518518518518 0.020708333333333332 0.019407407407407408
1 0.7345468749999999 0.5676944444444445 0.022510416666666665 0.01626851851851852
1 0.8801822916666667 0.39681481481481484 0.019177083333333334 0.015333333333333332
1 0.47634895833333335 0.8210925925925926 0.024171875 0.02186111111111111
1 0.3938697916666667 0.8817870370370371 0.028567708333333334 0.02689814814814815
1 0.6147083333333333 0.6610925925925926 0.024770833333333336 0.016231481481481482
1 0.9807291666666667 0.329537037037037 0.015817708333333333 0.011796296296296296
1 0.909765625 0.3933148148148148 0.015114583333333332 0.012972222222222222
1 0.6747552083333334 0.6294814814814815 0.022411458333333335 0.018907407407407407
1 0.67571875 0.5975092592592592 0.021453125 0.019694444444444445
1 0.9814791666666667 0.25849074074074074 0.030526041666666667 0.036361111111111115
1 0.9664166666666667 0.34193518518518523 0.017296875 0.010925925925925926
1 0.6214635416666667 0.683675925925926 0.022000000000000002 0.019296296296296298
1 0.6585572916666667 0.6503240740740741 0.021307291666666665 0.016796296296296295
1 0.7634322916666666 0.5405925925925926 0.024104166666666666 0.014592592592592593
1 0.8981250000000001 0.4054351851851852 0.016473958333333334 0.01337037037037037
1 0.5339947916666666 0.7131944444444445 0.025713541666666666 0.026564814814814815
0 0.3665572916666667 0.7801666666666667 0.028255208333333334 0.02376851851851852
0 0.37872395833333333 0.7485185185185185 0.006671875 0.019037037037037036
0 0.22952083333333334 0.8454444444444444 0.031921875 0.010333333333333333
0 0.21819270833333335 0.8325648148148148 0.033067708333333334 0.015499999999999998
0 0.4071666666666667 0.7439074074074074 0.020473958333333334 0.033407407407407406
0 0.48056770833333334 0.657537037037037 0.006598958333333333 0.012768518518518518
0 0.53065625 0.6182314814814815 0.008453125 0.017944444444444443
0 0.5596197916666666 0.5946481481481481 0.00771875 0.02200925925925926
0 0.6646302083333333 0.5033333333333333 0.005427083333333333 0.018351851851851852
0 0.6933697916666667 0.47848148148148145 0.005145833333333334 0.019074074074074077
0 0.7320572916666667 0.44286111111111115 0.0037239583333333335 0.016972222222222222
1 0.8124375 0.40367592592592594 0.03133854166666667 0.04683333333333333
0 0.7976927083333333 0.38569444444444445 0.004682291666666667 0.017333333333333333
0 0.8232604166666667 0.3610185185185185 0.00525 0.017611111111111112
0 0.8513541666666666 0.34075925925925926 0.003057291666666667 0.015314814814814814
0 0.8808229166666667 0.3111203703703704 0.0031458333333333334 0.01135185185185185
0 0.88890625 0.31415740740740744 0.0029895833333333332 0.011731481481481482
0 0.8989010416666667 0.2954259259259259 0.00359375 0.013314814814814816
0 0.9174322916666667 0.28305555555555556 0.005885416666666667 0.014601851851851852
0 0.9561510416666666 0.26302777777777775 0.012078125 0.014416666666666666
0 0.9556302083333333 0.24464814814814817 0.0037083333333333334 0.011805555555555555
1 0.9896510416666667 0.2674814814814815 0.02069270833333333 0.031990740740740736
1 0.9900625000000001 0.3116759259259259 0.010979166666666667 0.018287037037037036
1 0.9528333333333333 0.3241111111111111 0.011947916666666667 0.015074074074074075
1 0.9395260416666668 0.3336388888888889 0.010317708333333333 0.016074074074074074
1 0.9499583333333333 0.34922222222222227 0.012437499999999999 0.01714814814814815
1 0.9359270833333333 0.3654537037037037 0.01178125 0.016194444444444442
1 0.9240312500000001 0.35487037037037034 0.010510416666666666 0.017092592592592593
1 0.9233125 0.37706481481481485 0.011739583333333333 0.017361111111111112
1 0.9043489583333333 0.37505555555555553 0.016026041666666668 0.019342592592592592
1 0.8757031249999999 0.42491666666666666 0.010890625 0.017444444444444443
1 0.8613177083333333 0.3951574074074074 0.011453125 0.019444444444444445
1 0.8240052083333332 0.4329537037037037 0.013119791666666667 0.015472222222222222
1 0.8239739583333333 0.45112962962962966 0.016151041666666668 0.017046296296296296
1 0.8287552083333334 0.47524074074074074 0.015286458333333334 0.01848148148148148
1 0.8074635416666667 0.46423148148148147 0.010104166666666666 0.01586111111111111
1 0.8152447916666666 0.48503703703703704 0.015192708333333334 0.016703703703703703
1 0.81596875 0.48490740740740745 0.012651041666666666 0.014416666666666666
1 0.7841145833333333 0.4866666666666667 0.016942708333333334 0.021935185185185186
1 0.7821458333333333 0.521712962962963 0.017109375 0.021833333333333333
1 0.7690572916666666 0.507962962962963 0.015276041666666665 0.019712962962962963
1 0.7989010416666668 0.4780740740740741 0.010369791666666666 0.020175925925925924
1 0.8005260416666666 0.5016111111111111 0.016203125 0.020305555555555556
1 0.7087916666666667 0.5628333333333333 0.017015625 0.01991666666666667
1 0.7258854166666667 0.5817685185185185 0.013625 0.018185185185185186
1 0.708546875 0.5935833333333334 0.021036458333333334 0.027777777777777776
1 0.6908645833333333 0.6122777777777778 0.017515625 0.019740740740740743
1 0.6621041666666667 0.5868796296296297 0.018864583333333334 0.01774074074074074
1 0.6588177083333334 0.610712962962963 0.016895833333333332 0.02808333333333333
1 0.6205625 0.6241018518518519 0.021697916666666664 0.031101851851851856
1 0.6017499999999999 0.6446203703703705 0.020296875 0.02061111111111111
1 0.5650677083333334 0.6796203703703704 0.02159895833333333 0.030083333333333333
1 0.43070833333333336 0.8170925925925926 0.022302083333333333 0.026953703703703702
1 0.429609375 0.8553703703703703 0.022364583333333334 0.025962962962962962
1 0.4859427083333333 0.698925925925926 0.035171875 0.053203703703703704
1 0.5167604166666666 0.6759259259259259 0.031088541666666667 0.05299074074074074
1 0.6172291666666666 0.5783981481481482 0.03940625 0.05712037037037037
1 0.6521822916666667 0.5529351851851851 0.034499999999999996 0.05599074074074074
1 0.679 0.5287222222222222 0.023140625 0.04372222222222222
1 0.6958645833333333 0.5126018518518519 0.025354166666666667 0.04485185185185185
1 0.7846822916666666 0.42841666666666667 0.033734375 0.04557407407407407
0 0.46088541666666666 0.6970555555555557 0.052182291666666665 0.05951851851851852
1 0.27069791666666665 0.9388148148148148 0.025296875 0.026324074074074073
1 0.2885052083333333 0.9124259259259259 0.031072916666666665 0.030972222222222224
1 0.25888020833333336 0.9885462962962964 0.03380729166666666 0.022907407407407408
1 0.18692708333333333 0.9892129629629629 0.03313541666666667 0.021574074074074075
0 0.09554687499999999 0.8759907407407408 0.015114583333333332 0.027194444444444445