0 0.36543749999999997 0.7852962962962963 0.03134375 0.02790740740740741
1 0.35266145833333334 0.8370740740740741 0.10341145833333334 0.07522222222222222
1 0.35492708333333334 0.8844259259259258 0.03364583333333333 0.02901851851851852
0 0.7615208333333333 0.44435185185185183 0.020125 0.01685185185185185
1 0.6020260416666667 0.7054537037037036 0.02323958333333333 0.02962962962962963
1 0.5591822916666668 0.7125740740740741 0.024291666666666666 0.029666666666666668
1 0.762859375 0.5142314814814815 0.018296875 0.022250000000000002
1 0.47836458333333337 0.8192222222222222 0.02921875 0.026046296296296297
1 0.7203802083333334 0.5537777777777778 0.01959375 0.02487962962962963
1 0.6221197916666666 0.6515092592592593 0.020562499999999997 0.027916666666666666
0 0.5016666666666667 0.6574074074074074 0.009885416666666667 0.02050925925925926
1 0.8343645833333333 0.4208611111111111 0.023598958333333333 0.02352777777777778
0 0.8767083333333333 0.34007407407407403 0.017541666666666667 0.020435185185185185
1 0.5244166666666666 0.7526481481481482 0.027432291666666667 0.034499999999999996
0 0.6044479166666666 0.5835648148148148 0.020671875 0.024787037037037038
1 0.6931145833333333 0.5512870370370371 0.044041666666666666 0.06081481481481482
1 0.43158854166666666 0.7818240740740741 0.04242708333333333 0.05750925925925926
1 0.4583645833333333 0.8028796296296297 0.023171875 0.037
1 0.23125 0.98075 0.025989583333333333 0.03513888888888889
1 0.21470312500000002 0.9680555555555556 0.026197916666666664 0.029527777777777778
1 0.28775520833333335 0.9322777777777778 0.029557291666666666 0.022250000000000002
0 0.05084895833333333 0.9106481481481481 0.04422916666666667 0.05642592592592592
0 0.10947916666666666 0.8940185185185184 0.03913020833333333 0.044592592592592586
1 0.8910104166666667 0.3619537037037037 0.021447916666666667 0.02942592592592593
0 0.9583854166666667 0.27725925925925926 0.025145833333333333 0.03754629629629629
0 0.9309010416666667 0.28838888888888886 0.010989583333333334 0.01588888888888889
0 0.9074166666666666 0.2938148148148148 0.007244791666666667 0.01575
0 0.9201250000000001 0.2788981481481481 0.004875 0.011527777777777777
0 0.9585781250000001 0.24976851851851853 0.007145833333333334 0.010935185185185185
0 0.969953125 0.25225000000000003 0.005609375 0.010398148148148148
0 0.9696250000000001 0.2301388888888889 0.005052083333333333 0.011935185185185186
0 0.9822395833333334 0.24059259259259258 0.010890625 0.02185185185185185
0 0.7014427083333333 0.4996203703703704 0.041703124999999994 0.05098148148148148
0 0.7945364583333333 0.42389814814814814 0.029135416666666667 0.042666666666666665
0 0.8276302083333333 0.3560185185185185 0.0053124999999999995 0.019777777777777776
0 0.5787447916666667 0.5888981481481481 0.007619791666666667 0.014842592592592593
0 0.5502760416666667 0.6037037037037037 0.008822916666666668 0.021046296296296296
0 0.6245260416666666 0.5373981481481481 0.008848958333333332 0.009555555555555555
1 0.6394166666666667 0.6778148148148148 0.007322916666666667 0.020814814814814814
1 0.7280885416666667 0.5873703703703704 0.010114583333333335 0.019546296296296294
1 0.7714895833333333 0.5451296296296296 0.012624999999999999 0.024333333333333335