1 0.8289322916666666 0.4453888888888889 0.016348958333333333 0.02537962962962963
1 0.8062343750000001 0.5047314814814815 0.004703125 0.020444444444444442
1 0.8754166666666666 0.42562962962962964 0.0046614583333333326 0.01799074074074074
1 0.9049999999999999 0.40724074074074074 0.004369791666666667 0.019546296296296294
1 0.9666614583333334 0.3415277777777778 0.0035677083333333333 0.02659259259259259
0 0.986421875 0.2262222222222222 0.0059375 0.020981481481481483
0 0.8119947916666667 0.3849351851851852 0.013791666666666667 0.022851851851851852
0 0.7767395833333333 0.4096296296296296 0.004932291666666667 0.015064814814814814
0 0.7643645833333333 0.4257314814814815 0.015078125 0.024398148148148148
0 0.70909375 0.4746296296296296 0.01678645833333333 0.020805555555555553
0 0.587203125 0.6170833333333334 0.05472395833333333 0.08875
0 0.48541666666666666 0.6935370370370371 0.023953125000000002 0.025925925925925925
0 0.4656822916666667 0.6739444444444445 0.006052083333333333 0.024435185185185185