1 0.5949270833333333 0.6401481481481481 0.05644791666666667 0.05860185185185185
0 0.5539947916666667 0.6123703703703703 0.019791666666666666 0.022083333333333333
0 0.8413385416666667 0.3690740740740741 0.017114583333333332 0.015231481481481481
1 0.5540572916666666 0.7163796296296296 0.022203125 0.029138888888888888
0 0.7839114583333333 0.41632407407407407 0.017442708333333334 0.014472222222222223
1 0.7893958333333334 0.48371296296296296 0.01827604166666667 0.01715740740740741
0 0.6188281250000001 0.5569444444444445 0.019302083333333334 0.016990740740740744
1 0.5975208333333334 0.6785092592592592 0.022838541666666667 0.021546296296296296
1 0.49520312499999997 0.7740185185185186 0.026015625 0.03059259259259259
1 0.8460520833333334 0.42980555555555555 0.017447916666666667 0.02212037037037037
0 0.6992083333333333 0.4895740740740741 0.021291666666666667 0.020120370370370372
1 0.51871875 0.7910185185185185 0.0076614583333333335 0.022712962962962963
1 0.44456249999999997 0.8534999999999999 0.007807291666666666 0.022314814814814815
1 0.3393697916666667 0.8911296296296296 0.03199479166666667 0.038407407407407404
1 0.27216145833333333 0.9468703703703704 0.02771875 0.031574074074074074
1 0.654765625 0.6546944444444445 0.006390625 0.018712962962962962
1 0.6970677083333333 0.6162685185185186 0.007895833333333333 0.017527777777777778
1 0.7424999999999999 0.5303148148148148 0.01749479166666667 0.02862037037037037
1 0.7652708333333333 0.5497314814814815 0.004619791666666666 0.018166666666666668
1 0.855078125 0.4557777777777778 0.006130208333333333 0.015027777777777779
1 0.8850833333333333 0.42298148148148146 0.0050104166666666665 0.018944444444444444
1 0.9007916666666667 0.4076666666666666 0.004776041666666666 0.015583333333333331
1 0.907671875 0.3703240740740741 0.011458333333333333 0.018314814814814815
1 0.8305625 0.41406481481481483 0.021515625 0.04158333333333333
1 0.9405208333333334 0.3368055555555556 0.0138125 0.020787037037037038
1 0.9224166666666667 0.38278703703703704 0.0060625 0.025666666666666664
1 0.9355989583333333 0.37039814814814814 0.004442708333333333 0.02375
1 0.9503281250000001 0.35988888888888887 0.0026927083333333334 0.011537037037037038
1 0.9570052083333334 0.3431296296296296 0.0027031250000000002 0.014962962962962963
1 0.9671354166666667 0.3338148148148148 0.0031979166666666666 0.014222222222222221
1 0.9761197916666667 0.30062037037037037 0.012979166666666668 0.018805555555555555
0 0.9091145833333333 0.2943518518518518 0.005447916666666667 0.015074074074074075
0 0.767453125 0.4372962962962963 0.016578125 0.017657407407407406