1 0.34026562499999996 0.8537962962962963 0.07663020833333332 0.07738888888888888
1 0.59234375 0.6501111111111111 0.051140625 0.059870370370370365
0 0.34878125 0.7784074074074073 0.07016666666666667 0.06275925925925926
1 0.12335416666666667 0.9547129629629629 0.0919375 0.09057407407407407
1 0.4361979166666667 0.8643888888888889 0.008088541666666666 0.01990740740740741
1 0.48498437499999997 0.7723333333333333 0.02773958333333333 0.033777777777777775
1 0.689328125 0.5725740740740741 0.04105729166666667 0.06841666666666667
1 0.7396510416666667 0.5315555555555556 0.017260416666666667 0.030370370370370367
1 0.796078125 0.4792129629629629 0.013536458333333333 0.016009259259259258
1 0.8226875 0.4491111111111111 0.016598958333333334 0.026416666666666668
1 0.8612083333333334 0.4133148148148148 0.015755208333333333 0.024296296296296295
1 0.8832239583333333 0.39435185185185184 0.014703125000000001 0.017638888888888888
1 0.9273854166666666 0.3495648148148148 0.013479166666666665 0.012768518518518518
1 0.9663645833333334 0.2928703703703704 0.015885416666666666 0.022481481481481484
1 0.9755520833333333 0.3255925925925926 0.004932291666666667 0.011546296296296298
1 0.9677239583333334 0.3430185185185185 0.005135416666666667 0.013962962962962963
1 0.9288958333333334 0.37877777777777777 0.0070572916666666674 0.018435185185185186
1 0.8609791666666666 0.44177777777777777 0.0037916666666666667 0.010898148148148148
1 0.8423697916666666 0.4587962962962963 0.006390625 0.01361111111111111
1 0.8310677083333334 0.4792129629629629 0.004822916666666666 0.019935185185185188
1 0.8081302083333333 0.49722222222222223 0.005822916666666666 0.014564814814814815
1 0.7951302083333334 0.51375 0.005609375 0.028601851851851854
1 0.7724739583333334 0.5331481481481481 0.006354166666666666 0.01425925925925926
1 0.7359010416666667 0.5777222222222222 0.007135416666666667 0.01952777777777778
1 0.7219322916666666 0.5765648148148149 0.007390625 0.015527777777777777
1 0.71734375 0.598212962962963 0.007447916666666667 0.015759259259259258
1 0.6818437500000001 0.619462962962963 0.006713541666666667 0.01799074074074074
1 0.6750989583333333 0.6430370370370371 0.006223958333333333 0.015935185185185188
1 0.6603541666666667 0.657787037037037 0.008171875 0.019694444444444445
1 0.62596875 0.6794259259259259 0.008041666666666666 0.01712037037037037
1 0.6091718749999999 0.695861111111111 0.007442708333333333 0.02537962962962963
0 0.9228489583333332 0.2810462962962963 0.012994791666666667 0.016342592592592593
0 0.8805104166666666 0.3195925925925926 0.005744791666666666 0.01400925925925926
0 0.740078125 0.4372685185185185 0.0056770833333333335 0.01450925925925926