1 0.37440104166666666 0.819675925925926 0.09654166666666668 0.08157407407407406
1 0.9099479166666666 0.33160185185185187 0.03677604166666667 0.037509259259259256
1 0.504328125 0.7106481481481481 0.051458333333333335 0.0702962962962963
1 0.5512135416666666 0.7195555555555556 0.023947916666666666 0.035805555555555556
1 0.39723958333333337 0.8483611111111111 0.025916666666666664 0.03473148148148148
1 0.4560833333333333 0.8438425925925926 0.008822916666666668 0.023962962962962964
1 0.5034739583333333 0.8000462962962962 0.008567708333333333 0.02787962962962963
1 0.52253125 0.7820185185185186 0.00559375 0.02437962962962963
1 0.564453125 0.7378333333333333 0.005880208333333333 0.02487037037037037
1 0.5871562499999999 0.7143703703703703 0.004526041666666666 0.022805555555555555
1 0.6099322916666666 0.6603703703703704 0.02033333333333333 0.029175925925925928
1 0.6780416666666667 0.5542962962962963 0.050895833333333335 0.08097222222222222
1 0.6507552083333333 0.6664722222222222 0.005494791666666667 0.02026851851851852
1 0.6222031250000001 0.6811388888888888 0.004697916666666666 0.024092592592592593
1 0.6355677083333333 0.6796203703703704 0.0056875 0.016657407407407405
1 0.6722135416666667 0.6330648148148148 0.005640625 0.02736111111111111
1 0.6870468750000001 0.6291944444444444 0.005171875 0.02312962962962963
1 0.693875 0.6125 0.003890625 0.019925925925925927
1 0.726890625 0.5878611111111111 0.007640625 0.023166666666666665
1 0.69775 0.5740277777777778 0.018401041666666666 0.02277777777777778
1 0.7319687500000001 0.539888888888889 0.019255208333333333 0.031046296296296298
1 0.7630885416666667 0.4731388888888889 0.04461458333333333 0.07262962962962963
1 0.7672135416666667 0.5102129629629629 0.017578125 0.023916666666666666
1 0.8899947916666666 0.38625 0.014213541666666666 0.02021296296296296
1 0.8978802083333334 0.41135185185185186 0.00465625 0.016787037037037038
1 0.9352916666666666 0.3381851851851852 0.035479166666666666 0.040712962962962965
1 0.9619427083333334 0.34767592592592594 0.004479166666666667 0.016888888888888887
1 0.9434635416666667 0.3572962962962963 0.005526041666666666 0.016166666666666666
1 0.977734375 0.3007037037037037 0.01284375 0.02124074074074074
0 0.9144427083333333 0.29354629629629625 0.028140625 0.03599074074074074
0 0.8745260416666666 0.3229166666666667 0.00425 0.021814814814814815
0 0.8604583333333333 0.34108333333333335 0.005328125 0.019037037037037036
0 0.84740625 0.339537037037037 0.005578125000000001 0.015935185185185188
0 0.811671875 0.3738888888888889 0.003796875 0.01225925925925926
0 0.8177395833333333 0.37625000000000003 0.00428125 0.012222222222222221
0 0.8405781250000001 0.3706944444444445 0.015078125 0.018546296296296297
0 0.7943854166666667 0.41268518518518515 0.013213541666666667 0.016398148148148148
0 0.768375 0.42220370370370375 0.004578125 0.020648148148148148
0 0.7026718750000001 0.47231481481481485 0.005020833333333334 0.014083333333333335
0 0.6930364583333334 0.5049166666666666 0.016953125 0.01387962962962963
0 0.6597500000000001 0.5041018518518519 0.004911458333333333 0.016398148148148148
0 0.6421875 0.5500555555555555 0.01677604166666667 0.01724074074074074
0 0.6038281249999999 0.5543518518518519 0.0049947916666666665 0.017546296296296296
0 0.5690885416666667 0.5891111111111111 0.006015625 0.020833333333333332
0 0.4721666666666666 0.6975 0.018604166666666665 0.019490740740740743
0 0.39311979166666666 0.744361111111111 0.008765624999999999 0.02674074074074074
0 0.32046354166666663 0.7921759259259259 0.007807291666666666 0.016972222222222222