1 0.7600416666666666 0.4870833333333333 0.0486875 0.06191666666666667
1 0.9155833333333334 0.3397962962962963 0.021010416666666667 0.03909259259259259
0 0.839375 0.34755555555555556 0.005479166666666666 0.01625
0 0.8740833333333333 0.3280092592592593 0.006302083333333333 0.013296296296296296
0 0.8956354166666666 0.3038148148148148 0.007489583333333333 0.015046296296296295
0 0.9253072916666666 0.29414814814814816 0.016020833333333335 0.018287037037037036
0 0.941765625 0.2660092592592593 0.004473958333333333 0.010796296296296297
0 0.9517135416666667 0.25278703703703703 0.0055625 0.011453703703703704
0 0.98775 0.2230925925925926 0.010817708333333334 0.013481481481481481
0 0.6592604166666667 0.5173055555555556 0.006260416666666667 0.019787037037037037
0 0.4961979166666667 0.6731296296296296 0.028661458333333334 0.030805555555555558