1 0.34802083333333333 0.8392499999999999 0.09941145833333334 0.06537962962962963
0 0.5047604166666667 0.6750555555555555 0.024723958333333334 0.022453703703703705
1 0.7839739583333334 0.46440740740740744 0.060296875 0.040074074074074074
1 0.7073072916666666 0.5365833333333333 0.045869791666666666 0.04599074074074074
1 0.8215572916666667 0.42554629629629626 0.038598958333333336 0.03338888888888889
1 0.7409583333333334 0.5011481481481481 0.049005208333333335 0.052759259259259256
1 0.8838697916666667 0.42324074074074075 0.021385416666666667 0.014777777777777779
1 0.49140104166666665 0.8061759259259259 0.030244791666666666 0.02876851851851852
0 0.4052395833333333 0.7384814814814814 0.026265625 0.01425
1 0.610203125 0.613712962962963 0.04820833333333333 0.05970370370370371
1 0.5603489583333333 0.7441481481481481 0.023588541666666667 0.02200925925925926
1 0.43121875000000004 0.8534444444444444 0.03209375 0.026861111111111113
1 0.45988541666666666 0.8256574074074075 0.033213541666666666 0.034555555555555555
1 0.24428645833333332 0.8876296296296297 0.10766666666666666 0.12214814814814813
0 0.2848072916666667 0.81425 0.029723958333333335 0.021138888888888888
1 0.49415624999999996 0.7359722222222222 0.06416666666666666 0.06
1 0.5544791666666666 0.6846666666666668 0.08311458333333334 0.06837037037037037
1 0.3720208333333333 0.8998888888888888 0.037947916666666665 0.02886111111111111
1 0.42405729166666667 0.8218981481481481 0.035145833333333334 0.02885185185185185
1 0.6496354166666667 0.5752499999999999 0.05040104166666667 0.05964814814814815
1 0.8241145833333333 0.4828055555555555 0.021828124999999997 0.016694444444444446
0 0.31265624999999997 0.8111388888888889 0.03244791666666667 0.013851851851851853
1 0.6629531249999999 0.639425925925926 0.021479166666666667 0.026907407407407408
1 0.7216614583333333 0.5791203703703705 0.025489583333333333 0.01685185185185185
0 0.896546875 0.31826851851851856 0.019244791666666667 0.014574074074074074
1 0.8742083333333334 0.38180555555555556 0.045098958333333335 0.03977777777777778
1 0.7136770833333334 0.5906481481481481 0.022583333333333334 0.01838888888888889
1 0.42732291666666666 0.7742037037037037 0.07771354166666668 0.07814814814814815
0 0.2548333333333333 0.8247777777777777 0.03465104166666667 0.015574074074074074
1 0.513046875 0.7854166666666667 0.025927083333333333 0.01837037037037037
1 0.7834375 0.5193796296296296 0.023130208333333332 0.014944444444444444
1 0.36580208333333336 0.8608148148148148 0.03186979166666667 0.018935185185185183
1 0.8438802083333333 0.40244444444444444 0.03109375 0.028444444444444442
1 0.8366406249999999 0.4415925925925926 0.016223958333333333 0.013666666666666667
0 0.6081354166666666 0.5572685185185186 0.020015625 0.014305555555555556
1 0.3274635416666667 0.9311574074074074 0.031515625 0.040601851851851854
1 0.30264062500000005 0.9250462962962962 0.029312500000000002 0.031703703703703706
1 0.2874322916666667 0.9680000000000001 0.029390625 0.03128703703703704
1 0.24969791666666669 0.9877962962962963 0.029859375 0.024416666666666666
1 0.5406614583333333 0.759712962962963 0.02549479166666667 0.03302777777777778
1 0.5963333333333334 0.7083611111111111 0.022354166666666668 0.02851851851851852
1 0.6283645833333333 0.6902222222222223 0.006395833333333333 0.01888888888888889
1 0.6498489583333333 0.6686851851851852 0.004968749999999999 0.01912962962962963
1 0.6834062500000001 0.6183148148148148 0.018671875 0.02684259259259259
1 0.6783750000000001 0.5965 0.019458333333333334 0.02186111111111111
1 0.7003333333333334 0.6021296296296296 0.017953125 0.023740740740740743
1 0.7408385416666667 0.5603148148148148 0.016703125 0.02225925925925926
1 0.75434375 0.5449537037037037 0.017119791666666665 0.021907407407407407
1 0.777703125 0.49634259259259256 0.014718750000000001 0.021111111111111112
1 0.8112291666666667 0.4940833333333333 0.012869791666666667 0.016203703703703703
1 0.7953177083333334 0.5027777777777778 0.017979166666666668 0.026851851851851852
1 0.85525 0.44887037037037036 0.01440625 0.019185185185185184
1 0.86703125 0.4352037037037037 0.016473958333333334 0.016398148148148148
1 0.87003125 0.40894444444444444 0.015270833333333334 0.01676851851851852
1 0.8950677083333333 0.40825 0.016104166666666666 0.017092592592592593
1 0.9040937499999999 0.3951574074074074 0.014296874999999999 0.015296296296296296
1 0.9102708333333334 0.36671296296296296 0.007333333333333333 0.016935185185185185
1 0.9271718750000001 0.37342592592592594 0.013302083333333332 0.017666666666666664
1 0.9160416666666666 0.38560185185185186 0.014255208333333333 0.013935185185185186
1 0.9371770833333334 0.3636944444444445 0.011859375 0.013888888888888888
1 0.9476145833333334 0.3535185185185185 0.012510416666666666 0.014185185185185186
1 0.9583229166666667 0.3445462962962963 0.012187499999999999 0.01574074074074074
1 0.9568229166666666 0.3229074074074074 0.012244791666666668 0.015231481481481481
1 0.9287864583333333 0.32346296296296295 0.029062499999999998 0.047851851851851854
1 0.9869166666666668 0.3233888888888889 0.004380208333333333 0.015814814814814813
1 0.88840625 0.3562222222222223 0.024786458333333334 0.04134259259259259
1 0.714734375 0.5579722222222222 0.018453125 0.021064814814814814
1 0.5711979166666666 0.692287037037037 0.04791145833333333 0.06
1 0.405328125 0.8714814814814815 0.02275 0.03439814814814815
0 0.20979166666666668 0.8357037037037036 0.031489583333333335 0.020555555555555556
0 0.334765625 0.789675925925926 0.029875 0.021249999999999998
0 0.36822916666666666 0.7839444444444444 0.029177083333333336 0.03174074074074074
0 0.36184375 0.7708888888888888 0.023302083333333334 0.01837037037037037
0 0.384234375 0.7511944444444444 0.022130208333333335 0.019453703703703706
0 0.42371354166666664 0.7208148148148148 0.018479166666666665 0.018046296296296296
0 0.4462604166666667 0.7026666666666667 0.024036458333333333 0.01990740740740741
0 0.45573437499999997 0.7178240740740741 0.022239583333333333 0.012981481481481481
0 0.4756770833333333 0.6990462962962963 0.023958333333333335 0.021166666666666667
0 0.47030208333333334 0.6808425925925925 0.024296875 0.02213888888888889
0 0.49174999999999996 0.6624722222222222 0.02021875 0.019314814814814816
0 0.515953125 0.643537037037037 0.018651041666666666 0.01962037037037037
0 0.5297083333333333 0.6512685185185185 0.021932291666666666 0.016574074074074074
0 0.5327135416666666 0.6279351851851851 0.017041666666666667 0.01771296296296296
0 0.5515677083333334 0.6336203703703703 0.019625 0.019055555555555555
0 0.5472864583333333 0.613 0.020161458333333333 0.01637037037037037
0 0.5729947916666667 0.6115555555555555 0.020572916666666666 0.021953703703703704
0 0.5704999999999999 0.5934722222222223 0.018619791666666666 0.01662037037037037
0 0.590265625 0.574824074074074 0.018119791666666666 0.020583333333333335
0 0.6161093750000001 0.5726666666666667 0.0164375 0.01574074074074074
0 0.6253177083333333 0.5416296296296297 0.019244791666666667 0.022796296296296297
0 0.6600625 0.5346481481481481 0.016213541666666668 0.01462962962962963
0 0.6484322916666667 0.5253240740740741 0.015817708333333333 0.018324074074074072
0 0.664046875 0.5121203703703704 0.016046875 0.01852777777777778
0 0.6858177083333333 0.5094074074074074 0.013828125 0.017722222222222223
0 0.6788489583333334 0.4972407407407407 0.015072916666666667 0.014203703703703703
0 0.6939895833333334 0.4795277777777778 0.016078125000000002 0.01925925925925926
0 0.7011041666666666 0.4951111111111111 0.018692708333333332 0.015342592592592593
0 0.7117083333333334 0.46644444444444444 0.015526041666666665 0.015055555555555556
0 0.713578125 0.4836296296296297 0.012979166666666668 0.017046296296296296
0 0.7264010416666667 0.4724351851851852 0.012338541666666668 0.01238888888888889
0 0.73875 0.4608055555555556 0.012567708333333334 0.01573148148148148
0 0.7369739583333333 0.44425925925925924 0.014015625 0.011944444444444445
0 0.78540625 0.4003888888888889 0.011567708333333334 0.00938888888888889
0 0.8024583333333334 0.40279629629629626 0.013958333333333333 0.017277777777777777
0 0.8151354166666667 0.3930370370370371 0.013973958333333333 0.01473148148148148
0 0.7949166666666667 0.3894814814814815 0.010635416666666668 0.007620370370370371
0 0.8049322916666667 0.3828888888888889 0.009645833333333333 0.009842592592592594
0 0.8136770833333333 0.37175 0.012604166666666666 0.013407407407407408
0 0.8259895833333334 0.36444444444444446 0.008390625 0.01112962962962963
0 0.8358697916666666 0.3559259259259259 0.012614583333333334 0.011814814814814814
0 0.8358802083333334 0.37298148148148147 0.012557291666666666 0.012666666666666666
0 0.8228020833333333 0.38469444444444445 0.009041666666666667 0.014240740740740741
0 0.8530677083333333 0.3442777777777778 0.013328125 0.016277777777777776
0 0.8741354166666666 0.3268425925925926 0.012744791666666666 0.010324074074074074
0 0.8952291666666666 0.3028611111111111 0.01425 0.011342592592592593
0 0.9160052083333333 0.30375 0.008166666666666666 0.01161111111111111
0 0.9254479166666666 0.2752962962962963 0.010088541666666668 0.010453703703703703
0 0.9369791666666667 0.2666388888888889 0.009177083333333334 0.014462962962962962
0 0.9302708333333333 0.28607407407407404 0.012187499999999999 0.008537037037037037
0 0.9101250000000001 0.2910462962962963 0.012682291666666668 0.008129629629629629
0 0.97103125 0.2488888888888889 0.010973958333333334 0.0105
1 0.9578177083333334 0.29438888888888887 0.029020833333333333 0.03487962962962963
1 0.9857552083333334 0.26756481481481487 0.027401041666666667 0.04039814814814815
0 0.7666041666666668 0.4160462962962963 0.010677083333333334 0.008712962962962962
0 0.7533697916666667 0.42867592592592596 0.008072916666666667 0.01025