0 0.3288125 0.7891759259259259 0.033505208333333335 0.027731481481481482
0 0.25524479166666664 0.8378333333333333 0.03596354166666667 0.0245
0 0.6682864583333333 0.5376574074074074 0.04178125 0.060222222222222226
1 0.30570833333333336 0.9199259259259259 0.0321875 0.034666666666666665
0 0.9413229166666667 0.2664166666666667 0.012010416666666666 0.01837962962962963
1 0.875796875 0.3862407407407407 0.016984375 0.025166666666666667
0 0.061578125000000004 0.8950555555555555 0.03989583333333333 0.031453703703703706
1 0.49593750000000003 0.7695277777777778 0.02519270833333333 0.032379629629629626
1 0.6604635416666667 0.5861666666666666 0.021177083333333332 0.03395370370370371
1 0.41188541666666667 0.8330555555555555 0.026578125 0.039314814814814816
1 0.46869791666666666 0.8288796296296297 0.008411458333333333 0.02185185185185185
1 0.5672604166666667 0.7419166666666667 0.008276041666666668 0.019296296296296298
1 0.6633593750000001 0.6439444444444444 0.007932291666666667 0.024537037037037038
1 0.6853385416666666 0.5903333333333333 0.018000000000000002 0.023287037037037037
1 0.707453125 0.6062314814814815 0.008697916666666666 0.021138888888888888
1 0.7780833333333333 0.4992222222222222 0.017385416666666667 0.019046296296296297
1 0.8587708333333333 0.4440740740740741 0.015276041666666665 0.02051851851851852
0 0.9685416666666666 0.24275000000000002 0.003901041666666667 0.011953703703703704
0 0.9162760416666667 0.29074074074074074 0.0059791666666666665 0.020185185185185184
0 0.8937083333333333 0.3027037037037037 0.0036093749999999997 0.014296296296296297
0 0.8659374999999999 0.3277685185185185 0.007932291666666667 0.018055555555555554
0 0.8416197916666667 0.3471574074074074 0.004411458333333334 0.013796296296296296
0 0.74834375 0.4307037037037037 0.005614583333333333 0.012814814814814815
0 0.7142552083333332 0.46247222222222223 0.0044062500000000004 0.013435185185185185
0 0.636453125 0.5404351851851852 0.007276041666666667 0.01951851851851852
0 0.28484375 0.8061481481481482 0.011026041666666668 0.021916666666666668