0 0.45478645833333337 0.7196666666666667 0.024557291666666665 0.0344537037037037
0 0.6090364583333333 0.5606203703703704 0.008395833333333333 0.016675925925925927
0 0.625046875 0.5549722222222222 0.00903125 0.013675925925925925
0 0.6980416666666667 0.47076851851851853 0.004786458333333333 0.015583333333333331
0 0.7111041666666666 0.4656944444444444 0.005260416666666667 0.019731481481481482
0 0.7248697916666667 0.44945370370370374 0.003421875 0.020759259259259262
0 0.8213229166666667 0.38834259259259263 0.015609375 0.01930555555555556
0 0.8121979166666667 0.3791481481481482 0.007578125000000001 0.021314814814814814
0 0.7885833333333333 0.39143518518518516 0.009713541666666665 0.016166666666666666
0 0.9408697916666667 0.27869444444444447 0.011625 0.014490740740740742
0 0.9767864583333333 0.24666666666666665 0.010765625000000001 0.01062962962962963
0 0.9130677083333333 0.2909537037037037 0.010796875000000001 0.016
0 0.87253125 0.3284166666666667 0.010536458333333333 0.018333333333333333
1 0.939875 0.36139814814814814 0.016911458333333334 0.024231481481481482
1 0.9909479166666666 0.30899074074074073 0.015625 0.02426851851851852
1 0.751890625 0.5488055555555555 0.020328125 0.024537037037037038
1 0.6748802083333333 0.637212962962963 0.00821875 0.021953703703703704
1 0.6265677083333333 0.6877407407407408 0.009354166666666667 0.024888888888888887
1 0.5876614583333333 0.7273333333333333 0.011322916666666665 0.028962962962962965
1 0.47088541666666667 0.7841851851851851 0.02627604166666667 0.03164814814814815
1 0.46293229166666666 0.8405462962962963 0.0095 0.028324074074074074
1 0.30880729166666665 0.9128611111111111 0.030817708333333336 0.0405