1 0.8950729166666667 0.3822407407407407 0.017249999999999998 0.016685185185185185
0 0.6812916666666666 0.5127685185185185 0.026489583333333334 0.026527777777777775
1 0.942171875 0.3602037037037037 0.014078125 0.020027777777777776
0 0.5047343750000001 0.644537037037037 0.008145833333333333 0.015944444444444445
0 0.717703125 0.46529629629629626 0.006776041666666666 0.017685185185185186
0 0.45749999999999996 0.7175370370370371 0.024276041666666668 0.02546296296296296
0 0.78815625 0.41985185185185186 0.020130208333333333 0.018509259259259257
0 0.4844322916666667 0.675425925925926 0.044536458333333334 0.026851851851851852
0 0.4090625 0.730175925925926 0.007036458333333333 0.020583333333333335
0 0.4178489583333333 0.7153518518518519 0.009151041666666667 0.020037037037037037
0 0.33033854166666665 0.7854444444444444 0.03241666666666667 0.03776851851851852
0 0.28484375 0.8076481481481481 0.08106770833333334 0.0515
1 0.06335416666666667 0.8944907407407408 0.10347395833333332 0.07814814814814815
0 0.5776770833333333 0.6093981481481481 0.014812500000000001 0.02086111111111111
0 0.528765625 0.6237314814814815 0.008604166666666666 0.017666666666666664
0 0.5633958333333333 0.5971111111111111 0.004171875 0.021064814814814814
0 0.5769791666666666 0.5817592592592592 0.0074375 0.022611111111111113
0 0.6002604166666666 0.56375 0.004416666666666667 0.021620370370370373
0 0.6041145833333333 0.536537037037037 0.015302083333333332 0.049324074074074076