1 0.19796354166666666 0.990712962962963 0.012463541666666666 0.01811111111111111
1 0.20374479166666667 0.9379259259259259 0.008864583333333334 0.04118518518518518
1 0.18677083333333336 0.7904351851851852 0.010036458333333333 0.03624074074074074
1 0.23381770833333335 0.7701851851851852 0.024666666666666667 0.038407407407407404
1 0.18703125 0.6803703703703703 0.006260416666666667 0.025824074074074076
1 0.19433333333333333 0.6455648148148149 0.009151041666666667 0.034305555555555554
1 0.18603645833333332 0.5421296296296296 0.007203125 0.029203703703703704
1 0.20591145833333335 0.5188333333333334 0.007552083333333333 0.02816666666666667
1 0.21340104166666668 0.39875925925925926 0.013932291666666667 0.023759259259259258
1 0.20908854166666666 0.36156481481481484 0.013848958333333333 0.026027777777777778
1 0.18327604166666667 0.3264722222222222 0.00453125 0.020916666666666667
1 0.20013020833333334 0.3281203703703704 0.005286458333333333 0.018435185185185186
1 0.1840625 0.28805555555555556 0.0032552083333333335 0.017842592592592594
1 0.19076041666666665 0.2863425925925926 0.00571875 0.015953703703703703
1 0.19469791666666666 0.27114814814814814 0.009640625000000002 0.010898148148148148
1 0.178640625 0.2608333333333333 0.002578125 0.01474074074074074
1 0.33722395833333335 0.6096851851851852 0.016651041666666665 0.028777777777777777
1 0.3272864583333333 0.5956574074074074 0.011880208333333333 0.012601851851851852
0 0.6116875 0.7747314814814815 0.04631770833333334 0.12728703703703703
0 0.576703125 0.7233611111111111 0.030786458333333332 0.07765740740740741
0 0.8095625 0.7435648148148147 0.007890625 0.03662962962962963
0 0.7384895833333334 0.6125740740740742 0.007151041666666667 0.028398148148148148
0 0.4283541666666667 0.36341666666666667 0.006942708333333334 0.012796296296296297
0 0.3729635416666667 0.3428055555555556 0.0057083333333333335 0.015240740740740742
0 0.25154166666666666 0.29145370370370366 0.010489583333333333 0.02348148148148148
0 0.28716145833333334 0.31242592592592594 0.0025885416666666665 0.014666666666666666
0 0.279359375 0.30560185185185185 0.0035833333333333333 0.01400925925925926
0 0.26352604166666665 0.27252777777777776 0.004583333333333333 0.009222222222222224
0 0.245921875 0.24821296296296297 0.007869791666666666 0.013703703703703704