0 0.5503072916666666 0.40700925925925924 0.02188020833333333 0.018203703703703705
1 0.46821875 0.742574074074074 0.037875 0.06925925925925926
1 0.43328125 0.8991111111111111 0.030911458333333332 0.052787037037037035
0 0.5771822916666667 0.43166666666666664 0.02228645833333333 0.02012962962962963
0 0.3210520833333333 0.33089814814814816 0.017697916666666664 0.015953703703703703
1 0.42044270833333336 0.84975 0.021708333333333333 0.03710185185185185
0 0.4454427083333333 0.3719537037037037 0.016510416666666666 0.016981481481481483
1 0.19424479166666667 0.8485092592592592 0.008510416666666666 0.02114814814814815
1 0.35549479166666664 0.6564166666666666 0.01446875 0.02398148148148148
1 0.18856250000000002 0.5026388888888889 0.010380208333333333 0.02735185185185185
1 0.40219270833333337 0.7423611111111111 0.021609375 0.03403703703703703
1 0.20279166666666668 0.5679814814814814 0.006421875 0.02700925925925926
1 0.19792708333333334 0.7124074074074074 0.0046927083333333335 0.03275925925925926
1 0.19021354166666665 0.7864166666666667 0.0069947916666666665 0.033666666666666664
1 0.40419791666666666 0.6793148148148148 0.030927083333333334 0.07289814814814816
1 0.44396874999999997 0.7793055555555556 0.029453125 0.04635185185185185
0 0.6416458333333334 0.9459907407407407 0.05207291666666667 0.10801851851851851
0 0.6928385416666667 0.9636759259259259 0.03463541666666667 0.05943518518518518
0 0.6393072916666667 0.8635185185185186 0.024604166666666667 0.035583333333333335
0 0.6239479166666667 0.8416296296296296 0.023890625 0.05251851851851852
0 0.6072395833333334 0.8055462962962963 0.02334375 0.030277777777777782
0 0.6116458333333333 0.8268518518518518 0.019713541666666667 0.023564814814814813
0 0.6015885416666666 0.7849166666666667 0.021614583333333333 0.03726851851851852
0 0.5852864583333334 0.7565277777777777 0.020927083333333332 0.030425925925925926
0 0.6952604166666667 0.9061388888888889 0.0225625 0.03345370370370371
0 0.6807291666666667 0.8745277777777778 0.02255208333333333 0.023564814814814813
0 0.6730937499999999 0.8513148148148147 0.020359375000000002 0.022537037037037036
0 0.6582239583333334 0.8280648148148148 0.017114583333333332 0.02482407407407407
0 0.6465156249999999 0.8074074074074075 0.017953125 0.020388888888888887
0 0.6249739583333334 0.7733425925925926 0.020838541666666665 0.030574074074074076
0 0.53709375 0.6893055555555556 0.014552083333333334 0.026462962962962962
0 0.5843489583333333 0.7037407407407407 0.015229166666666665 0.025842592592592594
0 0.5972083333333333 0.7207962962962964 0.014906250000000001 0.02137037037037037
0 0.5726875 0.7263981481481482 0.01576041666666667 0.020657407407407406
0 0.576984375 0.7481759259259259 0.01421875 0.030555555555555555