1 0.20246354166666666 0.7880925925925926 0.008718749999999999 0.03263888888888889
1 0.19960416666666667 0.7357685185185185 0.009036458333333334 0.026462962962962962
1 0.18661979166666667 0.5781388888888889 0.007151041666666667 0.028046296296296295
1 0.19584374999999998 0.5065833333333334 0.008135416666666666 0.03158333333333333
1 0.1840416666666667 0.46770370370370373 0.008624999999999999 0.03090740740740741
1 0.21110416666666668 0.3897037037037037 0.0043437499999999995 0.02047222222222222
1 0.187921875 0.40626851851851853 0.005901041666666666 0.022564814814814815
1 0.44043229166666664 0.6732962962962963 0.0319375 0.06530555555555556
1 0.4592291666666667 0.8388703703703704 0.04539583333333333 0.12669444444444444
1 0.41006770833333334 0.8492777777777778 0.009572916666666665 0.02862962962962963
1 0.3971354166666667 0.7841851851851851 0.018583333333333334 0.038675925925925926
1 0.3869375 0.7379907407407407 0.022442708333333335 0.0362037037037037
1 0.40496354166666665 0.6877037037037037 0.029416666666666664 0.054453703703703706
1 0.37126562500000004 0.7023981481481482 0.02 0.03565740740740741
1 0.45186458333333335 0.7346481481481482 0.020854166666666667 0.031342592592592596
0 0.5630052083333333 0.7032037037037038 0.043557291666666664 0.09032407407407407
0 0.5895416666666667 0.7614351851851852 0.04334375 0.08169444444444444
0 0.7134791666666668 0.6207037037037038 0.0188125 0.034916666666666665
0 0.562828125 0.41867592592592595 0.017411458333333334 0.029333333333333333
0 0.24893229166666667 0.2737037037037037 0.010145833333333333 0.02348148148148148
0 0.26946875 0.2967685185185185 0.006609375 0.02350925925925926
0 0.2861614583333333 0.3082037037037037 0.004708333333333333 0.01500925925925926
1 0.4623958333333333 0.9681944444444446 0.026885416666666665 0.04412037037037037