1 0.18694791666666666 0.3215092592592593 0.012630208333333334 0.02110185185185185
1 0.18622395833333333 0.35050925925925924 0.005192708333333334 0.02052777777777778
1 0.19957291666666668 0.28125925925925926 0.011843749999999998 0.017675925925925925
1 0.23136458333333335 0.6993148148148148 0.023057291666666667 0.04111111111111111
1 0.194671875 0.705 0.007864583333333333 0.03409259259259259
1 0.23715104166666665 0.85525 0.0249375 0.02537037037037037
1 0.247578125 0.9300555555555556 0.025739583333333333 0.01812037037037037
1 0.4884895833333333 0.8613888888888889 0.051734375 0.12272222222222222
1 0.39714062499999997 0.7587222222222222 0.022921874999999998 0.04727777777777778
1 0.4515625 0.7168796296296297 0.0360625 0.07050000000000001
1 0.40157291666666667 0.7024351851851852 0.019494791666666667 0.03355555555555556
1 0.34011458333333333 0.6406111111111111 0.018723958333333336 0.024564814814814817
1 0.32611979166666666 0.5861388888888889 0.010192708333333333 0.028564814814814817
1 0.34809375000000004 0.6208518518518519 0.015046875 0.020083333333333335
0 0.30841145833333333 0.3259814814814815 0.011630208333333333 0.015157407407407408
0 0.34527604166666664 0.33914814814814814 0.01746354166666667 0.017342592592592593
0 0.3645520833333334 0.34585185185185185 0.015932291666666668 0.016962962962962964
0 0.38536979166666663 0.3514814814814815 0.0200625 0.01902777777777778
0 0.4335104166666667 0.36903703703703705 0.023885416666666666 0.021962962962962962
0 0.4071979166666667 0.3584351851851852 0.017171875 0.018000000000000002
0 0.48936979166666666 0.3872685185185185 0.019223958333333332 0.019342592592592592
0 0.514640625 0.3973703703703704 0.01609375 0.01999074074074074
0 0.5350260416666667 0.401712962962963 0.021302083333333333 0.025231481481481483
0 0.554265625 0.4148796296296296 0.01521875 0.01363888888888889
0 0.571359375 0.4252314814814815 0.015302083333333332 0.013648148148148149
0 0.5955677083333334 0.44099999999999995 0.017958333333333333 0.01875925925925926
0 0.6274583333333333 0.4728148148148148 0.020125 0.021453703703703704
0 0.6409895833333333 0.49623148148148144 0.018281250000000002 0.022314814814814815
0 0.6655520833333333 0.5359537037037038 0.020234375000000002 0.023592592592592592
0 0.7004010416666666 0.5961759259259259 0.01971875 0.023342592592592592
0 0.6862604166666666 0.578675925925926 0.017947916666666668 0.02627777777777778
0 0.67815625 0.563824074074074 0.015963541666666668 0.02185185185185185
0 0.7070208333333333 0.6182129629629629 0.019411458333333336 0.023740740740740743
0 0.8724427083333333 0.9275462962962963 0.0269375 0.044675925925925924
0 0.6547916666666667 0.908037037037037 0.024838541666666665 0.056240740740740744
0 0.6725989583333334 0.9417222222222221 0.02359375 0.04306481481481481
0 0.68725 0.898824074074074 0.021864583333333333 0.03782407407407407
0 0.6676979166666667 0.8502222222222222 0.022197916666666664 0.04290740740740741
0 0.6497395833333334 0.8238425925925926 0.028317708333333334 0.05107407407407407
0 0.6054270833333334 0.8081203703703703 0.019859375000000002 0.03227777777777778
0 0.6226302083333334 0.8358888888888889 0.021296875 0.05012962962962963
0 0.6297864583333334 0.7774629629629629 0.019442708333333333 0.03417592592592592
0 0.581359375 0.7582129629629629 0.017630208333333335 0.03362037037037037
0 0.567078125 0.6923888888888888 0.014932291666666668 0.026101851851851852
0 0.5491458333333333 0.707287037037037 0.016567708333333334 0.02946296296296296
0 0.5357760416666667 0.6437407407407407 0.016989583333333332 0.025361111111111112
0 0.5231770833333333 0.673537037037037 0.011838541666666667 0.03324074074074074
0 0.5112864583333333 0.6548425925925926 0.015213541666666667 0.030324074074074073
0 0.5358593749999999 0.6793888888888889 0.010687499999999999 0.02999074074074074
0 0.48925520833333336 0.6351851851851852 0.0060625 0.02162962962962963
0 0.494171875 0.6086018518518518 0.009427083333333334 0.02061111111111111
0 0.5050520833333334 0.6179907407407407 0.014718750000000001 0.012953703703703703
0 0.5584583333333334 0.6729814814814815 0.01653125 0.021777777777777778
0 0.6065572916666666 0.7415555555555555 0.017322916666666667 0.022129629629629628
0 0.5903333333333334 0.7242592592592593 0.0161875 0.02662037037037037
0 0.602625 0.7800833333333334 0.020723958333333334 0.03481481481481482
0 0.6434270833333334 0.8840833333333333 0.019567708333333333 0.04338888888888889
0 0.43142708333333335 0.5725 0.017135416666666667 0.02515740740740741
0 0.39726041666666667 0.5545185185185185 0.026390625 0.03697222222222222
0 0.28497395833333333 0.3186574074074074 0.011520833333333334 0.015509259259259259
0 0.380453125 0.520824074074074 0.029078125 0.04557407407407407