1 0.4433020833333333 0.967712962962963 0.028755208333333334 0.04453703703703704
1 0.20726041666666667 0.3389351851851852 0.010666666666666666 0.021972222222222223
1 0.3865885416666667 0.7305092592592592 0.01834375 0.031712962962962964
1 0.22491145833333331 0.54225 0.016817708333333334 0.025972222222222223
0 0.5028385416666666 0.6311666666666667 0.032765625 0.06046296296296296
1 0.1916145833333333 0.4807962962962963 0.004005208333333334 0.024074074074074074
1 0.20413020833333334 0.9314537037037037 0.008364583333333333 0.025472222222222222
1 0.20391145833333332 0.9637870370370372 0.009541666666666667 0.03360185185185185
1 0.215 0.4824907407407408 0.007744791666666666 0.017425925925925925
1 0.21882291666666667 0.4566574074074074 0.010755208333333332 0.010018518518518519
0 0.2618958333333333 0.2329166666666667 0.006822916666666666 0.013222222222222222
1 0.18284895833333334 0.28600925925925924 0.004473958333333333 0.01262962962962963
1 0.19317708333333333 0.27255555555555555 0.00371875 0.012055555555555555
0 0.2708697916666667 0.29438888888888887 0.004130208333333333 0.015231481481481481
1 0.4669947916666667 0.993712962962963 0.007463541666666667 0.012444444444444444
1 0.193 0.767462962962963 0.004598958333333333 0.028425925925925924
1 0.20385416666666664 0.9779907407407408 0.008864583333333334 0.02999074074074074
0 0.473234375 0.378712962962963 0.024947916666666667 0.02735185185185185
0 0.320234375 0.32946296296296296 0.004171875 0.012574074074074074
1 0.19945833333333332 0.6721944444444444 0.007625000000000001 0.031175925925925926
1 0.197296875 0.5721851851851852 0.006526041666666666 0.027185185185185184
1 0.19827083333333334 0.5343425925925926 0.007401041666666667 0.02573148148148148
1 0.18640104166666666 0.3531666666666667 0.012567708333333334 0.024037037037037037
1 0.49218229166666666 0.842462962962963 0.010697916666666666 0.03485185185185185
1 0.3696145833333333 0.6523240740740741 0.02726041666666667 0.060620370370370366
0 0.6296458333333333 0.48604629629629625 0.015322916666666667 0.023472222222222224
0 0.5905989583333333 0.4405925925925926 0.016526041666666668 0.022296296296296293
0 0.6052135416666666 0.43648148148148147 0.004869791666666666 0.02050925925925926
0 0.6150729166666667 0.4469814814814815 0.005171875 0.017287037037037038
0 0.6307552083333333 0.4552685185185185 0.00390625 0.01990740740740741
0 0.7988125 0.7393425925925926 0.006244791666666667 0.038407407407407404
0 0.8797708333333334 0.941574074074074 0.01769270833333333 0.03723148148148148
0 0.33477604166666663 0.3311851851851852 0.004765625 0.014435185185185185
0 0.2525364583333333 0.29014814814814816 0.010067708333333333 0.015537037037037038
0 0.24247916666666666 0.2112962962962963 0.005901041666666666 0.013444444444444445
0 0.24430208333333334 0.1811111111111111 0.006401041666666666 0.01611111111111111
0 0.25726041666666666 0.19812037037037036 0.0032916666666666667 0.011907407407407406
1 0.19793229166666665 0.23884259259259258 0.008104166666666668 0.014555555555555556