1 0.18773437499999998 0.7591203703703704 0.007703125 0.032407407407407406
1 0.21122916666666666 0.7620925925925925 0.008624999999999999 0.03715740740740741
1 0.20037500000000003 0.8083055555555556 0.0076614583333333335 0.03203703703703704
1 0.18330729166666665 0.9312037037037038 0.010354166666666666 0.026787037037037036
1 0.20140104166666667 0.9542870370370371 0.009677083333333333 0.03623148148148148
1 0.191203125 0.984037037037037 0.006510416666666667 0.03191666666666666
1 0.24242708333333332 0.9567962962962963 0.024291666666666666 0.046064814814814815
1 0.21340625 0.6793055555555555 0.00665625 0.03050925925925926
1 0.20059895833333333 0.659074074074074 0.005171875 0.02978703703703704
1 0.191859375 0.6202222222222222 0.0057239583333333335 0.02312037037037037
1 0.208328125 0.6191666666666668 0.004619791666666666 0.025833333333333333
1 0.20423958333333334 0.5940462962962964 0.006848958333333334 0.021342592592592594
1 0.1850052083333333 0.5560925925925926 0.005208333333333333 0.027314814814814816
1 0.19523437500000002 0.5332870370370371 0.005093749999999999 0.02673148148148148
1 0.19303125000000002 0.4757407407407407 0.006776041666666666 0.02312962962962963
1 0.19225 0.4295555555555556 0.005213541666666667 0.018657407407407407
1 0.19741666666666668 0.4000370370370371 0.005385416666666667 0.01862962962962963
1 0.20916666666666667 0.3924259259259259 0.005864583333333334 0.016648148148148148
1 0.190484375 0.3700185185185185 0.004395833333333333 0.016388888888888887
1 0.20201041666666666 0.37025 0.0044218750000000005 0.01925
1 0.21067708333333332 0.36640740740740746 0.0046614583333333326 0.017324074074074075
1 0.18225 0.3378240740740741 0.003927083333333334 0.020425925925925924
1 0.197 0.33032407407407405 0.004223958333333333 0.01900925925925926
1 0.18719791666666669 0.308 0.004953125 0.017027777777777777
1 0.17878645833333331 0.291787037037037 0.0029166666666666664 0.01611111111111111
1 0.18205208333333334 0.30033333333333334 0.0031927083333333334 0.01809259259259259
1 0.19849479166666667 0.31195370370370373 0.004604166666666667 0.016277777777777776
1 0.18282291666666667 0.27985185185185185 0.00403125 0.012703703703703705
1 0.18766666666666668 0.281787037037037 0.0040104166666666665 0.014657407407407407
1 0.19655729166666666 0.2859537037037037 0.00221875 0.010638888888888889
1 0.19103645833333335 0.26678703703703704 0.0028385416666666667 0.01125
1 0.19797395833333334 0.2659166666666667 0.010171875 0.013212962962962963
1 0.17934375 0.2660648148148148 0.009239583333333332 0.01475
1 0.18788020833333335 0.2643240740740741 0.0026718749999999998 0.012490740740740741
0 0.24519270833333331 0.19804629629629628 0.009828125 0.012546296296296297
0 0.24419270833333334 0.24489814814814817 0.010052083333333333 0.012027777777777778
0 0.24604687500000003 0.2722685185185185 0.007604166666666666 0.013898148148148147
0 0.24678125 0.2572314814814815 0.008734374999999999 0.009944444444444445
0 0.2538489583333333 0.2941851851851852 0.012265625 0.019425925925925926
0 0.3166041666666667 0.3290648148148148 0.018791666666666665 0.01988888888888889
0 0.42452083333333335 0.3619907407407407 0.015802083333333335 0.022527777777777775
0 0.4407447916666667 0.36614814814814817 0.005515625 0.018694444444444444
0 0.6218020833333333 0.4483333333333333 0.005541666666666667 0.023194444444444445
0 0.6293124999999999 0.47410185185185183 0.018072916666666668 0.027925925925925927
0 0.7209010416666667 0.5707129629629629 0.006119791666666667 0.02603703703703704
0 0.5294479166666667 0.7012129629629629 0.03558854166666667 0.07196296296296296
0 0.5241354166666666 0.6438981481481482 0.016765625 0.027925925925925927
0 0.49096354166666667 0.642462962962963 0.021526041666666666 0.05114814814814815
0 0.432875 0.5813981481481482 0.025062499999999998 0.04335185185185185
0 0.4065729166666667 0.5621666666666667 0.02246875 0.05936111111111111
0 0.3876458333333333 0.5313240740740741 0.026046875 0.05598148148148148
1 0.43150520833333333 0.879175925925926 0.02499479166666667 0.04192592592592593
1 0.406375 0.8216944444444444 0.022614583333333334 0.04075925925925926
1 0.43207812500000004 0.7651481481481481 0.020760416666666667 0.03284259259259259
1 0.398984375 0.7864166666666667 0.02342708333333333 0.03139814814814815
1 0.382359375 0.7976296296296297 0.007927083333333333 0.03088888888888889
1 0.426 0.7368425925925925 0.019359375 0.03362037037037037
1 0.39514062499999997 0.7515555555555555 0.021661458333333335 0.03242592592592593
1 0.3680572916666666 0.7309166666666667 0.007234375 0.03228703703703704
1 0.3995520833333333 0.7125740740740741 0.0057395833333333335 0.031935185185185185
1 0.39486458333333335 0.6129722222222223 0.016265625 0.02875
1 0.3714010416666667 0.6874907407407408 0.030114583333333333 0.06687037037037037
1 0.406109375 0.6689074074074074 0.03391666666666667 0.08324074074074074
1 0.35253125 0.6111574074074073 0.028416666666666666 0.050944444444444445
1 0.3593958333333333 0.5926481481481481 0.02815625 0.05025
1 0.3320625 0.6066851851851852 0.01975 0.05538888888888889
0 0.37005208333333334 0.49847222222222226 0.023421874999999998 0.05056481481481481