1 0.41239062499999996 0.6939351851851853 0.038421875 0.0864074074074074
1 0.190203125 0.3691759259259259 0.006182291666666667 0.01859259259259259
1 0.4330989583333333 0.9320370370370371 0.027291666666666665 0.03362962962962963
1 0.42124999999999996 0.7054351851851852 0.036270833333333335 0.06334259259259259
1 0.3706770833333334 0.6893796296296296 0.011864583333333335 0.025287037037037035
1 0.18619791666666666 0.5978703703703704 0.004760416666666667 0.023425925925925926
1 0.19461979166666668 0.49133333333333334 0.005604166666666666 0.026481481481481484
0 0.9009166666666667 0.8794351851851852 0.008234375 0.029722222222222223
0 0.8749635416666667 0.9313240740740741 0.025807291666666666 0.04601851851851852
0 0.749703125 0.6256944444444444 0.00628125 0.02761111111111111
0 0.7065312499999999 0.5743333333333334 0.007942708333333333 0.02987962962962963
0 0.6825052083333334 0.5319074074074075 0.007947916666666667 0.023240740740740742
0 0.6699479166666666 0.5127037037037038 0.006567708333333333 0.02085185185185185
0 0.47772916666666665 0.3779074074074074 0.0048125 0.012703703703703705
0 0.5251302083333333 0.3963796296296296 0.0064062500000000005 0.010527777777777777
1 0.27511979166666667 0.3015277777777778 0.010651041666666666 0.014314814814814815
1 0.38364583333333335 0.4895 0.01696354166666667 0.043416666666666666
1 0.44946875000000003 0.5701666666666666 0.011973958333333333 0.0205