0 0.5887760416666666 0.8102407407407407 0.038593749999999996 0.054231481481481485
1 0.400875 0.7715740740740741 0.02852604166666667 0.03283333333333333
1 0.42177604166666666 0.8447777777777777 0.025697916666666668 0.04100925925925926
0 0.551109375 0.7210092592592593 0.04257291666666666 0.041249999999999995
1 0.235234375 0.726462962962963 0.024026041666666668 0.022287037037037036
0 0.6127447916666667 0.8584814814814814 0.043812500000000004 0.049101851851851855
1 0.23502083333333335 0.7395185185185185 0.018890625 0.01936111111111111
0 0.60615625 0.7543148148148148 0.03184375 0.06301851851851852
1 0.20830208333333333 0.3214074074074074 0.008671874999999999 0.014148148148148148
0 0.5682239583333334 0.7674074074074073 0.043432291666666664 0.04986111111111111
1 0.192453125 0.5868333333333333 0.004875 0.022129629629629628
1 0.21494791666666666 0.37030555555555555 0.011963541666666666 0.014046296296296296
1 0.41473958333333333 0.6970833333333334 0.03480208333333333 0.08069444444444444
1 0.19033854166666667 0.7361666666666666 0.007171874999999999 0.022787037037037036
1 0.4467552083333333 0.9794351851851851 0.023057291666666667 0.03537037037037037
1 0.22468229166666667 0.5893333333333334 0.01718229166666667 0.027
1 0.3759427083333333 0.693925925925926 0.015609375 0.020074074074074074
1 0.19107812500000002 0.5025000000000001 0.005442708333333333 0.026935185185185184
0 0.6583802083333333 0.9748981481481482 0.0468125 0.0502037037037037
0 0.5038697916666667 0.6616481481481482 0.028 0.03415740740740741
1 0.21240625 0.6456759259259259 0.008630208333333333 0.023166666666666665
1 0.375953125 0.7145 0.015755208333333333 0.014462962962962962
1 0.3673541666666667 0.582462962962963 0.010072916666666666 0.016833333333333332
1 0.19285416666666666 0.9281388888888888 0.005057291666666667 0.022537037037037036
0 0.7164322916666667 0.5757314814814815 0.007197916666666667 0.025212962962962965
1 0.20542708333333334 0.3916296296296296 0.005317708333333334 0.021592592592592594
0 0.7419270833333333 0.6216388888888889 0.004880208333333333 0.028777777777777777
0 0.8330468750000001 0.7944537037037037 0.0073750000000000005 0.031703703703703706
0 0.8769270833333334 0.8403240740740741 0.008515625 0.034305555555555554
0 0.902203125 0.8859074074074074 0.005401041666666666 0.03400925925925925
0 0.8694427083333333 0.9263796296296296 0.03066666666666667 0.04548148148148148
1 0.35755729166666667 0.6379814814814815 0.025447916666666667 0.058
1 0.19652604166666665 0.6281944444444445 0.008166666666666666 0.02914814814814815
1 0.21027083333333335 0.7510370370370371 0.007979166666666667 0.030546296296296297
1 0.21111458333333333 0.9937962962962963 0.010479166666666668 0.012416666666666666
1 0.22020833333333334 0.43339814814814814 0.015567708333333334 0.02662962962962963
1 0.189546875 0.4013333333333333 0.0074062500000000005 0.032907407407407406
0 0.24549479166666668 0.2059351851851852 0.008932291666666667 0.012962962962962963
0 0.2473125 0.26066666666666666 0.011067708333333334 0.013379629629629628
0 0.27464062499999997 0.2894351851851852 0.005515625 0.01573148148148148
0 0.26761979166666666 0.272537037037037 0.005682291666666667 0.015175925925925926
0 0.24905208333333334 0.2806574074074074 0.006395833333333333 0.012148148148148148
0 0.256875 0.2868148148148148 0.004208333333333333 0.013824074074074074
0 0.27838541666666666 0.31569444444444444 0.011510416666666667 0.010416666666666666
0 0.38572395833333334 0.351712962962963 0.009276041666666667 0.009314814814814816
0 0.6684218749999999 0.8544351851851851 0.024963541666666665 0.04409259259259259