1 0.4976770833333333 0.8346111111111111 0.04058854166666667 0.12962037037037039
1 0.4208177083333334 0.8318425925925926 0.010125 0.03533333333333333
1 0.450625 0.7687592592592593 0.009942708333333333 0.035944444444444446
1 0.402890625 0.8096481481481481 0.009536458333333333 0.04025
1 0.37515104166666663 0.6824259259259259 0.007171874999999999 0.026685185185185187
1 0.34459375 0.6463425925925925 0.0061875 0.031990740740740736
1 0.3420520833333333 0.613712962962963 0.016161458333333333 0.02447222222222222
1 0.3880572916666667 0.5946851851851852 0.005171875 0.02163888888888889
1 0.21494791666666666 0.9671759259259259 0.009057291666666667 0.03837037037037037
1 0.18923437499999998 0.8234351851851851 0.008197916666666668 0.039657407407407405
1 0.19427083333333334 0.6466203703703703 0.008416666666666666 0.03958333333333333
1 0.21396874999999999 0.617712962962963 0.008786458333333334 0.02949074074074074
1 0.20471354166666667 0.5547777777777777 0.006552083333333333 0.026333333333333334
1 0.19791145833333335 0.5376851851851853 0.005895833333333334 0.02173148148148148
1 0.18464583333333331 0.48763888888888884 0.005489583333333333 0.025879629629629627
1 0.18306770833333333 0.44337037037037036 0.0062656249999999995 0.028907407407407406
1 0.20509895833333333 0.3819166666666667 0.006890625 0.024305555555555556
1 0.21859375 0.38842592592592595 0.008526041666666668 0.023240740740740742
1 0.18646875 0.3336574074074074 0.005291666666666667 0.01512962962962963
1 0.207421875 0.3492962962962963 0.008369791666666666 0.01824074074074074
0 0.36541666666666667 0.3444074074074074 0.02225 0.02173148148148148
0 0.441984375 0.3687037037037037 0.023093750000000003 0.020685185185185185
0 0.43571875000000004 0.5683148148148148 0.019119791666666667 0.045314814814814815
0 0.40670833333333334 0.5244537037037037 0.022838541666666667 0.05224074074074074