1 0.40114062500000003 0.7491203703703704 0.032567708333333334 0.026296296296296293
1 0.43477604166666667 0.7781203703703704 0.027395833333333335 0.02451851851851852
1 0.45505208333333336 0.8651851851851852 0.028479166666666667 0.036703703703703704
1 0.22959374999999999 0.6765277777777777 0.02003125 0.02052777777777778
1 0.23878645833333334 0.9671481481481481 0.03188020833333333 0.03167592592592593
1 0.382734375 0.6106759259259259 0.03635416666666667 0.03142592592592593
1 0.531328125 0.9610555555555556 0.055760416666666666 0.0778888888888889
0 0.6298645833333333 0.778425925925926 0.025348958333333334 0.02775925925925926
0 0.5152916666666667 0.6978055555555556 0.03000520833333333 0.030555555555555555
1 0.4257447916666666 0.7211851851851852 0.029776041666666666 0.03122222222222222
0 0.60709375 0.789712962962963 0.026942708333333332 0.028314814814814813
1 0.40005729166666665 0.7837314814814814 0.0204375 0.023657407407407408
0 0.6357239583333333 0.9607962962962964 0.032385416666666667 0.034694444444444444
0 0.598828125 0.8285370370370371 0.04157291666666666 0.04948148148148148
0 0.6236406250000001 0.8197037037037037 0.023223958333333336 0.019203703703703702
1 0.358609375 0.6379074074074075 0.04277604166666667 0.03345370370370371
1 0.383984375 0.6945092592592593 0.032963541666666665 0.03025925925925926
1 0.18860416666666666 0.3821111111111111 0.008020833333333333 0.015833333333333335
1 0.21617708333333333 0.42710185185185184 0.012661458333333332 0.02171296296296296
0 0.6625520833333333 0.8481759259259259 0.028151041666666664 0.036361111111111115
0 0.648515625 0.813 0.02796875 0.02850925925925926
0 0.6246197916666667 0.929324074074074 0.021317708333333334 0.02477777777777778
0 0.6784427083333333 0.9478148148148148 0.029197916666666667 0.029962962962962962
0 0.627640625 0.8515092592592592 0.022744791666666667 0.02540740740740741
1 0.19059895833333332 0.48221296296296295 0.005859375 0.014518518518518517
1 0.22289062499999998 0.45711111111111113 0.017572916666666667 0.014342592592592593
1 0.19271875 0.8348703703703704 0.00946875 0.02387962962962963
1 0.37606249999999997 0.6892962962962963 0.02821875 0.02176851851851852
1 0.19160416666666666 0.36630555555555555 0.004302083333333333 0.01738888888888889
1 0.19083854166666667 0.7449074074074075 0.005057291666666667 0.02050925925925926
0 0.595640625 0.7193518518518518 0.023119791666666667 0.02209259259259259
0 0.6979166666666666 0.9040277777777778 0.03194270833333333 0.02763888888888889
1 0.20741145833333335 0.8083055555555556 0.007078125 0.020462962962962964
0 0.6782864583333333 0.8744444444444445 0.03392708333333334 0.03746296296296296
0 0.24407291666666667 0.24262962962962964 0.01 0.011916666666666666
0 0.24203645833333332 0.24409259259259258 0.006848958333333334 0.014555555555555556
0 0.6117552083333333 0.761 0.01846354166666667 0.026472222222222223
0 0.6930520833333333 0.9768888888888888 0.026427083333333334 0.03684259259259259
0 0.69959375 0.9136666666666666 0.031614583333333335 0.03274074074074074
0 0.642515625 0.8797962962962963 0.023166666666666665 0.027472222222222224
0 0.6343697916666666 0.7875555555555555 0.024026041666666668 0.02564814814814815
1 0.4059427083333333 0.7083148148148148 0.01603125 0.02115740740740741
1 0.39818749999999997 0.6674722222222222 0.02890104166666667 0.022351851851851852
1 0.1822760416666667 0.3872222222222222 0.004416666666666667 0.020638888888888887
0 0.6619062499999999 0.9263703703703704 0.030708333333333334 0.0287962962962963
0 0.5674843749999999 0.6991018518518518 0.01727604166666667 0.01923148148148148
0 0.573546875 0.776074074074074 0.037265625 0.035444444444444445
0 0.62896875 0.4895092592592592 0.02034375 0.01902777777777778
1 0.38974479166666665 0.7282222222222222 0.024166666666666666 0.01661111111111111
0 0.6863958333333334 0.889425925925926 0.029390625 0.02736111111111111
0 0.6631458333333333 0.543574074074074 0.017572916666666667 0.019675925925925927
1 0.40249479166666663 0.7607777777777778 0.029432291666666666 0.035166666666666666
1 0.20122916666666668 0.7001666666666666 0.006145833333333334 0.03158333333333333
1 0.197296875 0.5376296296296296 0.007072916666666667 0.025574074074074075
1 0.203015625 0.4992037037037037 0.005317708333333334 0.02426851851851852
0 0.733171875 0.6775277777777778 0.010359375 0.02486111111111111
0 0.8614322916666667 0.917962962962963 0.016723958333333334 0.033
0 0.8718802083333334 0.9414259259259259 0.019072916666666665 0.03113888888888889
0 0.7276875 0.6572037037037036 0.012739583333333334 0.0247962962962963
0 0.7092916666666667 0.63 0.012776041666666666 0.01662037037037037
0 0.7026718750000001 0.6173888888888889 0.01503125 0.026212962962962962
0 0.6891197916666666 0.5872777777777778 0.013645833333333333 0.017425925925925925
0 0.6780364583333333 0.5718703703703704 0.014270833333333333 0.021953703703703704
0 0.6454895833333333 0.5096944444444444 0.0140625 0.02075
0 0.6316041666666667 0.48656481481481484 0.015520833333333334 0.027472222222222224
0 0.6009947916666667 0.4463888888888889 0.021520833333333333 0.020907407407407406
0 0.5918645833333334 0.4392314814814815 0.01786979166666667 0.022175925925925925
0 0.5740729166666667 0.42916666666666664 0.014729166666666666 0.019203703703703702
0 0.5553958333333333 0.41759259259259257 0.012453125 0.015277777777777777
0 0.53778125 0.40775 0.01375 0.01637962962962963
0 0.5229635416666667 0.39981481481481485 0.009260416666666667 0.011944444444444445
0 0.4097135416666667 0.3550092592592593 0.021249999999999998 0.018453703703703705
0 0.44811979166666666 0.3688888888888889 0.015057291666666667 0.016592592592592593
0 0.46998958333333335 0.3782962962962963 0.015536458333333333 0.016703703703703703
0 0.430453125 0.3638148148148148 0.015963541666666668 0.021518518518518517
0 0.3369375 0.3338055555555555 0.015692708333333333 0.016046296296296295
0 0.30096875 0.32212037037037033 0.0133125 0.012944444444444444
0 0.24374479166666668 0.2252777777777778 0.007583333333333333 0.014101851851851852
0 0.2431875 0.269037037037037 0.014276041666666666 0.01225
0 0.24186458333333333 0.25686111111111115 0.014583333333333334 0.008166666666666668
0 0.24881250000000002 0.29170370370370374 0.017354166666666667 0.008231481481481482
0 0.24528125 0.2826296296296296 0.013307291666666667 0.009296296296296296
0 0.25676041666666666 0.30144444444444446 0.013140625 0.006407407407407408
0 0.267453125 0.30816666666666664 0.011927083333333333 0.008416666666666666
0 0.278296875 0.31080555555555556 0.0089375 0.007462962962962964
0 0.261234375 0.23671296296296296 0.005161458333333333 0.012046296296296296
0 0.2561041666666667 0.22373148148148148 0.0033750000000000004 0.012564814814814815
0 0.25635416666666666 0.20858333333333334 0.0027031250000000002 0.011888888888888888
0 0.26115625000000003 0.20674074074074075 0.003244791666666667 0.01237037037037037
0 0.25171354166666665 0.20249999999999999 0.003942708333333334 0.009083333333333334
0 0.2549270833333333 0.2510648148148148 0.0039375 0.012157407407407408
0 0.262609375 0.2531111111111111 0.002640625 0.008972222222222222
0 0.26483333333333337 0.25781481481481483 0.0037239583333333335 0.008509259259259258
0 0.261421875 0.27823148148148147 0.00290625 0.010907407407407407
0 0.2670416666666667 0.26794444444444443 0.0028072916666666667 0.007990740740740741
0 0.2646354166666667 0.28941666666666666 0.005234375 0.00625
0 0.26616666666666666 0.2811388888888889 0.003390625 0.0073518518518518525
0 0.2746510416666667 0.2836666666666667 0.0036666666666666666 0.006175925925925926
0 0.31229687500000003 0.26585185185185184 0.007572916666666666 0.01025925925925926
0 0.312890625 0.27773148148148147 0.009520833333333334 0.010851851851851852
0 0.31485416666666666 0.2903888888888889 0.010130208333333333 0.00937962962962963
0 0.312640625 0.3003888888888889 0.010817708333333334 0.008935185185185185
0 0.3324166666666667 0.30450925925925926 0.011276041666666665 0.011277777777777777
0 0.3296145833333333 0.29493518518518513 0.008989583333333334 0.010287037037037037
0 0.33034895833333333 0.2843981481481481 0.009697916666666667 0.011472222222222222
0 0.328578125 0.2725185185185185 0.006411458333333333 0.011796296296296296
0 0.32451041666666663 0.26366666666666666 0.010026041666666667 0.009083333333333334
0 0.32106770833333337 0.2541111111111111 0.007484375 0.0095
0 0.31660937499999997 0.24735185185185185 0.006489583333333334 0.009601851851851851
0 0.3169583333333333 0.2489351851851852 0.007447916666666667 0.011861111111111112
0 0.27907291666666667 0.2223240740740741 0.010619791666666666 0.012240740740740741
0 0.27565104166666665 0.2071296296296296 0.012973958333333334 0.011824074074074074
0 0.3096041666666667 0.2559166666666667 0.012661458333333332 0.014472222222222223
0 0.3040677083333333 0.2473703703703704 0.010270833333333333 0.01735185185185185
0 0.40243229166666666 0.49446296296296294 0.012494791666666666 0.019462962962962963
0 0.3930677083333334 0.4818425925925926 0.014442708333333333 0.022583333333333334
0 0.3891458333333333 0.4735185185185185 0.014026041666666666 0.01912962962962963
0 0.38288541666666664 0.46146296296296296 0.013869791666666666 0.020990740740740744
0 0.3750104166666667 0.44775925925925925 0.011604166666666667 0.02234259259259259
0 0.3691510416666667 0.43744444444444447 0.015390625 0.020101851851851853
0 0.364078125 0.42418518518518517 0.008390625 0.016759259259259262
0 0.375125 0.4868333333333333 0.010932291666666667 0.01538888888888889
0 0.370640625 0.47890740740740745 0.012302083333333333 0.01990740740740741
0 0.36944270833333337 0.46931481481481485 0.010364583333333333 0.018712962962962962
0 0.353375 0.4372037037037037 0.010135416666666668 0.012833333333333332
0 0.3484375 0.4302037037037037 0.012630208333333334 0.015212962962962963
0 0.3492864583333333 0.4242870370370371 0.017244791666666665 0.016175925925925923
0 0.345890625 0.4158888888888889 0.015182291666666665 0.016962962962962964
0 0.33777604166666664 0.38881481481481484 0.010192708333333333 0.021953703703703704
0 0.359375 0.40917592592592594 0.007755208333333334 0.01112037037037037
0 0.35284895833333335 0.4023981481481481 0.01021875 0.011962962962962963
0 0.350546875 0.3927962962962963 0.011682291666666667 0.013527777777777777
0 0.49483333333333335 0.6524814814814814 0.02465625 0.045203703703703704
0 0.6136145833333334 0.8849537037037037 0.026598958333333332 0.055574074074074074