1 0.5362708333333334 0.9642870370370371 0.056093750000000005 0.07143518518518518
1 0.43540104166666665 0.7691574074074075 0.025234375 0.03574074074074074
1 0.44825 0.9453703703703704 0.0311875 0.05009259259259259
1 0.38541145833333335 0.7291574074074074 0.022015625 0.025212962962962965
1 0.4350833333333333 0.8164166666666667 0.024515625 0.03726851851851852
1 0.22975 0.6202592592592593 0.023958333333333335 0.027333333333333334
1 0.35428645833333333 0.6220648148148149 0.03136979166666667 0.039907407407407405
0 0.375734375 0.4738425925925926 0.025890625 0.03864814814814815
1 0.20810937499999999 0.5194814814814814 0.007729166666666666 0.02388888888888889
0 0.49390625 0.3924722222222222 0.017401041666666665 0.01500925925925926
1 0.18249479166666666 0.5925185185185184 0.006609375 0.028981481481481483
1 0.18480208333333334 0.4137777777777778 0.00471875 0.02087962962962963
1 0.18789583333333332 0.39487962962962964 0.01669270833333333 0.024203703703703703
1 0.20275520833333335 0.39388888888888884 0.00378125 0.020916666666666667
1 0.21440104166666665 0.4029074074074074 0.013390625 0.020972222222222222
1 0.18482291666666667 0.3274444444444444 0.004760416666666667 0.016481481481481482
1 0.17820833333333336 0.29110185185185183 0.0038177083333333335 0.01574074074074074
1 0.18565625 0.2853703703703704 0.005854166666666666 0.017564814814814814
0 0.41856770833333334 0.3562314814814815 0.006223958333333333 0.018824074074074073
0 0.7509010416666667 0.6246759259259259 0.0054375 0.025212962962962965
0 0.7553697916666666 0.6538425925925926 0.006588541666666667 0.02691666666666667
0 0.8677864583333333 0.8265925925925927 0.007270833333333334 0.0347037037037037
0 0.25987499999999997 0.26178703703703704 0.0025833333333333333 0.010611111111111111
0 0.271375 0.2970555555555556 0.0034791666666666664 0.01711111111111111
0 0.27628125000000003 0.290962962962963 0.0038333333333333336 0.015379629629629629
0 0.26402604166666666 0.25001851851851853 0.002682291666666667 0.011814814814814814
0 0.30786979166666667 0.3218888888888889 0.0065625 0.014148148148148148
0 0.3263802083333333 0.32778703703703704 0.005776041666666666 0.016425925925925924