0 0.6207291666666667 0.8974166666666668 0.05003645833333333 0.11417592592592593
0 0.8348489583333334 0.7762129629629629 0.012281249999999999 0.045009259259259256
0 0.6809427083333334 0.5708425925925926 0.017718750000000002 0.041805555555555554
0 0.6130781249999999 0.4406759259259259 0.0063750000000000005 0.022296296296296293
0 0.5637395833333334 0.4128981481481482 0.00603125 0.021138888888888888
0 0.4874114583333334 0.3801851851851852 0.0077239583333333335 0.017083333333333332
0 0.2786666666666667 0.31400925925925927 0.004427083333333333 0.010925925925925926
0 0.2882604166666667 0.3139722222222222 0.004729166666666667 0.010851851851851852
0 0.24886979166666665 0.2653240740740741 0.009958333333333335 0.016592592592592593
1 0.47102083333333333 0.8555648148148148 0.027036458333333332 0.05437037037037037
1 0.4008333333333333 0.789611111111111 0.023432291666666667 0.03937962962962963
1 0.4032864583333333 0.6916296296296297 0.017921874999999997 0.029824074074074076
1 0.41630729166666663 0.837537037037037 0.010098958333333333 0.04030555555555556
1 0.4145729166666667 0.6444351851851852 0.009223958333333334 0.024592592592592593
1 0.18961458333333334 0.9217037037037038 0.006067708333333334 0.01596296296296296
1 0.211 0.844388888888889 0.00715625 0.028537037037037038
1 0.21066666666666667 0.7975555555555556 0.007791666666666667 0.028657407407407406
1 0.19074479166666666 0.7704907407407408 0.008979166666666667 0.03241666666666666
1 0.21041666666666667 0.756074074074074 0.009640625000000002 0.032518518518518516
1 0.23348958333333333 0.7333703703703703 0.02015625 0.034574074074074077
1 0.20526041666666667 0.6776203703703704 0.010182291666666668 0.035388888888888886
1 0.20272395833333334 0.62975 0.006234375 0.0287962962962963
1 0.18828645833333332 0.6067407407407407 0.006666666666666667 0.023018518518518518
1 0.1861875 0.5856481481481481 0.007020833333333334 0.023944444444444445
1 0.20274479166666665 0.5883518518518518 0.008052083333333333 0.025055555555555553
1 0.23165104166666667 0.5810740740740741 0.016552083333333335 0.033324074074074075
1 0.22680208333333332 0.5495092592592593 0.01921875 0.029231481481481483
1 0.18766666666666668 0.5417777777777778 0.006729166666666666 0.021879629629629627
1 0.22076041666666668 0.48774074074074075 0.018859375 0.03189814814814815
1 0.20016145833333335 0.5139074074074074 0.005401041666666666 0.024592592592592593
1 0.19279166666666667 0.4880462962962963 0.0065625 0.026712962962962963
1 0.18870833333333334 0.44392592592592595 0.004901041666666666 0.01952777777777778
1 0.20079166666666665 0.4333148148148148 0.005619791666666666 0.017898148148148146
1 0.21369791666666668 0.42162037037037037 0.00734375 0.016990740740740744
1 0.183046875 0.3932777777777778 0.005307291666666667 0.020120370370370372
1 0.190953125 0.37489814814814815 0.006234375 0.018962962962962963
1 0.19563020833333333 0.3533611111111111 0.0037708333333333335 0.021324074074074075
1 0.190484375 0.3321296296296296 0.004546875000000001 0.017074074074074075
1 0.20636979166666666 0.3303425925925926 0.0060104166666666665 0.02160185185185185
1 0.18267708333333335 0.33284259259259263 0.003911458333333334 0.020814814814814814
1 0.18855729166666665 0.3069074074074074 0.005255208333333333 0.017555555555555557
1 0.20373958333333334 0.3096203703703704 0.006713541666666667 0.01950925925925926