1 0.20703645833333334 0.35405555555555557 0.0044218750000000005 0.019435185185185184
1 0.4640416666666667 0.8867037037037037 0.021687500000000002 0.03851851851851852
1 0.376890625 0.699824074074074 0.013734375 0.016453703703703703
0 0.6472187500000001 0.8884629629629629 0.035359375 0.06325925925925925
0 0.6940000000000001 0.582712962962963 0.022494791666666666 0.04530555555555556
0 0.67253125 0.9574444444444444 0.048265625 0.0834537037037037
1 0.21891145833333334 0.6097962962962963 0.006067708333333334 0.026250000000000002
0 0.24358854166666666 0.2697407407407407 0.00653125 0.01660185185185185
1 0.35176562499999997 0.6559537037037036 0.018109375 0.01948148148148148
0 0.399984375 0.36689814814814814 0.013958333333333333 0.016333333333333335
1 0.2170416666666667 0.45829629629629626 0.009942708333333333 0.01274074074074074
1 0.19680208333333335 0.8105277777777777 0.008572916666666668 0.03498148148148148
1 0.19629166666666667 0.6604722222222221 0.010223958333333333 0.029592592592592594
1 0.19532291666666665 0.547787037037037 0.010067708333333333 0.030805555555555558
1 0.2143958333333333 0.553287037037037 0.006145833333333334 0.025953703703703705
1 0.18919270833333332 0.4343333333333333 0.006729166666666666 0.020972222222222222
1 0.1996666666666667 0.3136574074074074 0.0038177083333333335 0.012212962962962962
1 0.1838385416666667 0.30771296296296297 0.005885416666666667 0.014361111111111111
1 0.19164583333333332 0.30669444444444444 0.0040729166666666665 0.017018518518518516
1 0.20917708333333335 0.3032777777777778 0.005046875 0.019046296296296297
0 0.35208333333333336 0.4698888888888889 0.017828124999999997 0.045879629629629624
0 0.37311979166666664 0.456712962962963 0.02755208333333333 0.05162037037037037
0 0.7402916666666666 0.6100833333333333 0.006927083333333334 0.025898148148148146
0 0.7077552083333334 0.556212962962963 0.004765625 0.022685185185185187
0 0.24544791666666665 0.2333148148148148 0.010557291666666666 0.008203703703703703
0 0.39959375 0.4874259259259259 0.016432291666666668 0.022250000000000002
1 0.4170260416666667 0.8599074074074075 0.024401041666666668 0.035777777777777776
1 0.36796354166666667 0.6291203703703704 0.028401041666666668 0.0417037037037037