1 0.23560416666666667 0.7740833333333333 0.028442708333333334 0.04119444444444444
0 0.403078125 0.36815740740740743 0.015776041666666667 0.014814814814814815
1 0.18905729166666668 0.8157037037037037 0.008437499999999999 0.029527777777777778
1 0.18044791666666665 0.4925555555555556 0.006541666666666667 0.01925925925925926
1 0.18334375 0.6481018518518519 0.00484375 0.03227777777777778
1 0.20274999999999999 0.6305185185185186 0.009614583333333334 0.038287037037037036
1 0.19476041666666666 0.7490833333333333 0.009953125 0.03662962962962963
1 0.203640625 0.5620925925925926 0.0043593749999999995 0.03010185185185185
1 0.22047916666666667 0.5588888888888889 0.005989583333333334 0.03294444444444444
1 0.19802083333333334 0.5209999999999999 0.005171875 0.025092592592592593
1 0.19959375000000001 0.4759629629629629 0.005505208333333333 0.025592592592592594
1 0.213234375 0.4808333333333333 0.005432291666666667 0.020935185185185185
1 0.18772395833333333 0.4639722222222222 0.006072916666666667 0.021166666666666667
1 0.21741666666666667 0.4391851851851852 0.01559375 0.01998148148148148
1 0.185828125 0.39501851851851855 0.00575 0.022212962962962962
1 0.19891666666666669 0.39514814814814814 0.008015625 0.0235
1 0.18797916666666667 0.3577685185185185 0.0031093749999999997 0.01976851851851852
1 0.21229166666666668 0.3514722222222222 0.014838541666666667 0.0165
1 0.21018229166666666 0.3354259259259259 0.013364583333333334 0.01625
1 0.19278125 0.33862037037037035 0.006932291666666667 0.019546296296296294
1 0.203515625 0.3004351851851852 0.011026041666666668 0.020370370370370372
1 0.1775260416666667 0.30153703703703705 0.004630208333333333 0.02077777777777778
1 0.18194791666666665 0.31650925925925927 0.005244791666666667 0.016916666666666667
1 0.17660416666666665 0.28181481481481485 0.003677083333333333 0.012518518518518517
1 0.194671875 0.25492592592592594 0.0026614583333333334 0.013694444444444443
1 0.19770312499999998 0.28169444444444447 0.0045625 0.015981481481481482
1 0.19147916666666667 0.30198148148148146 0.008781249999999999 0.02112037037037037
1 0.46416666666666667 0.7444444444444445 0.021651041666666666 0.04122222222222222
1 0.41133333333333333 0.714574074074074 0.021328125 0.03560185185185186
1 0.37109895833333334 0.6920740740740742 0.014703125000000001 0.024342592592592593
1 0.3985208333333333 0.6668611111111111 0.03125 0.06001851851851851
1 0.37740104166666666 0.6313611111111112 0.03534375 0.06623148148148149
1 0.34179166666666666 0.6432222222222221 0.019890625 0.026055555555555557
1 0.359828125 0.585037037037037 0.013182291666666667 0.022407407407407407
1 0.38301562499999997 0.5981481481481481 0.017619791666666666 0.03176851851851852
1 0.33616145833333333 0.6022777777777778 0.021166666666666667 0.04535185185185185
0 0.24889583333333334 0.2826388888888889 0.01696354166666667 0.016981481481481483
0 0.24631250000000002 0.259712962962963 0.015135416666666667 0.009935185185185186
0 0.24614583333333334 0.24426851851851852 0.014984375 0.016342592592592593
0 0.271359375 0.27802777777777776 0.007500000000000001 0.018166666666666668
0 0.242671875 0.13212037037037036 0.007536458333333333 0.014833333333333334
0 0.27063020833333334 0.1374351851851852 0.007536458333333333 0.013916666666666666
0 0.2527083333333333 0.11109259259259259 0.004645833333333333 0.012703703703703705
0 0.252265625 0.09625 0.005255208333333333 0.013194444444444444
0 0.24786458333333333 0.07525925925925926 0.0064375 0.013833333333333333
0 0.26650520833333335 0.08301851851851852 0.010770833333333334 0.026685185185185187
0 0.6066458333333333 0.4469444444444444 0.013536458333333333 0.018712962962962962
0 0.7088333333333333 0.5665370370370371 0.00671875 0.021796296296296296
0 0.7358385416666666 0.612101851851852 0.008177083333333333 0.025537037037037035
0 0.7191614583333333 0.5898425925925925 0.013572916666666665 0.0187037037037037
0 0.8063489583333333 0.7965092592592593 0.027994791666666668 0.05266666666666667
0 0.844671875 0.8581481481481481 0.023947916666666666 0.03878703703703704
0 0.9113645833333333 0.899074074074074 0.011463541666666667 0.03574074074074074