0 0.48083333333333333 0.3830740740740741 0.019203124999999998 0.01675
1 0.4848072916666667 0.8251111111111111 0.029093749999999998 0.04274074074074074
0 0.632953125 0.48984259259259255 0.02080729166666667 0.02537962962962963
1 0.2235625 0.5692870370370371 0.02165625 0.032259259259259265
0 0.5578697916666666 0.41953703703703704 0.015947916666666666 0.016444444444444446
1 0.20622916666666666 0.9347777777777777 0.010010416666666666 0.029416666666666667
1 0.21509895833333334 0.8438333333333333 0.009104166666666667 0.02599074074074074
1 0.18949479166666666 0.6577500000000001 0.00965625 0.033018518518518516
1 0.42035937500000004 0.759 0.02099479166666667 0.0344537037037037
0 0.374171875 0.3490462962962963 0.022875 0.015157407407407408
1 0.44313541666666667 0.8040185185185186 0.02778125 0.040546296296296296
0 0.34735416666666663 0.3380185185185185 0.018145833333333337 0.014592592592592593
0 0.60546875 0.4465462962962963 0.01625 0.0195
0 0.5028906249999999 0.39093518518518516 0.022395833333333334 0.018203703703703705
1 0.194296875 0.41041666666666665 0.0064375 0.019731481481481482
0 0.40402604166666667 0.3558425925925926 0.02265625 0.017842592592592594
1 0.18023958333333334 0.35210185185185183 0.0069479166666666665 0.020259259259259258
0 0.589625 0.774425925925926 0.022453125 0.022851851851851852
1 0.19692708333333334 0.7565277777777777 0.007494791666666667 0.04135185185185185
1 0.19590104166666666 0.824388888888889 0.007942708333333333 0.03680555555555556
1 0.18183333333333335 0.9212037037037036 0.005161458333333333 0.015583333333333331
1 0.19877604166666665 0.47838888888888886 0.005140624999999999 0.024175925925925927
1 0.18600520833333334 0.4718611111111111 0.00515625 0.024805555555555556
1 0.20758854166666665 0.32428703703703704 0.013156250000000001 0.019342592592592592
1 0.18954166666666666 0.32578703703703704 0.0037083333333333334 0.016009259259259258
1 0.20040624999999998 0.2894537037037037 0.011432291666666667 0.01612037037037037
0 0.6129010416666667 0.807212962962963 0.022692708333333332 0.03823148148148148
0 0.6250520833333333 0.8432129629629629 0.021114583333333332 0.03975
0 0.6360781249999999 0.8770277777777779 0.023755208333333333 0.041129629629629634
0 0.6488697916666666 0.905787037037037 0.022687500000000003 0.040212962962962964
0 0.6642864583333333 0.9436759259259259 0.027895833333333335 0.04401851851851852
0 0.6838072916666668 0.9775092592592592 0.03916666666666667 0.042611111111111113
0 0.6890833333333333 0.8965277777777778 0.023151041666666667 0.05307407407407407
0 0.6713177083333334 0.8710092592592593 0.024104166666666666 0.03837962962962963
0 0.629703125 0.7839166666666667 0.01721875 0.038564814814814816
0 0.6596145833333333 0.8304166666666667 0.020885416666666667 0.03217592592592593
0 0.56225 0.726537037037037 0.020640625000000003 0.030657407407407408
0 0.5049947916666667 0.6536666666666667 0.01390625 0.02051851851851852
0 0.5212447916666666 0.6764351851851852 0.0073281250000000004 0.029712962962962965
0 0.5968489583333334 0.7266759259259259 0.018536458333333335 0.026222222222222223