1 0.23517708333333334 0.7486851851851852 0.022942708333333332 0.04055555555555555
0 0.6040520833333333 0.8558981481481481 0.05878645833333333 0.09831481481481483
0 0.6234947916666667 0.845537037037037 0.023744791666666668 0.02322222222222222
0 0.40336458333333336 0.35647222222222225 0.018182291666666666 0.020277777777777777
1 0.47194270833333335 0.9344074074074074 0.026265625 0.037925925925925925
0 0.5984114583333333 0.43919444444444444 0.02266666666666667 0.019814814814814813
1 0.22545833333333334 0.5009537037037036 0.018609374999999997 0.027111111111111114
1 0.43615104166666663 0.831861111111111 0.025130208333333334 0.03364814814814815
1 0.21154166666666668 0.9333981481481481 0.011098958333333332 0.02901851851851852
0 0.6178333333333333 0.823037037037037 0.018500000000000003 0.018953703703703702
0 0.5731614583333333 0.7742777777777778 0.045078125 0.06355555555555556
0 0.52796875 0.676037037037037 0.020244791666666664 0.022657407407407407
1 0.1899375 0.42038888888888887 0.004348958333333333 0.02173148148148148
1 0.18843229166666667 0.4567222222222222 0.005515625 0.022083333333333333
1 0.19097395833333333 0.5088148148148148 0.005729166666666666 0.02675
1 0.18435416666666665 0.6008888888888889 0.005229166666666666 0.023759259259259258
1 0.19426041666666669 0.6831296296296296 0.005 0.021657407407407406
1 0.21082291666666667 0.7031851851851852 0.0080625 0.03088888888888889
1 0.20409895833333333 0.3169166666666666 0.012239583333333333 0.01652777777777778
1 0.18193229166666666 0.30206481481481484 0.0031666666666666666 0.012888888888888889
1 0.1763229166666667 0.28708333333333336 0.0028385416666666667 0.01672222222222222
1 0.18158333333333332 0.2717685185185185 0.004645833333333333 0.011805555555555555
1 0.18590625 0.28661111111111115 0.0035468749999999997 0.014722222222222223
1 0.19391145833333334 0.26919444444444446 0.0037447916666666667 0.013712962962962963
1 0.20030729166666666 0.28574074074074074 0.01040625 0.013685185185185184
1 0.20388541666666665 0.3020185185185185 0.012010416666666666 0.013509259259259259
1 0.18525 0.25446296296296295 0.0030677083333333333 0.009583333333333333
1 0.18592187500000001 0.23333333333333334 0.0038072916666666663 0.010638888888888889
1 0.18532291666666667 0.212 0.004598958333333333 0.010231481481481482
1 0.39555208333333336 0.6653518518518519 0.033317708333333335 0.06537037037037037
1 0.35809895833333333 0.6630277777777778 0.021270833333333336 0.03528703703703703
1 0.37875520833333337 0.6371296296296296 0.026375 0.05143518518518518
0 0.6390104166666667 0.953037037037037 0.049005208333333335 0.087
0 0.6520989583333333 0.9947499999999999 0.02373958333333333 0.010509259259259258
0 0.679 0.9478796296296297 0.027671875000000002 0.04750925925925926
0 0.66115625 0.9158518518518518 0.02228645833333333 0.04012037037037037
0 0.6940520833333333 0.9085555555555556 0.024010416666666666 0.03675
0 0.6825208333333334 0.883611111111111 0.025244791666666665 0.03903703703703704
0 0.6740260416666667 0.8653240740740741 0.021828124999999997 0.028277777777777777
0 0.664421875 0.84375 0.024088541666666668 0.04181481481481481
0 0.6417708333333334 0.883462962962963 0.02375 0.049416666666666664
0 0.6503541666666667 0.8262314814814815 0.024036458333333333 0.03313888888888889
0 0.6425104166666666 0.8051388888888888 0.02255208333333333 0.029111111111111112
0 0.6353020833333333 0.7903518518518519 0.021395833333333333 0.028703703703703703
0 0.6264791666666666 0.7679537037037036 0.020161458333333333 0.029925925925925925
0 0.6148697916666667 0.7564722222222222 0.019979166666666666 0.024925925925925928
0 0.6133958333333334 0.8064166666666667 0.02273958333333333 0.027731481481481482
0 0.608578125 0.7897222222222222 0.021635416666666667 0.025212962962962965
0 0.5996666666666666 0.7318796296296296 0.01769270833333333 0.030157407407407407
0 0.5909739583333333 0.7257037037037037 0.014484374999999999 0.016129629629629633
0 0.5816979166666666 0.7083518518518518 0.014869791666666667 0.015083333333333332
0 0.5554270833333333 0.7201388888888889 0.022848958333333332 0.011731481481481482
0 0.5398385416666667 0.6955462962962964 0.021104166666666667 0.010787037037037038
0 0.5735572916666667 0.6964074074074074 0.016265625 0.013648148148148149
0 0.48951041666666667 0.6267222222222222 0.011427083333333334 0.018861111111111113
0 0.5469739583333334 0.7088703703703704 0.02550520833333333 0.012583333333333334
0 0.5113125000000001 0.6583611111111111 0.021989583333333333 0.014657407407407407
0 0.5177083333333333 0.6671296296296296 0.017510416666666664 0.017842592592592594
0 0.49974999999999997 0.6447129629629629 0.014635416666666668 0.0225
0 0.5096354166666667 0.6291851851851852 0.015010416666666667 0.014305555555555556
0 0.5191458333333333 0.6333518518518518 0.014796875 0.012018518518518519
0 0.5255885416666667 0.6436296296296297 0.016411458333333333 0.012101851851851851
0 0.5630677083333333 0.6860740740740741 0.0156875 0.01862037037037037
0 0.5538020833333334 0.6771203703703703 0.014005208333333333 0.016055555555555556
0 0.5469270833333333 0.6680462962962963 0.015598958333333333 0.016
0 0.5417395833333334 0.6600277777777778 0.016953125 0.015342592592592593
0 0.5358802083333334 0.6529907407407407 0.015473958333333334 0.012768518518518518
0 0.53140625 0.6463333333333333 0.014411458333333333 0.012796296296296297
0 0.7282864583333333 0.6466944444444443 0.022364583333333334 0.04041666666666666
0 0.71040625 0.6197777777777778 0.01933333333333333 0.03371296296296296
0 0.7313020833333332 0.5999351851851852 0.018734375 0.023046296296296297
0 0.6988854166666666 0.6038240740740741 0.016390625 0.023731481481481482
0 0.6846354166666667 0.5832314814814815 0.018057291666666666 0.027138888888888886
0 0.67615625 0.5641666666666666 0.017234375000000003 0.01936111111111111
0 0.6612291666666666 0.5441018518518519 0.016760416666666667 0.017750000000000002
0 0.6413645833333333 0.5027685185185186 0.015619791666666666 0.017601851851851855
0 0.633421875 0.4833425925925926 0.015666666666666666 0.023592592592592592
0 0.6476197916666667 0.46728703703703706 0.005213541666666667 0.018842592592592595
0 0.5694739583333334 0.4221111111111111 0.014750000000000001 0.014416666666666666
0 0.5562343750000001 0.41585185185185186 0.013302083333333332 0.013416666666666667
0 0.5503333333333333 0.4145462962962963 0.010359375 0.01262962962962963
0 0.5432760416666667 0.4096666666666667 0.010734374999999999 0.013472222222222222
0 0.535703125 0.40568518518518515 0.009729166666666667 0.01399074074074074
0 0.5240729166666667 0.40055555555555555 0.012708333333333332 0.014027777777777778
0 0.5039791666666666 0.39114814814814813 0.016489583333333332 0.016712962962962964
0 0.48306770833333335 0.3823888888888889 0.019661458333333333 0.017694444444444443
0 0.45086979166666663 0.3715925925925926 0.017979166666666668 0.013064814814814814
0 0.43349479166666666 0.3662592592592593 0.016458333333333335 0.013305555555555555
0 0.4193645833333333 0.3609074074074074 0.011203125000000001 0.011685185185185184
0 0.36609895833333334 0.34612037037037036 0.015234375 0.011185185185185185
0 0.34164062500000003 0.33896296296296297 0.015598958333333333 0.012324074074074074
0 0.3284479166666667 0.33264814814814814 0.010348958333333333 0.013027777777777779
0 0.3134479166666667 0.32944444444444443 0.019369791666666667 0.019037037037037036
0 0.2933541666666667 0.3207592592592593 0.01838020833333333 0.014101851851851852
0 0.275421875 0.3136759259259259 0.013526041666666665 0.01811111111111111
0 0.265234375 0.3114166666666667 0.006447916666666667 0.013888888888888888
0 0.25704166666666667 0.3043425925925926 0.010005208333333333 0.016101851851851853
0 0.25245833333333334 0.2964074074074074 0.011052083333333332 0.015379629629629629
0 0.24843229166666667 0.28953703703703704 0.009828125 0.012240740740740741
0 0.24823958333333335 0.281787037037037 0.011651041666666667 0.012194444444444444
0 0.24578124999999998 0.27389814814814817 0.012697916666666666 0.011259259259259259
0 0.24466145833333333 0.2658055555555556 0.013697916666666667 0.010222222222222221
0 0.243203125 0.2595925925925926 0.012822916666666666 0.012648148148148148
0 0.24259895833333334 0.2526574074074074 0.013500000000000002 0.01149074074074074
0 0.271625 0.29385185185185186 0.010875 0.0145
0 0.2686875 0.2803888888888889 0.011307291666666667 0.011814814814814814
0 0.26459375 0.27375925925925926 0.009937499999999998 0.01099074074074074
0 0.26634375 0.2655 0.00475 0.008092592592592592
0 0.2627447916666667 0.2563611111111111 0.010671874999999999 0.008305555555555556
0 0.26199479166666667 0.24716666666666667 0.008140625 0.012314814814814815
0 0.2623125 0.23502777777777778 0.008442708333333333 0.01411111111111111
0 0.25905729166666663 0.21741666666666667 0.0039791666666666664 0.007657407407407407
0 0.2536145833333333 0.2083148148148148 0.0033177083333333335 0.00975925925925926
0 0.25721354166666666 0.20242592592592593 0.003286458333333333 0.0076851851851851855
0 0.2520572916666667 0.08362962962962962 0.009937499999999998 0.007953703703703704
0 0.25081770833333333 0.0712962962962963 0.010135416666666668 0.008851851851851852
0 0.24379166666666666 0.0999351851851852 0.005776041666666666 0.012046296296296296
0 0.24842708333333335 0.12756481481481483 0.004348958333333333 0.01200925925925926
0 0.24258333333333332 0.2447777777777778 0.011447916666666667 0.005046296296296296
0 0.24283854166666666 0.23806481481481484 0.010307291666666666 0.006861111111111111
0 0.243546875 0.22889814814814816 0.011192708333333332 0.008574074074074074
0 0.243203125 0.18071296296296296 0.005817708333333334 0.009101851851851852
0 0.256078125 0.17397222222222222 0.012015625 0.010472222222222223
0 0.2649375 0.06837962962962962 0.013005208333333332 0.010157407407407408
0 0.274421875 0.07777777777777778 0.004203125 0.010018518518518519
0 0.28188541666666667 0.1282962962962963 0.008 0.011675925925925925
0 0.2805520833333333 0.11624074074074074 0.009192708333333332 0.00962962962962963
0 0.2784583333333333 0.10574074074074075 0.007140625 0.009916666666666667
0 0.27671874999999996 0.09546296296296296 0.006494791666666667 0.006027777777777778
0 0.26713020833333334 0.12214814814814813 0.012718750000000001 0.013842592592592592
0 0.2664479166666667 0.11118518518518518 0.0047552083333333335 0.006666666666666667
0 0.39754687499999997 0.490462962962963 0.01196875 0.01786111111111111
0 0.3814322916666667 0.4883703703703704 0.009354166666666667 0.01622222222222222
0 0.3871927083333333 0.46658333333333335 0.0111875 0.01211111111111111
0 0.374015625 0.47751851851851856 0.010171875 0.016259259259259258
0 0.3681302083333333 0.4684074074074074 0.012343749999999999 0.01525
0 0.36178645833333334 0.45893518518518517 0.009057291666666667 0.009962962962962963
0 0.359046875 0.4510462962962963 0.014390624999999999 0.009879629629629629
0 0.35426041666666663 0.44060185185185186 0.013072916666666667 0.012777777777777779
0 0.35080729166666663 0.43327777777777776 0.010447916666666666 0.00975925925925926
0 0.3496458333333334 0.4257314814814815 0.0138125 0.012888888888888889
0 0.34380208333333334 0.41609259259259257 0.010947916666666667 0.012342592592592593
0 0.33959374999999997 0.4078333333333333 0.010786458333333334 0.0105
0 0.33691145833333336 0.4011574074074074 0.013114583333333334 0.011814814814814814
0 0.33283854166666665 0.3943425925925926 0.012083333333333333 0.010342592592592592
0 0.2673125 0.1368148148148148 0.007953125 0.008944444444444444
0 0.270265625 0.14883333333333335 0.007869791666666666 0.005592592592592593
0 0.2706614583333333 0.1885185185185185 0.010375 0.008138888888888888
0 0.27026041666666667 0.17804629629629629 0.0091875 0.0062037037037037035
0 0.2746302083333333 0.20142592592592592 0.008895833333333332 0.01037037037037037
0 0.27646354166666665 0.2172314814814815 0.007859375 0.010046296296296296
0 0.28102083333333333 0.14530555555555555 0.006697916666666666 0.010712962962962964
0 0.2847708333333333 0.2027962962962963 0.004364583333333334 0.007037037037037037
0 0.28508333333333336 0.1918148148148148 0.004130208333333333 0.009407407407407408
0 0.28726041666666663 0.17970370370370373 0.008484374999999999 0.010287037037037037
0 0.28880208333333335 0.21455555555555555 0.0034375 0.00774074074074074
0 0.30299479166666665 0.23902777777777776 0.0035885416666666665 0.010287037037037037
0 0.30966666666666665 0.24282407407407408 0.0023802083333333336 0.008749999999999999
0 0.3157552083333333 0.2524351851851852 0.0034427083333333336 0.008194444444444443
0 0.32302083333333337 0.2615648148148148 0.005989583333333334 0.013518518518518518
0 0.32647395833333337 0.28150925925925924 0.0034895833333333333 0.01614814814814815