1 0.41596354166666666 0.8304814814814815 0.027171875 0.04055555555555555
1 0.215859375 0.9663333333333334 0.008817708333333334 0.026509259259259257
1 0.19130729166666666 0.43062962962962964 0.004901041666666666 0.020555555555555556
1 0.2192916666666667 0.9267314814814814 0.005083333333333333 0.018574074074074073
0 0.6390364583333333 0.4918518518518519 0.016354166666666666 0.028824074074074075
0 0.6625885416666667 0.5427592592592592 0.017651041666666666 0.02691666666666667
1 0.35384895833333335 0.6198981481481481 0.03845833333333334 0.05753703703703704
1 0.21552083333333333 0.9794629629629629 0.009130208333333334 0.03112037037037037
1 0.21876041666666665 0.45634259259259263 0.01190625 0.009324074074074075
0 0.25729166666666664 0.29512037037037037 0.009880208333333333 0.013203703703703704
0 0.7311614583333333 0.6592037037037037 0.022260416666666668 0.030953703703703702
1 0.19032291666666667 0.5822407407407408 0.005953125 0.030537037037037033
1 0.4912916666666666 0.8418888888888889 0.009942708333333333 0.02823148148148148
0 0.7024739583333334 0.6087407407407408 0.01836979166666667 0.032490740740740744
0 0.24230208333333333 0.24726851851851853 0.007885416666666667 0.014055555555555556
1 0.39188541666666665 0.7523148148148148 0.009083333333333334 0.028935185185185185
0 0.2826927083333333 0.3032962962962963 0.003859375 0.017203703703703704
0 0.6948177083333333 0.5356851851851852 0.005083333333333333 0.02475
0 0.672359375 0.499712962962963 0.0051041666666666674 0.018805555555555555
0 0.8901249999999999 0.8957037037037037 0.003958333333333333 0.032768518518518516
0 0.6730937499999999 0.9603703703703704 0.05078125 0.07926851851851852
1 0.18602604166666667 0.36466666666666664 0.006807291666666667 0.02086111111111111
1 0.20120833333333332 0.29260185185185184 0.013046875000000001 0.017222222222222222
1 0.17556770833333332 0.28474999999999995 0.005864583333333334 0.01336111111111111
1 0.197546875 0.27903703703703703 0.009885416666666667 0.012287037037037037
1 0.18207812499999998 0.26882407407407405 0.0035833333333333333 0.014055555555555556
0 0.3966458333333333 0.490287037037037 0.011890624999999998 0.022935185185185183
0 0.42151041666666667 0.5348425925925926 0.016911458333333334 0.02876851851851852
1 0.4424114583333333 0.6919814814814815 0.007020833333333334 0.02601851851851852
1 0.3799739583333333 0.6198611111111112 0.00684375 0.025425925925925928
0 0.26840625 0.2798611111111111 0.002802083333333333 0.012435185185185185
0 0.27560416666666665 0.2983796296296296 0.003484375 0.016990740740740744
0 0.2517447916666667 0.27673148148148147 0.012885416666666667 0.01686111111111111
0 0.5837760416666666 0.43507407407407406 0.016645833333333335 0.02360185185185185