1 0.3920052083333333 0.6563333333333333 0.03125 0.06398148148148147
1 0.20827604166666666 0.483037037037037 0.004187499999999999 0.017972222222222223
1 0.34260416666666665 0.6228796296296296 0.012307291666666666 0.019731481481481482
1 0.18628645833333335 0.49283333333333335 0.006270833333333333 0.023712962962962963
1 0.21178645833333334 0.7415462962962963 0.009083333333333334 0.018564814814814815
1 0.1946875 0.4168888888888889 0.0037239583333333335 0.02047222222222222
1 0.19570833333333332 0.36489814814814814 0.0038177083333333335 0.017092592592592593
1 0.20703645833333334 0.36113888888888884 0.00425 0.018000000000000002
1 0.19317708333333333 0.7595 0.007979166666666667 0.017314814814814814
1 0.21997395833333336 0.3738796296296297 0.003989583333333334 0.014564814814814815
1 0.183890625 0.3322962962962963 0.0038125000000000004 0.018175925925925925
1 0.23877604166666666 0.9932407407407408 0.01146875 0.013166666666666667
1 0.38780729166666666 0.6014907407407407 0.015000000000000001 0.021268518518518516
1 0.18217708333333332 0.24321296296296296 0.005291666666666667 0.00901851851851852
1 0.33627083333333335 0.6118611111111111 0.01825520833333333 0.026833333333333334
1 0.18592187500000001 0.5427314814814814 0.006390625 0.017611111111111112
1 0.18017708333333332 0.29562037037037037 0.002875 0.014388888888888889
1 0.17974479166666668 0.27948148148148144 0.004234375 0.013333333333333334
1 0.214484375 0.44269444444444445 0.004213541666666667 0.019703703703703706
1 0.19908854166666667 0.2870925925925926 0.0035416666666666665 0.01652777777777778
1 0.18669791666666666 0.27674074074074073 0.00246875 0.01112962962962963
1 0.19169791666666666 0.9886203703703704 0.0062968749999999995 0.01937962962962963
1 0.41710416666666666 0.8801944444444445 0.007744791666666666 0.037981481481481484
1 0.36848437500000003 0.6830185185185185 0.006619791666666667 0.02426851851851852
1 0.3400520833333333 0.6487222222222222 0.005130208333333333 0.02327777777777778
0 0.42622916666666666 0.5708703703703704 0.01190625 0.02212037037037037