1 0.44633333333333336 0.9193333333333333 0.027911458333333337 0.02761111111111111
1 0.25152083333333336 0.9814722222222222 0.027442708333333333 0.03225
0 0.6261666666666666 0.9067685185185185 0.04358854166666667 0.07330555555555555
1 0.39618229166666663 0.7633148148148148 0.025895833333333333 0.024092592592592593
0 0.56625 0.7395833333333334 0.041651041666666666 0.05123148148148148
1 0.414015625 0.8273333333333334 0.02558854166666667 0.026129629629629628
1 0.37807291666666665 0.7095 0.02275 0.01450925925925926
1 0.3934010416666667 0.6836296296296297 0.030411458333333332 0.018907407407407407
1 0.3980625 0.7188055555555555 0.025645833333333333 0.01839814814814815
1 0.42027604166666666 0.8323425925925926 0.026447916666666668 0.025916666666666664
1 0.457796875 0.9883425925925927 0.010729166666666668 0.02209259259259259
1 0.21432291666666667 0.8395277777777779 0.008348958333333333 0.03163888888888889
1 0.20884375000000002 0.6708888888888889 0.007119791666666667 0.024555555555555556
1 0.4464635416666667 0.9007407407407407 0.027255208333333333 0.02413888888888889
1 0.39643229166666666 0.7375925925925926 0.026578125 0.01636111111111111
1 0.21448958333333332 0.341037037037037 0.009145833333333332 0.022027777777777778
1 0.19091666666666668 0.6128055555555556 0.006234375 0.025814814814814815
1 0.20827083333333332 0.6127962962962964 0.005776041666666666 0.016564814814814817
1 0.23070833333333332 0.693787037037037 0.008479166666666668 0.02537962962962963
0 0.6426145833333333 0.4975092592592592 0.020630208333333334 0.02383333333333333
0 0.5936666666666667 0.8082870370370371 0.03810416666666667 0.02939814814814815
0 0.5345989583333334 0.7050092592592593 0.026239583333333334 0.04492592592592593
0 0.7050468750000001 0.6142777777777777 0.017260416666666667 0.032046296296296295
0 0.7245625 0.6444907407407408 0.014963541666666667 0.028148148148148148
0 0.7779791666666667 0.6874814814814815 0.0049947916666666665 0.025064814814814814
0 0.7286614583333333 0.5964074074074074 0.006208333333333333 0.02203703703703704
0 0.7066041666666667 0.5516759259259258 0.005223958333333333 0.02262962962962963
0 0.6869479166666667 0.5378518518518518 0.005020833333333334 0.023685185185185184
0 0.6763697916666668 0.5112222222222222 0.006114583333333334 0.02089814814814815
0 0.49322916666666666 0.6135833333333333 0.017260416666666667 0.026703703703703705
0 0.59628125 0.4312870370370371 0.005713541666666667 0.01740740740740741
0 0.4977916666666667 0.38507407407407407 0.007463541666666667 0.01800925925925926
0 0.5048541666666667 0.39072222222222225 0.005682291666666667 0.013472222222222222
0 0.46179166666666666 0.37174074074074076 0.006166666666666667 0.01112962962962963
0 0.34468229166666664 0.33205555555555555 0.005385416666666667 0.008962962962962963
0 0.3016197916666667 0.3178240740740741 0.0046614583333333326 0.012157407407407408
0 0.24812499999999998 0.26972222222222225 0.009151041666666667 0.02085185185185185
0 0.2585677083333333 0.2800648148148148 0.0033125000000000003 0.012851851851851852
0 0.2685833333333333 0.2791018518518519 0.005046875 0.011898148148148147
0 0.2670052083333333 0.2617314814814815 0.004864583333333334 0.009824074074074074
0 0.24529166666666666 0.18341666666666667 0.005427083333333333 0.011537037037037038
0 0.26075 0.2147962962962963 0.002901041666666667 0.009972222222222223
1 0.19984375 0.7358796296296296 0.005572916666666666 0.029638888888888888
1 0.2160625 0.6404166666666666 0.007182291666666666 0.03099074074074074
1 0.22149999999999997 0.5987037037037037 0.005197916666666667 0.026583333333333334
1 0.18744270833333332 0.5900462962962963 0.005953125 0.022444444444444444
1 0.20345833333333332 0.57625 0.007614583333333333 0.01963888888888889
1 0.18759375 0.5590462962962963 0.0085625 0.02760185185185185
1 0.20163020833333334 0.5529259259259259 0.006921874999999999 0.019314814814814816
1 0.188234375 0.48874074074074075 0.005317708333333334 0.025277777777777777
1 0.19963020833333334 0.47055555555555556 0.00596875 0.02425
1 0.18617708333333333 0.3995740740740741 0.004166666666666667 0.01948148148148148
1 0.19669791666666667 0.40726851851851853 0.005166666666666667 0.024342592592592593
1 0.19190104166666666 0.3823611111111111 0.005239583333333334 0.021925925925925925
1 0.18876041666666668 0.3336944444444444 0.0032031250000000002 0.019722222222222224
1 0.19303645833333333 0.33014814814814814 0.0038125000000000004 0.0185
1 0.19913541666666665 0.31552777777777774 0.0035625 0.018944444444444444
1 0.18172395833333335 0.31549074074074074 0.0038541666666666668 0.01591666666666667
1 0.186890625 0.3063333333333333 0.0038802083333333336 0.012787037037037038
1 0.20204687500000001 0.2896296296296296 0.004197916666666667 0.015074074074074075
1 0.17767708333333332 0.2897685185185185 0.003963541666666666 0.00935185185185185
1 0.19564583333333332 0.28103703703703703 0.0025208333333333333 0.016666666666666666
1 0.18747395833333333 0.2667685185185185 0.0035468749999999997 0.015796296296296294
1 0.19773958333333336 0.2660925925925926 0.0033697916666666663 0.012472222222222223
1 0.17972395833333332 0.26325 0.00346875 0.012712962962962964
1 0.1842291666666667 0.27955555555555556 0.0021927083333333334 0.012212962962962962
1 0.18160416666666668 0.2328888888888889 0.002765625 0.009666666666666665
1 0.198296875 0.23362962962962963 0.0026718749999999998 0.013064814814814814