1 0.19251041666666666 0.9824074074074074 0.012166666666666666 0.03401851851851852
1 0.18679166666666666 0.8327037037037037 0.011239583333333332 0.03786111111111111
1 0.19331770833333334 0.6576574074074074 0.006760416666666667 0.032018518518518516
1 0.215453125 0.6534351851851852 0.008302083333333333 0.029157407407407406
1 0.20401562499999998 0.5964259259259259 0.0067239583333333335 0.030370370370370367
1 0.222078125 0.5085925925925926 0.020604166666666666 0.034638888888888886
1 0.18930208333333332 0.5028425925925927 0.007786458333333333 0.027101851851851853
1 0.19342708333333333 0.3628425925925926 0.006208333333333333 0.021037037037037035
1 0.17969270833333334 0.35418518518518516 0.005057291666666667 0.019842592592592592
1 0.18646875 0.30260185185185184 0.0054218750000000005 0.016287037037037037
1 0.4851875 0.9317962962962963 0.0458125 0.13641666666666669
1 0.4614114583333333 0.8376574074074074 0.041109375000000004 0.11514814814814815
1 0.371859375 0.6449444444444444 0.02021875 0.0315
1 0.35415104166666667 0.6332685185185185 0.016114583333333335 0.024259259259259258
1 0.3428541666666666 0.6154722222222223 0.017421875 0.026759259259259257
1 0.3715364583333333 0.6073148148148148 0.028223958333333334 0.04962962962962963
1 0.35817187500000003 0.5779814814814815 0.029927083333333333 0.04407407407407408
1 0.385359375 0.5865462962962963 0.022000000000000002 0.048685185185185186
0 0.24788541666666666 0.2717314814814815 0.008416666666666666 0.014824074074074076
0 0.2608958333333333 0.2711851851851852 0.004546875000000001 0.016583333333333332
0 0.26742187500000003 0.2753333333333333 0.005557291666666667 0.013444444444444445
0 0.2564375 0.30165740740740743 0.012661458333333332 0.01637962962962963
0 0.27657291666666667 0.30024074074074075 0.0040729166666666665 0.018694444444444444
2 0.28765104166666666 0.3083518518518518 0.0040416666666666665 0.017194444444444446
2 0.4680677083333334 0.3755277777777778 0.008369791666666666 0.021805555555555557
2 0.5419114583333333 0.41085185185185186 0.023604166666666666 0.02387962962962963
2 0.6088489583333333 0.44260185185185186 0.00478125 0.016509259259259258
2 0.8654270833333333 0.8264074074074074 0.009369791666666665 0.035444444444444445