1 0.22416666666666665 0.6629814814814815 0.022828124999999998 0.031842592592592596
1 0.22211979166666668 0.48971296296296296 0.016916666666666667 0.026212962962962962
0 0.6738385416666667 0.5524259259259259 0.019046875 0.026101851851851852
1 0.38292708333333336 0.6096018518518519 0.03686979166666667 0.05475
0 0.6151822916666667 0.8002037037037038 0.03816145833333333 0.0902037037037037
0 0.6516249999999999 0.5110833333333333 0.019666666666666666 0.027462962962962963
1 0.38203645833333333 0.6734444444444445 0.035994791666666665 0.06998148148148148
1 0.18215104166666668 0.38981481481481484 0.004651041666666666 0.019953703703703703
1 0.19342708333333333 0.3932037037037037 0.006171874999999999 0.017833333333333336
0 0.5895729166666667 0.7468148148148147 0.04333854166666666 0.06625
1 0.18890104166666666 0.46231481481481485 0.00425 0.01996296296296296
1 0.19258854166666667 0.4398333333333333 0.008072916666666667 0.02140740740740741
1 0.18689583333333332 0.315212962962963 0.006750000000000001 0.02087037037037037
0 0.6452604166666667 0.8626388888888888 0.03825 0.11201851851851852
0 0.667921875 0.8448333333333333 0.018390625 0.045537037037037036
0 0.6717604166666666 0.9403888888888889 0.04119791666666666 0.11921296296296297
0 0.77134375 0.6641481481481482 0.006776041666666666 0.03141666666666667
0 0.80996875 0.7282407407407407 0.008020833333333333 0.03766666666666667
0 0.503796875 0.38566666666666666 0.00559375 0.01661111111111111
0 0.4549583333333333 0.3677685185185185 0.005244791666666667 0.015416666666666665
0 0.24901041666666668 0.28421296296296295 0.010458333333333332 0.016388888888888887
0 0.24580729166666665 0.26565740740740745 0.009609375 0.018833333333333334
1 0.21171875 0.37138888888888894 0.013739583333333333 0.024296296296296295
1 0.211390625 0.40825925925925927 0.0149375 0.018944444444444444
1 0.178296875 0.5481944444444444 0.0076927083333333335 0.02691666666666667
1 0.1883125 0.5762314814814815 0.006197916666666667 0.02697222222222222
1 0.18151041666666667 0.2978240740740741 0.003848958333333333 0.017074074074074075
1 0.34367708333333336 0.6098425925925925 0.023708333333333335 0.05258333333333333
1 0.44390104166666666 0.9693981481481482 0.027515625 0.05790740740740741
0 0.335796875 0.3316388888888889 0.0054062500000000005 0.01437037037037037
0 0.35490104166666664 0.33671296296296294 0.004984375 0.016564814814814817