1 0.41038020833333333 0.6743703703703704 0.044083333333333335 0.06422222222222222
1 0.49158333333333337 0.9308981481481482 0.030713541666666667 0.04256481481481481
1 0.455578125 0.8669259259259259 0.027651041666666668 0.04200925925925926
1 0.4725520833333333 0.7452407407407408 0.039614583333333335 0.04443518518518519
0 0.5879114583333334 0.7402407407407408 0.03653125 0.05511111111111111
0 0.6409010416666666 0.9480833333333333 0.054765625000000005 0.060055555555555556
0 0.3050364583333333 0.3235925925925926 0.003947916666666666 0.013620370370370371
1 0.23102083333333334 0.6348703703703703 0.01653125 0.02663888888888889
1 0.19183854166666667 0.41238888888888886 0.005927083333333334 0.015361111111111112
1 0.227203125 0.6789537037037037 0.01871875 0.023101851851851853
1 0.44094791666666666 0.7718611111111111 0.036645833333333336 0.042916666666666665
0 0.6287447916666667 0.45025925925925925 0.00553125 0.0195
1 0.19171354166666665 0.3349537037037037 0.0072187499999999995 0.017666666666666664
1 0.3630625 0.6218796296296296 0.030796875 0.0367962962962963
1 0.39311979166666666 0.6261944444444444 0.031947916666666666 0.03913888888888889
1 0.20183333333333334 0.984787037037037 0.011015625 0.029111111111111112
1 0.22028645833333332 0.9680000000000001 0.006651041666666666 0.03294444444444444
1 0.20708854166666668 0.3856388888888889 0.00340625 0.017277777777777777
0 0.7420989583333333 0.6178796296296296 0.008677083333333334 0.02337962962962963
0 0.26893229166666666 0.308 0.009151041666666667 0.015185185185185184
0 0.667015625 0.49724999999999997 0.004911458333333333 0.01925
1 0.20543229166666668 0.3006574074074074 0.010083333333333333 0.014555555555555556
1 0.37334895833333337 0.6705925925925926 0.034505208333333336 0.037537037037037035
0 0.7919531249999999 0.7057222222222221 0.0059635416666666665 0.024453703703703703
0 0.8232031249999999 0.78625 0.005463541666666667 0.030546296296296297
0 0.8445104166666667 0.8097314814814814 0.0070572916666666674 0.03191666666666666
0 0.9039583333333333 0.8974166666666668 0.005078125 0.03537962962962963
0 0.6508229166666666 0.4867592592592593 0.006479166666666666 0.020203703703703703
0 0.5871614583333333 0.43912962962962965 0.01834375 0.02263888888888889
1 0.19692708333333334 0.6194537037037037 0.006130208333333333 0.029046296296296296
0 0.3200677083333333 0.3256851851851852 0.006229166666666667 0.013907407407407407
0 0.5176458333333334 0.651962962962963 0.035708333333333335 0.0713425925925926
0 0.5723854166666666 0.7852685185185185 0.03054166666666667 0.07285185185185186
0 0.6056718750000001 0.874537037037037 0.023130208333333332 0.046925925925925926
0 0.3383072916666666 0.3318055555555556 0.005218749999999999 0.010407407407407407
1 0.40325520833333334 0.8031481481481482 0.018046875 0.038981481481481485
1 0.40384375 0.8472314814814814 0.005447916666666667 0.032685185185185185