1 0.196640625 0.9406018518518519 0.010213541666666666 0.03784259259259259
1 0.23574479166666668 0.8567962962962963 0.025609375 0.023342592592592592
1 0.19423958333333333 0.7223148148148149 0.00875 0.03100925925925926
1 0.19279166666666667 0.6409722222222223 0.007755208333333334 0.029055555555555553
1 0.20068229166666668 0.5082962962962964 0.006885416666666667 0.023416666666666665
1 0.197453125 0.45485185185185184 0.006609375 0.02397222222222222
1 0.19649479166666667 0.3917592592592593 0.005635416666666667 0.018768518518518518
1 0.18276041666666665 0.3768888888888889 0.0048177083333333336 0.02200925925925926
1 0.19757291666666665 0.3735 0.006479166666666666 0.016083333333333335
1 0.18672916666666667 0.3080185185185185 0.0038958333333333336 0.01877777777777778
1 0.17842708333333332 0.29409259259259257 0.0047239583333333335 0.01714814814814815
1 0.38413020833333333 0.721 0.0083125 0.027546296296296298
1 0.45630729166666667 0.821462962962963 0.04417708333333333 0.13117592592592592
0 0.42297395833333334 0.866361111111111 0.026520833333333334 0.05263888888888889
0 0.6848541666666667 0.5256666666666667 0.006369791666666667 0.028546296296296295
0 0.7604427083333333 0.6583425925925925 0.0048020833333333336 0.02912037037037037
0 0.7659166666666667 0.6874074074074074 0.006135416666666667 0.028657407407407406
0 0.24895833333333334 0.2800648148148148 0.011114583333333334 0.01363888888888889
0 0.26119270833333336 0.24289814814814814 0.0036979166666666666 0.01712962962962963
0 0.26615625 0.2870462962962963 0.0031562499999999998 0.014898148148148148
0 0.2725104166666667 0.2886759259259259 0.0036458333333333334 0.01651851851851852
0 0.24445312500000002 0.1835 0.0036041666666666665 0.012546296296296297
0 0.2589427083333333 0.18537037037037035 0.0030052083333333333 0.01374074074074074
0 0.2523489583333333 0.1779074074074074 0.0035208333333333333 0.011333333333333334
0 0.46026041666666667 0.5814814814814815 0.033046875 0.027666666666666666