1 0.38338020833333336 0.6804351851851852 0.0259375 0.016435185185185185
1 0.4371302083333333 0.9338888888888889 0.02363541666666667 0.041101851851851855
0 0.6663645833333334 0.9059907407407408 0.026859375 0.02949074074074074
0 0.677640625 0.9380740740740741 0.028671875 0.027962962962962964
0 0.6591927083333334 0.8358703703703704 0.03522395833333333 0.04201851851851852
1 0.3831614583333333 0.7125648148148148 0.024614583333333332 0.02925925925925926
0 0.6490312500000001 0.5136018518518519 0.025223958333333334 0.029138888888888888
0 0.61921875 0.8422407407407407 0.02538020833333333 0.02688888888888889
1 0.19164062499999998 0.9278888888888889 0.007546875 0.019574074074074074
1 0.18768229166666667 0.3431111111111111 0.014567708333333334 0.020092592592592592
0 0.6849479166666667 0.8883240740740741 0.029510416666666664 0.028314814814814813
0 0.7131614583333333 0.6346018518518518 0.020796875 0.03743518518518518
0 0.6617291666666667 0.5461944444444444 0.019083333333333334 0.029361111111111112
0 0.6780677083333334 0.566574074074074 0.026479166666666668 0.02875
1 0.19296354166666668 0.4670648148148148 0.01571875 0.022472222222222223
0 0.630578125 0.9144166666666668 0.051244791666666664 0.08949074074074075
0 0.6431458333333333 0.7962962962962963 0.031260416666666666 0.04116666666666667
1 0.3563072916666667 0.6452777777777777 0.02196875 0.013564814814814816
0 0.7028125000000001 0.6091018518518518 0.026119791666666666 0.02578703703703704
0 0.6496510416666667 0.8774351851851852 0.029114583333333333 0.02449074074074074
0 0.6778072916666668 0.8757314814814815 0.028182291666666668 0.0287962962962963
0 0.691671875 0.5922314814814815 0.01816145833333333 0.023444444444444445
0 0.6243385416666667 0.4844444444444445 0.015510416666666667 0.020259259259259258
0 0.6143385416666667 0.8103148148148148 0.02938020833333333 0.03206481481481482
0 0.32692708333333337 0.33006481481481487 0.012187499999999999 0.012037037037037037
0 0.6953541666666666 0.9147037037037037 0.026697916666666665 0.027342592592592592
1 0.20591666666666666 0.3055277777777778 0.005 0.01548148148148148
1 0.35573958333333333 0.6392222222222222 0.025067708333333334 0.02237037037037037
0 0.7949114583333333 0.7251018518518518 0.005276041666666667 0.030999999999999996
0 0.8245625000000001 0.7507314814814815 0.006328125 0.034055555555555554
0 0.7996822916666667 0.7050092592592593 0.006276041666666667 0.026518518518518518
0 0.74990625 0.6557407407407407 0.006635416666666667 0.029740740740740738
0 0.7615833333333334 0.6483240740740741 0.007901041666666667 0.026509259259259257
0 0.7516041666666666 0.6244259259259259 0.006020833333333334 0.02691666666666667
0 0.7310052083333333 0.591 0.004984375 0.020759259259259262
0 0.7275572916666667 0.6600092592592592 0.014661458333333332 0.01863888888888889
0 0.8609843749999999 0.9024351851851852 0.020432291666666665 0.05362962962962963
0 0.8861197916666667 0.864287037037037 0.004427083333333333 0.038925925925925926
0 0.8781041666666667 0.9395092592592592 0.022036458333333335 0.027805555555555556
0 0.8419375 0.8086944444444444 0.005484375 0.033296296296296296
0 0.6468020833333333 0.4684537037037037 0.0060625 0.020703703703703703
0 0.6851875 0.5349722222222222 0.004166666666666667 0.026425925925925926
0 0.586375 0.4380833333333333 0.016489583333333332 0.022083333333333333
0 0.601453125 0.43333333333333335 0.004697916666666666 0.02188888888888889
0 0.5848489583333334 0.41955555555555557 0.002953125 0.010444444444444444
0 0.5493281250000001 0.41144444444444445 0.02127604166666667 0.02514814814814815
0 0.5208385416666667 0.39814814814814814 0.017916666666666668 0.021425925925925928
0 0.47618229166666665 0.38175000000000003 0.017255208333333334 0.016175925925925923
0 0.39025 0.35174074074074074 0.02197395833333333 0.017166666666666667
0 0.370421875 0.3456759259259259 0.019010416666666665 0.018583333333333334
0 0.24891666666666667 0.2382314814814815 0.002390625 0.012981481481481481
0 0.2589270833333333 0.24008333333333334 0.0024010416666666668 0.009481481481481481
0 0.263984375 0.25483333333333336 0.0032239583333333335 0.011453703703703704
0 0.25516145833333337 0.25642592592592595 0.0029895833333333332 0.01038888888888889
0 0.25697916666666665 0.27111111111111114 0.001973958333333333 0.01138888888888889
0 0.26845312499999996 0.2698611111111111 0.005005208333333333 0.010574074074074074
0 0.27221875 0.2829537037037037 0.00390625 0.0105
0 0.2758802083333334 0.2928055555555556 0.003963541666666666 0.0077314814814814815
0 0.2538697916666667 0.2916574074074074 0.013250000000000001 0.010527777777777777
0 0.25800520833333335 0.30144444444444446 0.011036458333333334 0.00675
0 0.25388541666666664 0.21568518518518517 0.0030416666666666665 0.011101851851851852
0 0.24505208333333334 0.19925925925925925 0.007 0.013842592592592592
0 0.25666666666666665 0.18054629629629632 0.002640625 0.01538888888888889
0 0.25249479166666666 0.12418518518518519 0.0029166666666666664 0.01113888888888889
0 0.25494791666666666 0.1364074074074074 0.002432291666666667 0.008287037037037037
0 0.24601562500000002 0.0948888888888889 0.008088541666666666 0.013527777777777777
1 0.198734375 0.28076851851851853 0.010239583333333333 0.013407407407407408
1 0.18009375 0.2738240740740741 0.003364583333333333 0.013268518518518518
1 0.19373958333333335 0.26414814814814813 0.003286458333333333 0.010462962962962964
1 0.18919270833333332 0.22735185185185183 0.008067708333333333 0.01287962962962963
1 0.186109375 0.281787037037037 0.0030416666666666665 0.015342592592592593
1 0.38810416666666664 0.6002407407407407 0.004302083333333333 0.019287037037037037
1 0.328828125 0.5928981481481482 0.013151041666666667 0.03707407407407407
0 0.40313020833333335 0.53325 0.014015625 0.029175925925925928
0 0.42626041666666664 0.5381851851851852 0.011307291666666667 0.01839814814814815
0 0.4159322916666667 0.5268518518518519 0.00975 0.01712037037037037
0 0.39971354166666667 0.4936388888888889 0.01175 0.017092592592592593
0 0.3793020833333333 0.4909166666666667 0.011598958333333333 0.015333333333333332
0 0.37522916666666667 0.47863888888888884 0.010515625 0.020287037037037037
0 0.35481250000000003 0.47261111111111115 0.0190625 0.04512962962962963
0 0.6288697916666667 0.7750833333333333 0.01688020833333333 0.02663888888888889
0 0.6527447916666667 0.9632499999999999 0.047296875 0.07349074074074075
0 0.7020729166666667 0.9878148148148147 0.023708333333333335 0.02436111111111111