0 0.6130833333333333 0.7522962962962964 0.017833333333333333 0.03235185185185185
1 0.215109375 0.38839814814814816 0.013177083333333334 0.019287037037037037
1 0.18839062499999998 0.7340925925925926 0.005895833333333334 0.025694444444444443
1 0.2068229166666667 0.7338611111111112 0.0065625 0.025287037037037035
1 0.198078125 0.33416666666666667 0.012130208333333333 0.016916666666666667
1 0.20677083333333332 0.3090833333333333 0.00784375 0.01485185185185185
1 0.19321875000000002 0.11717592592592592 0.005932291666666667 0.012018518518518519
0 0.8047552083333334 0.7462129629629629 0.008546875 0.03067592592592593
0 0.786953125 0.6974537037037037 0.007322916666666667 0.02587037037037037
1 0.202875 0.6119722222222221 0.0040104166666666665 0.02949074074074074
1 0.22468229166666667 0.5310462962962963 0.0159375 0.026583333333333334
1 0.18821354166666668 0.44253703703703706 0.007979166666666667 0.02175925925925926
1 0.1938125 0.3949722222222222 0.006307291666666667 0.02174074074074074
1 0.18555208333333334 0.364462962962963 0.0040104166666666665 0.019731481481481482
1 0.18532812499999998 0.3093240740740741 0.011010416666666667 0.02263888888888889
1 0.18311979166666664 0.26919444444444446 0.0036927083333333334 0.011194444444444444
1 0.1916145833333333 0.27196296296296296 0.0030052083333333333 0.012972222222222222