1 0.43790104166666666 0.9639814814814814 0.027567708333333333 0.049638888888888885
1 0.24249479166666665 0.9361388888888889 0.027302083333333334 0.02550925925925926
1 0.22761458333333331 0.602287037037037 0.015255208333333332 0.019574074074074074
1 0.42061458333333335 0.8512407407407407 0.00671875 0.028657407407407406
1 0.42007812499999997 0.8647870370370371 0.0060416666666666665 0.022287037037037036
1 0.37629687500000003 0.6340648148148148 0.043973958333333334 0.05620370370370371
1 0.22834375 0.6581018518518519 0.018140625 0.020037037037037037
0 0.6595572916666667 0.9611574074074074 0.053661458333333335 0.07692592592592593
1 0.40804687500000003 0.8003425925925925 0.02484375 0.034194444444444444
1 0.19846354166666666 0.8171759259259259 0.007713541666666667 0.030935185185185184
1 0.20667708333333332 0.7801018518518519 0.005239583333333334 0.022185185185185186
1 0.22548958333333333 0.5396851851851852 0.018515624999999997 0.02022222222222222
0 0.2556041666666667 0.2897222222222222 0.007572916666666666 0.01363888888888889
1 0.22837500000000002 0.6143148148148149 0.016609375 0.014138888888888888
1 0.22080208333333334 0.4572685185185185 0.011479166666666667 0.00975
1 0.19227604166666667 0.7119166666666666 0.004942708333333334 0.027240740740740742
1 0.410546875 0.8080092592592593 0.024041666666666666 0.023046296296296297
1 0.19067708333333336 0.5173055555555556 0.006567708333333333 0.019083333333333334
1 0.201875 0.37230555555555556 0.006239583333333334 0.020694444444444446
1 0.21318229166666666 0.3564351851851852 0.012994791666666667 0.018666666666666668
0 0.641140625 0.49625 0.017130208333333334 0.030898148148148147
1 0.3724166666666667 0.5965185185185186 0.051265625 0.03274074074074074
1 0.22853125 0.6438888888888888 0.015442708333333333 0.01867592592592593
0 0.6158229166666668 0.8823240740740741 0.041093750000000005 0.11044444444444444
0 0.55790625 0.754712962962963 0.033041666666666664 0.08139814814814815
0 0.5179375 0.6738240740740741 0.030515625 0.06422222222222222
0 0.8323697916666667 0.7675555555555555 0.0051875 0.029861111111111113
0 0.86990625 0.9187592592592593 0.026692708333333332 0.03692592592592593
1 0.198609375 0.6731759259259259 0.007734375 0.029638888888888888
1 0.1966875 0.577574074074074 0.008338541666666668 0.03174074074074074
1 0.19902604166666665 0.9333981481481481 0.008567708333333333 0.03197222222222222
1 0.18554166666666666 0.3730185185185185 0.0047708333333333335 0.01875925925925926
1 0.20019791666666667 0.3214444444444445 0.004067708333333333 0.016694444444444446
1 0.187703125 0.3200648148148148 0.0024739583333333332 0.015601851851851853
1 0.20495833333333333 0.3093240740740741 0.0026875000000000002 0.013712962962962963
1 0.185078125 0.304 0.00384375 0.010787037037037038
1 0.20194270833333333 0.28925 0.003578125 0.01662962962962963
1 0.18196354166666667 0.2910462962962963 0.003401041666666667 0.011861111111111112
1 0.18877604166666667 0.2908611111111111 0.002864583333333333 0.012787037037037038
1 0.42555729166666667 0.6606666666666666 0.004786458333333333 0.02489814814814815
1 0.43211979166666664 0.6771388888888888 0.005401041666666666 0.025055555555555553