1 0.47099479166666663 0.7728796296296296 0.025348958333333334 0.03160185185185185
1 0.222265625 0.4994537037037037 0.022973958333333332 0.028675925925925924
1 0.24033333333333334 0.9314351851851852 0.02119270833333333 0.02924074074074074
1 0.43494791666666666 0.7797499999999999 0.02565625 0.024435185185185185
0 0.5901822916666667 0.7403703703703703 0.04421354166666667 0.03322222222222222
1 0.42135416666666664 0.7368148148148148 0.02271875 0.025055555555555553
1 0.18972916666666664 0.9374537037037037 0.009744791666666667 0.030435185185185183
0 0.5237760416666667 0.402712962962963 0.022734374999999998 0.013648148148148149
1 0.21725520833333334 0.39996296296296296 0.009677083333333333 0.017842592592592594
0 0.5544947916666667 0.664675925925926 0.03174479166666667 0.02826851851851852
1 0.20779166666666665 0.7663518518518518 0.008739583333333334 0.025916666666666664
0 0.5495989583333334 0.7141574074074074 0.03578645833333333 0.042222222222222223
1 0.19786458333333332 0.43548148148148147 0.00553125 0.01991666666666667
1 0.205671875 0.4292037037037037 0.0068125 0.017268518518518516
1 0.18975520833333331 0.6364074074074074 0.009260416666666667 0.02507407407407407
1 0.21408854166666666 0.9304351851851852 0.009255208333333332 0.026574074074074073
1 0.19002083333333333 0.43824074074074076 0.00459375 0.022046296296296296
1 0.1860885416666667 0.3605185185185185 0.005286458333333333 0.017185185185185185
1 0.19861458333333332 0.3629351851851852 0.00559375 0.01863888888888889
1 0.21482291666666667 0.36964814814814817 0.005661458333333333 0.017675925925925925
1 0.20823958333333334 0.32308333333333333 0.011520833333333334 0.025222222222222222
1 0.20490625 0.29898148148148146 0.009135416666666667 0.01677777777777778
0 0.6117708333333333 0.88 0.04458854166666667 0.08917592592592592
0 0.6545052083333334 0.887712962962963 0.02296875 0.04113888888888889
0 0.6353593750000001 0.9466203703703704 0.029661458333333335 0.05575925925925926
0 0.6548906250000001 0.9797870370370371 0.041338541666666666 0.039851851851851854
0 0.5881770833333333 0.7988796296296296 0.04043229166666666 0.07472222222222223
0 0.7150312499999999 0.5672592592592592 0.007104166666666667 0.021796296296296296
0 0.6606927083333333 0.5298333333333334 0.016760416666666667 0.03126851851851852
0 0.6083802083333333 0.4373703703703704 0.007005208333333333 0.017601851851851855
0 0.49600520833333334 0.38737962962962963 0.007484375 0.018462962962962966
0 0.24510937500000002 0.23492592592592593 0.009546875 0.012592592592592593
0 0.247703125 0.26672222222222225 0.014239583333333333 0.0205462962962963
0 0.3458645833333333 0.4340740740740741 0.02475 0.049249999999999995
0 0.35909375000000004 0.4763611111111111 0.023119791666666667 0.0295
1 0.40820833333333334 0.6768888888888889 0.027703125 0.06826851851851852
1 0.39563020833333334 0.6017222222222223 0.023947916666666666 0.04862037037037037
1 0.3526302083333333 0.606074074074074 0.032875 0.058166666666666665
1 0.36916666666666664 0.6855370370370371 0.012223958333333333 0.035222222222222224
1 0.389015625 0.6648981481481482 0.010255208333333333 0.02939814814814815
1 0.3645729166666667 0.6337037037037037 0.013020833333333334 0.02573148148148148
1 0.22886979166666668 0.8457037037037037 0.008906250000000001 0.026703703703703705
1 0.19379166666666667 0.7297777777777777 0.005671875000000001 0.030657407407407408
1 0.18994791666666666 0.688212962962963 0.005484375 0.028185185185185185
1 0.19783854166666667 0.2645555555555556 0.009213541666666667 0.016314814814814817
0 0.2549166666666667 0.29814814814814816 0.012161458333333335 0.021166666666666667
0 0.496734375 0.6490555555555556 0.028942708333333334 0.05898148148148148
0 0.920671875 0.9134907407407408 0.0085625 0.03743518518518518