1 0.445 0.9333333333333333 0.023114583333333334 0.04135185185185185
1 0.45846354166666664 0.8767407407407407 0.027796875 0.049749999999999996
1 0.38251562499999997 0.7071759259259259 0.018458333333333334 0.034379629629629635
1 0.33702604166666666 0.6014259259259259 0.020609375 0.019185185185185184
1 0.22902083333333334 0.7461296296296297 0.022130208333333335 0.03317592592592592
1 0.201234375 0.9364351851851852 0.008583333333333333 0.035944444444444446
1 0.20611458333333335 0.6414722222222222 0.0059791666666666665 0.033351851851851855
1 0.19106770833333334 0.6061018518518518 0.0047239583333333335 0.02560185185185185
1 0.19424999999999998 0.45291666666666663 0.003677083333333333 0.023944444444444445
1 0.19683854166666667 0.4056388888888889 0.013796874999999998 0.021675925925925925
0 0.21329166666666666 0.4275185185185185 0.005213541666666667 0.02587037037037037
0 0.24735416666666668 0.24500925925925926 0.011822916666666666 0.019777777777777776
0 0.29222395833333337 0.3199074074074074 0.00515625 0.018685185185185187
0 0.5273072916666667 0.39864814814814814 0.005614583333333333 0.013546296296296298
0 0.549859375 0.4066388888888889 0.007880208333333335 0.013425925925925926