1 0.407875 0.6904259259259259 0.035828125 0.05258333333333333
1 0.38838020833333337 0.7269074074074073 0.018546875 0.02625925925925926
1 0.23156770833333334 0.7020185185185185 0.01838020833333333 0.026
1 0.21498437499999998 0.5353425925925925 0.0073750000000000005 0.016657407407407405
1 0.39993229166666666 0.7631574074074075 0.017781250000000002 0.020972222222222222
1 0.192359375 0.7585277777777778 0.005348958333333333 0.024638888888888887
1 0.20848958333333334 0.827787037037037 0.004135416666666667 0.027296296296296298
1 0.2085364583333333 0.78225 0.0036145833333333334 0.026787037037037036
0 0.5319791666666667 0.40058333333333335 0.005057291666666667 0.015194444444444444
1 0.4366041666666666 0.9290648148148148 0.0235625 0.04618518518518519
1 0.19060937500000003 0.3436574074074074 0.0070260416666666665 0.017416666666666667
1 0.39816666666666667 0.6186851851851851 0.020307291666666668 0.022833333333333334
1 0.19305208333333335 0.7522592592592593 0.004682291666666667 0.024370370370370372
1 0.19016145833333334 0.3173888888888889 0.006895833333333334 0.016351851851851854
0 0.4740260416666667 0.38580555555555557 0.018953125 0.014092592592592592
1 0.19032291666666667 0.4419351851851852 0.00546875 0.018425925925925925
1 0.23154166666666667 0.6940277777777777 0.021479166666666667 0.030944444444444445
1 0.19818229166666665 0.5831851851851853 0.005203125 0.02901851851851852
1 0.185703125 0.4900833333333333 0.004432291666666667 0.024907407407407406
1 0.20188541666666668 0.4992407407407407 0.004895833333333334 0.020342592592592593
1 0.22069791666666666 0.4474074074074074 0.016166666666666666 0.026472222222222223
1 0.18307291666666667 0.39878703703703705 0.004942708333333334 0.018907407407407407
1 0.21017187499999998 0.35258333333333336 0.011161458333333334 0.02075
0 0.8711927083333334 0.93275 0.025625000000000002 0.04788888888888889
0 0.9193281249999999 0.9149259259259259 0.007614583333333333 0.03673148148148148
0 0.8539739583333333 0.8226111111111111 0.008026041666666667 0.0325925925925926
0 0.7951927083333333 0.7041018518518518 0.00678125 0.02776851851851852
0 0.7615312500000001 0.6687962962962962 0.007828125 0.025185185185185185
0 0.7360572916666667 0.6146759259259259 0.00840625 0.020342592592592593
0 0.6949947916666667 0.5974074074074075 0.022708333333333334 0.03297222222222222
0 0.33282291666666663 0.3291296296296296 0.0050416666666666665 0.014601851851851852
0 0.3196822916666667 0.3240648148148148 0.0047708333333333335 0.012481481481481482
0 0.28560416666666666 0.3178333333333333 0.010624999999999999 0.010685185185185185
0 0.251984375 0.2776666666666667 0.004895833333333334 0.010351851851851852
0 0.26026041666666666 0.27034259259259263 0.003942708333333334 0.010833333333333332
0 0.26716666666666666 0.2801666666666667 0.00425 0.00912962962962963