0 0.5357916666666667 0.40674074074074074 0.009947916666666667 0.016351851851851854
0 0.5685885416666667 0.4270740740740741 0.013291666666666667 0.01590740740740741
0 0.6638593749999999 0.48868518518518517 0.009479166666666667 0.025953703703703705
0 0.5393697916666667 0.4142314814814815 0.012020833333333333 0.016935185185185185
0 0.4276041666666667 0.36742592592592593 0.021552083333333336 0.01487962962962963
0 0.6873697916666667 0.522537037037037 0.0066927083333333335 0.023018518518518518
0 0.6799166666666667 0.5661296296296295 0.017015625 0.021444444444444443
0 0.6621354166666666 0.5323796296296297 0.0159375 0.02623148148148148
0 0.631546875 0.48597222222222225 0.016 0.021249999999999998
0 0.725953125 0.6068333333333333 0.006145833333333334 0.02234259259259259
0 0.25011458333333336 0.27929629629629626 0.015395833333333333 0.02149074074074074
0 0.2601822916666667 0.3042222222222222 0.0061875 0.015527777777777777
0 0.26976041666666667 0.2878148148148148 0.00990625 0.013824074074074074
0 0.34676562499999997 0.3370092592592593 0.012604166666666666 0.019805555555555555
0 0.385484375 0.35255555555555557 0.018494791666666666 0.017944444444444443
0 0.48996354166666667 0.38808333333333334 0.021062499999999998 0.02037962962962963
0 0.6136302083333334 0.4399814814814815 0.007447916666666667 0.016194444444444442
0 0.6193333333333333 0.463537037037037 0.007911458333333333 0.01573148148148148
0 0.7925104166666667 0.7082592592592593 0.008010416666666667 0.02937037037037037
0 0.8158177083333332 0.7345462962962962 0.0083125 0.029805555555555554
1 0.44740104166666667 0.98975 0.010567708333333333 0.02049074074074074
1 0.3430989583333333 0.6421203703703704 0.02509895833333333 0.02885185185185185
1 0.23295312499999998 0.9656296296296297 0.009145833333333332 0.03903703703703704
1 0.19188541666666667 0.679138888888889 0.007901041666666667 0.0297037037037037
1 0.20432291666666666 0.5764722222222223 0.0077083333333333335 0.02475
1 0.18520833333333334 0.4913981481481482 0.00653125 0.0247962962962963
1 0.18891666666666668 0.45196296296296296 0.005197916666666667 0.020037037037037037
1 0.1950677083333333 0.4334722222222222 0.005151041666666667 0.01874074074074074
1 0.193296875 0.3903611111111111 0.004182291666666667 0.017611111111111112
1 0.21442708333333332 0.37389814814814815 0.013494791666666667 0.024935185185185185
1 0.18557291666666667 0.37245370370370373 0.0036614583333333334 0.016574074074074074
1 0.19885416666666667 0.36724074074074076 0.004484375 0.01711111111111111
1 0.2205 0.47679629629629633 0.006598958333333333 0.0245462962962963
1 0.201984375 0.45864814814814814 0.005604166666666666 0.02425
1 0.21349479166666668 0.4031851851851852 0.005458333333333333 0.020388888888888887