1 0.23517708333333334 0.7805555555555556 0.026864583333333334 0.037175925925925925
1 0.1921875 0.6796944444444445 0.009317708333333334 0.021953703703703704
1 0.22816145833333332 0.6534351851851852 0.017468749999999998 0.018333333333333333
1 0.3798541666666667 0.6074629629629629 0.03739583333333333 0.06152777777777778
0 0.24131249999999999 0.2557592592592593 0.008489583333333333 0.013685185185185184
1 0.192546875 0.31103703703703706 0.007526041666666666 0.014981481481481481
1 0.18886979166666668 0.6427314814814815 0.008734374999999999 0.021472222222222222
1 0.208375 0.9346944444444445 0.008661458333333334 0.03127777777777778
1 0.20479166666666665 0.7658981481481482 0.008682291666666668 0.025935185185185186
0 0.878 0.9354907407407408 0.027885416666666666 0.049
1 0.21839583333333332 0.4640833333333333 0.014958333333333332 0.014203703703703703
1 0.20463541666666665 0.753462962962963 0.009640625000000002 0.026324074074074073
0 0.2628229166666667 0.2559166666666667 0.008458333333333333 0.015370370370370371
1 0.19203645833333333 0.4547685185185185 0.003916666666666666 0.018564814814814815
1 0.2155625 0.990787037037037 0.009000000000000001 0.016981481481481483
1 0.2290625 0.9735925925925926 0.010208333333333335 0.032685185185185185
1 0.22854166666666667 0.6480092592592592 0.021958333333333333 0.02363888888888889
1 0.522234375 0.9305925925925925 0.04408854166666667 0.11057407407407407
1 0.18315625000000002 0.5070370370370371 0.006213541666666667 0.023777777777777776
1 0.20134895833333333 0.6133888888888889 0.007161458333333333 0.028444444444444442
1 0.18816666666666665 0.37560185185185185 0.006348958333333333 0.024592592592592593
1 0.34160416666666665 0.6498148148148147 0.01608333333333333 0.02562962962962963
1 0.36205208333333333 0.6408611111111111 0.014515625 0.018583333333333334
1 0.35023437500000004 0.6244814814814815 0.021067708333333334 0.026861111111111113
0 0.3550729166666667 0.4337314814814815 0.01891666666666667 0.04791666666666667
0 0.373609375 0.48656481481481484 0.015463541666666667 0.025796296296296296
0 0.396625 0.49395370370370373 0.012848958333333334 0.025203703703703704
0 0.2568125 0.3012962962962963 0.010604166666666666 0.0185
0 0.27340625 0.2958055555555556 0.003802083333333333 0.02146296296296296
0 0.2645677083333334 0.28397222222222224 0.0037604166666666667 0.011046296296296295