1 0.4268125 0.6772962962962963 0.016645833333333335 0.024092592592592593
1 0.19127083333333333 0.3589351851851852 0.0036875000000000002 0.017296296296296296
1 0.22890625 0.6407314814814815 0.01628125 0.021287037037037035
1 0.238015625 0.8012037037037036 0.018765625 0.03233333333333333
1 0.3871145833333333 0.6218703703703704 0.03719791666666667 0.043240740740740746
0 0.6041510416666667 0.44985185185185184 0.015302083333333332 0.023740740740740743
1 0.19213020833333333 0.5542222222222222 0.005255208333333333 0.026222222222222223
1 0.20818229166666666 0.5644907407407407 0.004083333333333333 0.017611111111111112
0 0.8781041666666667 0.9312962962962963 0.022322916666666668 0.03902777777777778
0 0.6604947916666667 0.9758888888888889 0.050734375 0.04822222222222222
0 0.6579427083333333 0.49265740740740743 0.0046875 0.025518518518518517
1 0.18504166666666666 0.4209722222222222 0.004916666666666666 0.020259259259259258
1 0.19340624999999997 0.4075462962962963 0.0036562499999999998 0.016398148148148148
1 0.3403072916666667 0.6166574074074074 0.013744791666666667 0.017194444444444446
1 0.189859375 0.7676481481481481 0.0066302083333333334 0.025361111111111112
0 0.731625 0.6131851851851852 0.0033697916666666663 0.023962962962962964
0 0.5502604166666667 0.41660185185185183 0.01359375 0.016648148148148148
1 0.20832291666666666 0.7800370370370371 0.005619791666666666 0.025574074074074075
1 0.3788697916666666 0.6645648148148149 0.014864583333333332 0.015064814814814814
0 0.6331979166666667 0.9212685185185185 0.056203125 0.0902037037037037
1 0.21286979166666667 0.3591111111111111 0.007411458333333333 0.014166666666666668
1 0.4075520833333333 0.6562962962962963 0.013239583333333334 0.020046296296296295
0 0.520703125 0.6757777777777778 0.03386979166666667 0.03917592592592593
1 0.3796458333333333 0.6567777777777778 0.0146875 0.021898148148148146
1 0.401671875 0.7322777777777778 0.008604166666666666 0.030972222222222224
1 0.1910625 0.33285185185185184 0.006953125 0.014342592592592593
1 0.205890625 0.30397222222222225 0.007604166666666666 0.01450925925925926
0 0.6747031250000001 0.55825 0.019973958333333333 0.028574074074074075
1 0.4665885416666667 0.8613055555555555 0.045468749999999995 0.1302037037037037
0 0.7853958333333334 0.7108611111111112 0.008458333333333333 0.03424074074074074
0 0.7982083333333333 0.7169074074074074 0.007322916666666667 0.03381481481481482
0 0.8489687499999999 0.8033611111111111 0.008817708333333334 0.03766666666666667
0 0.6690677083333333 0.4996481481481482 0.005838541666666667 0.023805555555555555
0 0.3110364583333334 0.31952777777777774 0.006057291666666667 0.019268518518518518
0 0.29875520833333336 0.31786111111111115 0.0036822916666666666 0.014611111111111111
0 0.33030208333333333 0.32654629629629633 0.005098958333333333 0.017935185185185186
1 0.208640625 0.4200185185185185 0.005848958333333334 0.017018518518518516
1 0.201421875 0.3254444444444445 0.004958333333333333 0.017074074074074075
0 0.5425052083333333 0.7130092592592592 0.033651041666666666 0.05772222222222222
0 0.5687552083333334 0.7669722222222223 0.03034375 0.044287037037037034
0 0.6089218750000001 0.8533518518518518 0.046171875 0.042888888888888886
0 0.5010572916666667 0.653712962962963 0.030973958333333333 0.05790740740740741
0 0.43127604166666667 0.5450462962962963 0.012661458333333332 0.021916666666666668
0 0.261171875 0.2843425925925926 0.005208333333333333 0.025972222222222223
0 0.272015625 0.2942407407407407 0.007458333333333333 0.012685185185185185