1 0.42519270833333334 0.7279907407407408 0.027265625 0.03135185185185185
0 0.549953125 0.6821296296296296 0.04400520833333333 0.07067592592592592
1 0.431953125 0.7681388888888889 0.02600520833333333 0.028277777777777777
1 0.20576041666666667 0.5795833333333333 0.006500000000000001 0.02587037037037037
1 0.37038541666666663 0.6332037037037037 0.03425520833333333 0.040777777777777774
1 0.19285416666666666 0.3325740740740741 0.0037291666666666667 0.015953703703703703
1 0.182 0.5946388888888889 0.004744791666666666 0.0247962962962963
0 0.4456354166666667 0.5694537037037037 0.03396875 0.049851851851851856
0 0.8645052083333333 0.8316666666666667 0.013619791666666665 0.027185185185185184
1 0.19155729166666668 0.7130740740740741 0.0067083333333333335 0.02674074074074074
1 0.18847395833333333 0.7858981481481482 0.008916666666666666 0.03103703703703704
0 0.6252083333333334 0.7955740740740741 0.05142708333333333 0.1175925925925926
1 0.22543229166666665 0.4966851851851852 0.015536458333333333 0.027703703703703706
1 0.38535416666666666 0.7485555555555556 0.008515625 0.02162962962962963
1 0.21978645833333335 0.4585370370370371 0.008229166666666668 0.013583333333333333
1 0.18803645833333332 0.5895925925925926 0.008026041666666667 0.018805555555555555
1 0.3379375 0.6068888888888889 0.014239583333333333 0.01836111111111111
0 0.24341145833333336 0.23674074074074075 0.004505208333333333 0.01510185185185185
1 0.18563020833333335 0.4668981481481482 0.005317708333333334 0.02062037037037037
1 0.203125 0.4676296296296297 0.005822916666666666 0.023
1 0.21171875 0.381037037037037 0.014260416666666666 0.021833333333333333
0 0.3653177083333333 0.34748148148148145 0.020015625 0.018851851851851852
0 0.35198437499999996 0.39525925925925925 0.015057291666666667 0.02499074074074074
0 0.39922395833333335 0.4911203703703703 0.015000000000000001 0.021314814814814814
0 0.4048125 0.533 0.012989583333333334 0.02935185185185185
0 0.427203125 0.537675925925926 0.0083125 0.017694444444444443
0 0.38549479166666667 0.5244722222222222 0.020796875 0.04111111111111111
0 0.2563489583333333 0.21724074074074073 0.004796875000000001 0.013416666666666667
0 0.247484375 0.19651851851851854 0.007901041666666667 0.01711111111111111