2 0.34410937500000005 0.6937314814814814 0.04355208333333334 0.05388888888888889
1 0.229984375 0.6734722222222222 0.018291666666666664 0.03142592592592593
1 0.194078125 0.4633333333333333 0.005807291666666667 0.01987037037037037
1 0.1833854166666667 0.4352962962962963 0.0033697916666666663 0.016537037037037038
1 0.18763541666666667 0.4226666666666667 0.002963541666666667 0.016055555555555556
1 0.2099427083333333 0.4222222222222222 0.004572916666666666 0.01987962962962963
1 0.19196354166666665 0.37587037037037035 0.013932291666666667 0.016342592592592593
1 0.18833333333333335 0.3224537037037037 0.013270833333333334 0.017907407407407407
1 0.18436458333333333 0.28321296296296294 0.011104166666666667 0.02
1 0.19633854166666667 0.2675925925925926 0.008630208333333333 0.003916666666666667
0 0.6625885416666667 0.49796296296296294 0.0069791666666666665 0.03133333333333334
0 0.7389635416666667 0.63 0.010088541666666668 0.03140740740740741
0 0.7649791666666667 0.6754907407407407 0.006416666666666667 0.026935185185185184
0 0.8013020833333333 0.7156296296296296 0.007973958333333333 0.028027777777777776
0 0.37449479166666666 0.45155555555555554 0.022500000000000003 0.05832407407407408
0 0.25627083333333334 0.3019722222222222 0.013364583333333334 0.027212962962962963
0 0.2763177083333333 0.2942962962962963 0.006619791666666667 0.016574074074074074
0 0.271078125 0.2779814814814815 0.005286458333333333 0.025944444444444444
0 0.3996302083333333 0.4905740740740741 0.010895833333333334 0.01710185185185185
0 0.3949270833333333 0.4779259259259259 0.012442708333333333 0.01462962962962963
0 0.39339583333333333 0.4663425925925926 0.008755208333333332 0.017055555555555556