1 0.45505208333333336 0.8328055555555555 0.033380208333333335 0.042444444444444444
1 0.4109375 0.7368425925925925 0.04934375 0.06286111111111112
1 0.22534895833333335 0.6640925925925926 0.018005208333333335 0.01859259259259259
1 0.41201562500000005 0.821462962962963 0.029208333333333333 0.029555555555555557
0 0.68434375 0.902175925925926 0.02849479166666667 0.030305555555555554
0 0.6090520833333334 0.8123425925925927 0.02490104166666667 0.035472222222222224
1 0.44596874999999997 0.7753425925925926 0.025526041666666666 0.02338888888888889
0 0.61078125 0.7510648148148148 0.018921874999999998 0.027287037037037037
0 0.67465625 0.9442962962962963 0.03271875 0.038092592592592595
1 0.38454166666666667 0.635425925925926 0.03925520833333333 0.04543518518518518
0 0.5197499999999999 0.6677592592592592 0.0266875 0.02821296296296296
0 0.6293020833333334 0.8498981481481481 0.026015625 0.031629629629629626
1 0.22573437500000001 0.5739351851851852 0.01891666666666667 0.02812962962962963
1 0.1924375 0.9342962962962963 0.0070260416666666665 0.028694444444444443
1 0.19289583333333335 0.433787037037037 0.0031875000000000002 0.013851851851851853
1 0.19072916666666667 0.33766666666666667 0.006260416666666667 0.013731481481481482
0 0.5586822916666667 0.7183055555555555 0.02940104166666667 0.031657407407407405
1 0.38575 0.7530185185185185 0.021614583333333333 0.02160185185185185
1 0.41560416666666666 0.847712962962963 0.02021875 0.017611111111111112
0 0.623796875 0.7778888888888889 0.021348958333333334 0.03412037037037037
1 0.360953125 0.5852037037037037 0.022395833333333334 0.039703703703703706
1 0.19199479166666666 0.9439722222222222 0.006682291666666667 0.02776851851851852
0 0.6695677083333333 0.8518055555555556 0.032239583333333335 0.04775925925925926
1 0.4034947916666667 0.7805740740740741 0.01816145833333333 0.018851851851851852
0 0.6519322916666667 0.8161018518518518 0.022796875 0.04044444444444444
0 0.6479479166666666 0.9021666666666667 0.028239583333333332 0.04237037037037037
1 0.21398958333333334 0.3582222222222222 0.014296874999999999 0.014333333333333333
1 0.37156249999999996 0.6729444444444445 0.027130208333333336 0.025953703703703705
1 0.19270833333333334 0.8423240740740741 0.009234375 0.024722222222222222
1 0.213734375 0.4039814814814815 0.013640625 0.019731481481481482
1 0.2255625 0.6473055555555556 0.020161458333333333 0.02277777777777778
0 0.59703125 0.7289166666666667 0.020927083333333332 0.024101851851851853
0 0.6470781250000001 0.8755092592592593 0.029932291666666666 0.02187037037037037
1 0.19344791666666666 0.6584629629629629 0.009515625 0.019472222222222224
0 0.597390625 0.7854074074074074 0.025145833333333333 0.023064814814814816
1 0.19149479166666666 0.35724074074074075 0.005322916666666667 0.01898148148148148
0 0.7287031249999999 0.668138888888889 0.015156250000000001 0.027805555555555556
0 0.578375 0.7067407407407407 0.020354166666666666 0.020435185185185185
0 0.7019062500000001 0.6190740740740741 0.015265625 0.015833333333333335
0 0.5600989583333333 0.6795648148148148 0.017552083333333336 0.017657407407407406
0 0.5941614583333333 0.7242314814814814 0.019375 0.017879629629629627
0 0.6464583333333334 0.8880925925925925 0.030598958333333332 0.04413888888888889
1 0.208828125 0.9904351851851853 0.007604166666666666 0.019120370370370367
0 0.53896875 0.690962962962963 0.02118229166666667 0.026796296296296297
1 0.38075 0.6124351851851851 0.034229166666666665 0.01787037037037037
0 0.5914375 0.7738981481481481 0.02266666666666667 0.02946296296296296
0 0.65009375 0.9142037037037037 0.026708333333333334 0.029
0 0.58496875 0.7111111111111111 0.022515624999999997 0.017027777777777777
1 0.20040104166666667 0.7333796296296295 0.0053750000000000004 0.03198148148148148
1 0.17891145833333333 0.4201944444444444 0.005234375 0.02110185185185185
1 0.18479166666666666 0.40300925925925923 0.0038385416666666668 0.018407407407407407
0 0.6269322916666666 0.8225925925925925 0.020739583333333332 0.03275925925925926
0 0.50525 0.6513518518518518 0.017640625 0.018935185185185183
0 0.49824999999999997 0.6194722222222222 0.009557291666666667 0.013833333333333333
0 0.5100885416666666 0.6263055555555556 0.01203125 0.012444444444444444
0 0.5243489583333333 0.6369259259259259 0.010140624999999999 0.017907407407407407
0 0.5321770833333334 0.6388055555555555 0.017770833333333333 0.00963888888888889
0 0.5404322916666667 0.6592685185185185 0.01521875 0.02047222222222222
0 0.5495468750000001 0.6694166666666667 0.013494791666666667 0.016712962962962964
0 0.5799583333333334 0.7529351851851851 0.019411458333333336 0.025064814814814814
0 0.574203125 0.7420833333333334 0.018479166666666665 0.02748148148148148
0 0.6857604166666668 0.965574074074074 0.025807291666666666 0.038620370370370374
0 0.6914635416666666 0.9914907407407407 0.024838541666666665 0.01474074074074074
0 0.7129791666666667 0.6317685185185185 0.017723958333333335 0.020416666666666666
0 0.6936718749999999 0.6040833333333333 0.017036458333333334 0.02487962962962963
0 0.6840260416666666 0.5842592592592593 0.01896875 0.02512962962962963
0 0.6722812499999999 0.5697037037037037 0.01640625 0.021361111111111112
0 0.6624479166666667 0.5500277777777778 0.016749999999999998 0.024592592592592593
0 0.6414322916666666 0.5079537037037037 0.013234375 0.014833333333333334
0 0.6334531250000001 0.4925833333333333 0.018203125 0.02451851851851852
0 0.6372708333333333 0.49533333333333335 0.013401041666666667 0.01548148148148148
0 0.622890625 0.47547222222222224 0.012838541666666667 0.011870370370370371
0 0.5920208333333333 0.44349074074074074 0.015390625 0.017444444444444443
0 0.6092447916666667 0.4544074074074074 0.014958333333333332 0.016638888888888887
0 0.509515625 0.39087037037037037 0.017156249999999998 0.02162962962962963
0 0.527765625 0.402712962962963 0.012713541666666666 0.017296296296296296
0 0.544765625 0.41053703703703703 0.011838541666666667 0.010842592592592593
0 0.49084374999999997 0.38658333333333333 0.015895833333333335 0.01199074074074074
0 0.47365625 0.3791481481481482 0.01699479166666667 0.015453703703703706
0 0.4565572916666667 0.37327777777777776 0.015552083333333333 0.01287962962962963
0 0.41703645833333336 0.36094444444444446 0.01838020833333333 0.013546296296296298
0 0.35025520833333335 0.3388425925925926 0.016723958333333334 0.017314814814814814
0 0.33217708333333335 0.33167592592592593 0.01573958333333333 0.014305555555555556
0 0.3858229166666666 0.3488425925925926 0.015078125 0.015222222222222224
0 0.263296875 0.3065555555555555 0.014125 0.008805555555555556
0 0.25638020833333336 0.3009351851851852 0.014546874999999999 0.014277777777777778
0 0.253828125 0.29235185185185186 0.017635416666666667 0.02082407407407407
0 0.25115104166666663 0.27900925925925923 0.013791666666666667 0.01787037037037037
0 0.24573958333333332 0.2703981481481481 0.014494791666666666 0.013037037037037038
0 0.24831770833333333 0.27214814814814814 0.011161458333333334 0.010611111111111111
0 0.245578125 0.26229629629629625 0.012213541666666666 0.01138888888888889
0 0.2475625 0.2529351851851852 0.012989583333333334 0.022324074074074073
0 0.26071875 0.2528518518518518 0.0025416666666666665 0.008129629629629629
0 0.25738541666666664 0.2486944444444444 0.00321875 0.008453703703703705
0 0.2560364583333333 0.24515740740740738 0.0026458333333333334 0.008379629629629631
0 0.2543125 0.23800925925925928 0.0031354166666666666 0.008092592592592592
0 0.259484375 0.26805555555555555 0.0025885416666666665 0.006740740740740741
0 0.26234375 0.28047222222222223 0.002828125 0.008935185185185185
0 0.26443229166666665 0.2708333333333333 0.004520833333333333 0.011222222222222222
0 0.2674375 0.28047222222222223 0.0036145833333333334 0.009462962962962963
0 0.27134375 0.2753333333333333 0.004953125 0.008888888888888889
0 0.2699010416666667 0.27151851851851855 0.004796875000000001 0.012037037037037037
0 0.272203125 0.29583333333333334 0.002932291666666667 0.01
0 0.27322395833333335 0.2837777777777778 0.0020937499999999997 0.004212962962962963
0 0.2779010416666667 0.29842592592592593 0.003359375 0.0054907407407407405
0 0.28644270833333335 0.2972222222222222 0.004463541666666667 0.008462962962962964
0 0.3311354166666666 0.4470462962962963 0.015125 0.02967592592592592
0 0.35058333333333336 0.4707777777777778 0.02227604166666667 0.0483425925925926
0 0.40221875 0.4949907407407408 0.013015625 0.01813888888888889
0 0.3978177083333333 0.48517592592592595 0.013635416666666667 0.014472222222222223
0 0.392390625 0.4775277777777778 0.011317708333333334 0.012796296296296297
0 0.3879114583333333 0.4708888888888889 0.011109375 0.018212962962962966
0 0.38316666666666666 0.4635462962962963 0.010604166666666666 0.014027777777777778
0 0.36964583333333334 0.4708333333333333 0.012234374999999999 0.01848148148148148
0 0.37318229166666667 0.4781388888888889 0.010458333333333332 0.01597222222222222
0 0.37474999999999997 0.4504351851851852 0.008432291666666668 0.011935185185185186
0 0.3822291666666667 0.45664814814814814 0.009229166666666667 0.01112037037037037
0 0.3720833333333333 0.44080555555555556 0.012734375 0.012138888888888888
0 0.3688333333333333 0.42633333333333334 0.011927083333333333 0.01626851851851852
0 0.33966145833333333 0.40982407407407406 0.010067708333333333 0.011666666666666667
0 0.3613958333333333 0.42112962962962963 0.007119791666666667 0.012861111111111111
0 0.3584375 0.4091203703703704 0.0115 0.012203703703703703
0 0.335984375 0.40205555555555555 0.007963541666666666 0.011694444444444445
0 0.32994270833333333 0.3907777777777778 0.011864583333333335 0.014833333333333334
0 0.3527135416666667 0.39812962962962967 0.01121875 0.01163888888888889
0 0.3485833333333333 0.3917777777777778 0.009734375 0.010592592592592593
0 0.34750520833333337 0.4225833333333333 0.008453125 0.007601851851851853
0 0.328203125 0.42535185185185187 0.011885416666666667 0.011583333333333333
0 0.32242187499999997 0.41058333333333336 0.010401041666666666 0.013185185185185185
0 0.30100520833333333 0.2842037037037037 0.007859375 0.027
0 0.3151145833333333 0.29068518518518516 0.012359375 0.009796296296296296
0 0.3152760416666667 0.3025 0.015026041666666667 0.011916666666666666
0 0.3300885416666667 0.31028703703703703 0.009729166666666667 0.00876851851851852
0 0.33155208333333336 0.30142592592592593 0.009927083333333333 0.008027777777777778
0 0.31446874999999996 0.27814814814814814 0.009515625 0.007611111111111112
0 0.314328125 0.2696574074074074 0.011770833333333335 0.00936111111111111
0 0.31171875 0.26237037037037036 0.008302083333333333 0.007268518518518518