1 0.522671875 0.9339814814814815 0.043625000000000004 0.11847222222222223
0 0.36906770833333336 0.34473148148148147 0.024046875000000002 0.01812037037037037
1 0.43785937500000005 0.7647499999999999 0.026484375 0.04733333333333333
0 0.5353177083333333 0.4000740740740741 0.028708333333333332 0.020962962962962964
0 0.4368385416666667 0.3671018518518519 0.025718750000000002 0.018861111111111113
1 0.20996874999999998 0.3294351851851852 0.011421875 0.02089814814814815
1 0.22176041666666665 0.500175925925926 0.017979166666666668 0.03705555555555556
1 0.19492708333333333 0.4981759259259259 0.006322916666666667 0.026962962962962963
1 0.18347395833333333 0.5388055555555555 0.0054218750000000005 0.025907407407407407
1 0.19950520833333335 0.5613055555555556 0.006625000000000001 0.027212962962962963
1 0.19043229166666667 0.589 0.006484375 0.029768518518518517
1 0.199625 0.4011574074074074 0.004291666666666667 0.021416666666666667
1 0.18542708333333333 0.3222962962962963 0.0036145833333333334 0.01611111111111111
1 0.18176041666666667 0.2889722222222222 0.0028541666666666667 0.013999999999999999
1 0.18047395833333332 0.2760740740740741 0.009713541666666665 0.01563888888888889
1 0.19794270833333333 0.2748888888888889 0.010755208333333332 0.01586111111111111
1 0.199515625 0.22382407407407406 0.009432291666666667 0.015453703703703706
1 0.36009895833333333 0.6134629629629629 0.029921875 0.05081481481481482
1 0.386265625 0.7248055555555555 0.02099479166666667 0.025611111111111112
1 0.37575000000000003 0.7038425925925925 0.018427083333333334 0.021962962962962962
0 0.6615 0.9192314814814815 0.02480729166666667 0.0435462962962963
0 0.6480729166666667 0.8917962962962963 0.025848958333333335 0.0422037037037037
0 0.637703125 0.8704722222222222 0.020374999999999997 0.031046296296296298
0 0.63053125 0.8504814814814815 0.02099479166666667 0.03125925925925926
0 0.6204583333333333 0.8314537037037038 0.022229166666666668 0.031203703703703706
0 0.6110208333333333 0.8067962962962963 0.018932291666666667 0.041074074074074075
0 0.6824895833333334 0.9695648148148149 0.025343749999999998 0.05492592592592593
0 0.6945885416666666 0.8984537037037037 0.027546875000000002 0.04086111111111111
0 0.7009427083333333 0.9210555555555555 0.029265625 0.031231481481481478
0 0.6793125 0.8685462962962963 0.02754166666666667 0.04239814814814815
0 0.6615 0.8441666666666667 0.020927083333333332 0.039268518518518515
0 0.6505572916666666 0.8129907407407407 0.023484375000000002 0.03988888888888889
0 0.6378645833333334 0.7900555555555555 0.02009375 0.03584259259259259
0 0.63053125 0.7772685185185185 0.021609375 0.02763888888888889
0 0.6193437500000001 0.7641388888888889 0.020916666666666663 0.033962962962962966
0 0.596734375 0.7891296296296296 0.022125 0.033435185185185186
0 0.5888281249999999 0.768462962962963 0.019223958333333332 0.024342592592592593
0 0.5788697916666667 0.7520462962962964 0.017781250000000002 0.023203703703703702
0 0.572546875 0.7392685185185185 0.018510416666666665 0.020305555555555556
0 0.565 0.7287222222222222 0.012328125 0.017314814814814814
0 0.5888177083333334 0.7220648148148149 0.017302083333333333 0.01637962962962963
0 0.579453125 0.697425925925926 0.01640625 0.012472222222222223
0 0.5855364583333333 0.7088055555555556 0.01583333333333333 0.011203703703703704
0 0.5352291666666668 0.6882685185185186 0.013291666666666667 0.020564814814814817
0 0.5151927083333333 0.6627222222222222 0.012703125000000001 0.024574074074074075
0 0.52415625 0.6669074074074074 0.009614583333333334 0.023898148148148148
0 0.53590625 0.6534074074074073 0.014645833333333334 0.017277777777777777
0 0.5514843749999999 0.7062592592592593 0.015234375 0.016555555555555556
0 0.5626927083333333 0.6841203703703704 0.014723958333333334 0.016425925925925924
0 0.5079583333333333 0.6476203703703703 0.01096875 0.026074074074074076
0 0.49936458333333333 0.6393148148148149 0.010979166666666667 0.024175925925925927
0 0.9193645833333334 0.9154166666666667 0.00715625 0.029555555555555557
0 0.8748229166666667 0.9305740740740741 0.03015625 0.04513888888888889
0 0.8665833333333333 0.8216018518518519 0.006666666666666667 0.028722222222222222
0 0.8893020833333334 0.8551666666666667 0.008166666666666666 0.027916666666666666
0 0.8710260416666666 0.8627407407407407 0.010458333333333332 0.023824074074074074
0 0.8404843750000001 0.7818240740740741 0.009869791666666666 0.03425
0 0.808671875 0.7278055555555555 0.007744791666666666 0.024555555555555556
0 0.7919583333333333 0.6974074074074075 0.006541666666666667 0.031092592592592592
0 0.7400416666666667 0.6348055555555556 0.00703125 0.025777777777777778
0 0.7112239583333333 0.5511111111111111 0.004869791666666666 0.020814814814814814
0 0.7120468750000001 0.5868981481481482 0.0071875 0.023296296296296298
0 0.7249531250000001 0.6545462962962962 0.019161458333333332 0.027472222222222224
0 0.7098541666666667 0.6326111111111111 0.021072916666666667 0.033796296296296297
0 0.6966770833333332 0.5977314814814815 0.020958333333333336 0.028416666666666666
0 0.6840208333333333 0.5751574074074074 0.018901041666666667 0.024009259259259258
0 0.675265625 0.5605185185185185 0.017338541666666665 0.022509259259259257
0 0.6660572916666666 0.540537037037037 0.01853125 0.020925925925925928
0 0.6518489583333333 0.5171666666666667 0.019526041666666667 0.020842592592592593
0 0.6425260416666667 0.4995648148148148 0.02022916666666667 0.019898148148148147
0 0.6148958333333333 0.4610277777777778 0.018526041666666666 0.019592592592592592
0 0.5852604166666667 0.43651851851851853 0.0145 0.009555555555555555
0 0.5657656249999999 0.4239074074074074 0.01728125 0.012101851851851851
0 0.5193645833333334 0.3981759259259259 0.016734375000000003 0.012018518518518519
0 0.4900364583333333 0.383 0.01990625 0.012962962962962963
0 0.3051510416666667 0.32551851851851854 0.02227604166666667 0.019083333333333334
0 0.25363020833333333 0.29741666666666666 0.012583333333333334 0.00937037037037037
0 0.25084375 0.28694444444444445 0.013994791666666668 0.00962962962962963
0 0.25023958333333335 0.2753703703703704 0.011453125 0.00974074074074074
0 0.27759375000000003 0.31283333333333335 0.011578125 0.009657407407407408
0 0.2629270833333333 0.3081203703703704 0.009354166666666667 0.006138888888888889
0 0.24627083333333333 0.23975000000000002 0.010822916666666666 0.017046296296296296
0 0.2601822916666667 0.2540648148148148 0.0047552083333333335 0.01025
0 0.2605208333333333 0.24354629629629626 0.0031145833333333334 0.009287037037037036
0 0.266265625 0.23653703703703705 0.004635416666666667 0.010046296296296296
0 0.2638802083333333 0.2721111111111111 0.0051875 0.01562962962962963
0 0.26833333333333337 0.26105555555555554 0.006109375 0.010638888888888889
0 0.27613541666666663 0.2855555555555555 0.005765625 0.01062037037037037
0 0.40072916666666664 0.49011111111111116 0.014442708333333333 0.0205462962962963
0 0.3780104166666666 0.48912962962962964 0.013510416666666667 0.015120370370370369
0 0.3905677083333333 0.4708888888888889 0.009729166666666667 0.01225
0 0.3660625 0.4673611111111111 0.011473958333333334 0.009824074074074074
0 0.3721979166666667 0.4796388888888889 0.010723958333333334 0.015592592592592592
0 0.3838125 0.4644537037037037 0.010270833333333333 0.008481481481481482
0 0.3804895833333333 0.4570462962962963 0.01221875 0.010342592592592592
0 0.3764166666666667 0.4482685185185185 0.011619791666666665 0.012175925925925927
0 0.3720416666666667 0.43907407407407406 0.010682291666666668 0.01250925925925926
0 0.36846354166666667 0.4286851851851852 0.011854166666666667 0.008296296296296296
0 0.36491666666666667 0.4207962962962963 0.010744791666666666 0.007898148148148147
0 0.36211458333333335 0.41388888888888886 0.012166666666666666 0.00874074074074074
0 0.358578125 0.40679629629629627 0.009260416666666667 0.005824074074074074
0 0.3552604166666667 0.4000185185185185 0.009130208333333334 0.009185185185185185
0 0.3613385416666667 0.4629259259259259 0.011135416666666667 0.009231481481481483
0 0.357984375 0.4531759259259259 0.011453125 0.010675925925925926
0 0.3544322916666667 0.44439814814814815 0.013979166666666666 0.012046296296296296
0 0.34906770833333334 0.43460185185185185 0.012354166666666666 0.010351851851851852
0 0.34597395833333333 0.4227870370370371 0.012671874999999999 0.009462962962962963
0 0.34199999999999997 0.4121111111111111 0.010979166666666667 0.011379629629629628
0 0.33809374999999997 0.40478703703703706 0.011484375 0.010296296296296295
0 0.3324375 0.3904722222222222 0.010588541666666666 0.011157407407407408