1 0.44415104166666663 0.8481203703703704 0.033578125 0.05327777777777778
1 0.43720833333333337 0.6798425925925926 0.03795833333333333 0.0684074074074074
1 0.21178125 0.8431018518518518 0.008932291666666667 0.022907407407407408
1 0.19443749999999999 0.32946296296296296 0.00321875 0.014324074074074074
1 0.22709895833333332 0.6531203703703704 0.016864583333333336 0.020953703703703704
1 0.18036979166666667 0.8356388888888889 0.0064375 0.02563888888888889
1 0.19145312499999997 0.9877685185185184 0.00840625 0.02447222222222222
1 0.22738541666666665 0.643787037037037 0.013354166666666667 0.03075
1 0.20789583333333334 0.7178703703703704 0.004854166666666667 0.024666666666666667
1 0.19538020833333333 0.3973611111111111 0.0038229166666666667 0.020351851851851854
1 0.20353645833333334 0.286 0.009916666666666666 0.013972222222222223
1 0.18168749999999997 0.24177777777777779 0.004666666666666667 0.010240740740740741
1 0.20852604166666666 0.7278148148148148 0.004927083333333334 0.021249999999999998
1 0.18783333333333332 0.5021018518518519 0.009088541666666667 0.019777777777777776
1 0.17889583333333334 0.3002592592592592 0.004489583333333333 0.016305555555555556
1 0.19275 0.3836851851851852 0.004291666666666667 0.01677777777777778
0 0.276953125 0.20827777777777778 0.011270833333333334 0.01987037037037037
1 0.190546875 0.26464814814814813 0.006333333333333333 0.012231481481481482
1 0.20423958333333334 0.9519259259259258 0.009354166666666667 0.02978703703703704
0 0.8015833333333333 0.7187129629629629 0.00696875 0.024944444444444446
0 0.7477135416666666 0.6309074074074074 0.005385416666666667 0.026472222222222223
0 0.6993229166666667 0.553425925925926 0.005630208333333333 0.024342592592592593
0 0.248609375 0.28438888888888886 0.012697916666666666 0.017685185185185186
0 0.26785937499999996 0.2836574074074074 0.010166666666666666 0.01274074074074074
1 0.18760416666666666 0.32025 0.0038333333333333336 0.018212962962962966