1 0.419859375 0.8145 0.024244791666666664 0.035250000000000004
1 0.4927395833333333 0.9907037037037038 0.034234375000000004 0.01801851851851852
1 0.17975 0.32319444444444445 0.0038072916666666663 0.015175925925925926
1 0.19329166666666667 0.5471388888888888 0.0039791666666666664 0.01837037037037037
1 0.37774479166666663 0.6001944444444445 0.018114583333333333 0.02175
1 0.20317187499999997 0.9483333333333334 0.010114583333333335 0.037537037037037035
0 0.7202552083333333 0.6001203703703704 0.019494791666666667 0.027824074074074074
1 0.18176041666666667 0.44596296296296295 0.00490625 0.015675925925925926
1 0.17798958333333334 0.14882407407407405 0.006328125 0.011333333333333334
1 0.17879687500000002 0.1679537037037037 0.005625000000000001 0.011416666666666667
0 0.8091302083333333 0.7292592592592593 0.010729166666666668 0.03637037037037037
1 0.18754166666666666 0.40746296296296297 0.005020833333333334 0.023324074074074077
1 0.20002604166666668 0.42850925925925926 0.0053593749999999996 0.018611111111111113
1 0.1783697916666667 0.29 0.0031614583333333334 0.01237962962962963
1 0.19623958333333333 0.2783703703703704 0.003244791666666667 0.011166666666666667
1 0.17704166666666668 0.2799814814814815 0.002453125 0.007703703703703704
1 0.17481770833333332 0.2737037037037037 0.0032708333333333335 0.010537037037037037
0 0.27784895833333334 0.30100925925925925 0.003244791666666667 0.016342592592592593
0 0.43642708333333335 0.5674814814814815 0.019703125 0.05039814814814815
0 0.39774479166666665 0.5061666666666667 0.01996875 0.04766666666666666
1 0.4350572916666666 0.9616666666666666 0.008317708333333333 0.032212962962962964
1 0.33641666666666664 0.644425925925926 0.005208333333333333 0.01661111111111111
1 0.18721354166666665 0.740037037037037 0.006072916666666667 0.02700925925925926
1 0.20244791666666667 0.7225462962962963 0.006536458333333333 0.028351851851851854