1 0.18967708333333333 0.8079444444444445 0.0075625 0.03526851851851852
1 0.20084375000000002 0.8433981481481482 0.010484374999999999 0.031685185185185184
1 0.2289635416666667 0.7616203703703703 0.007572916666666666 0.03337037037037037
1 0.200890625 0.763824074074074 0.010385416666666668 0.03913888888888889
1 0.19731249999999997 0.681962962962963 0.006880208333333334 0.03252777777777778
1 0.19348437500000001 0.6228611111111112 0.0075625 0.03622222222222222
1 0.20776041666666664 0.607537037037037 0.0073124999999999996 0.02422222222222222
1 0.19507291666666668 0.5871574074074074 0.006932291666666667 0.024398148148148148
1 0.22672395833333334 0.5805555555555556 0.018145833333333337 0.02475925925925926
1 0.22801041666666666 0.5466944444444444 0.017854166666666667 0.02203703703703704
1 0.20866666666666667 0.34017592592592594 0.013114583333333334 0.015814814814814813
1 0.20646354166666667 0.3147314814814815 0.010666666666666666 0.01725925925925926
1 0.19896875 0.2647129629629629 0.010906250000000001 0.02287037037037037
1 0.5170572916666667 0.8838981481481482 0.04064583333333334 0.10402777777777777
1 0.4406041666666667 0.9811574074074075 0.026932291666666667 0.03768518518518519
1 0.4219114583333334 0.910425925925926 0.023942708333333333 0.038425925925925926
1 0.4442083333333333 0.8521481481481482 0.054765625000000005 0.0997962962962963
1 0.40596875000000004 0.7981111111111111 0.020354166666666666 0.03450925925925926
1 0.4459635416666667 0.7891944444444445 0.022312500000000002 0.03569444444444444
1 0.4373385416666667 0.7576944444444444 0.021390625 0.04313888888888889
1 0.39677604166666663 0.7646388888888889 0.022401041666666666 0.03805555555555556
1 0.42770833333333336 0.7124907407407407 0.03259895833333334 0.07598148148148148
1 0.38370312500000003 0.7210833333333333 0.03559375 0.07962037037037037
1 0.40061979166666667 0.6598333333333334 0.03252083333333333 0.08577777777777777
1 0.4309010416666667 0.6531203703703704 0.02653125 0.046620370370370375
0 0.6521562500000001 0.9733703703703703 0.05256770833333334 0.05325925925925926
0 0.6237083333333333 0.9276481481481481 0.033 0.07151851851851851
0 0.6071197916666667 0.8555462962962963 0.04402083333333333 0.08849074074074073
0 0.5739739583333333 0.7075648148148148 0.03715625 0.06205555555555555
0 0.5832812500000001 0.7495648148148147 0.018135416666666668 0.043555555555555556
0 0.5340260416666667 0.7029351851851852 0.03586458333333333 0.07075925925925926
0 0.8678645833333333 0.9228240740740741 0.027947916666666666 0.04555555555555556
0 0.8922135416666667 0.878824074074074 0.009916666666666666 0.04424074074074074
0 0.8308125000000001 0.7802222222222223 0.009260416666666667 0.03969444444444444
0 0.8104427083333333 0.7304074074074074 0.012750000000000001 0.031574074074074074
0 0.65490625 0.49244444444444446 0.006020833333333334 0.024037037037037037
0 0.662765625 0.4882962962962963 0.008192708333333333 0.026583333333333334
0 0.6825989583333333 0.5744259259259259 0.020552083333333335 0.0254537037037037
0 0.6988177083333333 0.6086944444444444 0.019942708333333333 0.026555555555555554
0 0.62659375 0.4761203703703704 0.016739583333333332 0.02510185185185185
0 0.5505520833333333 0.4085740740740741 0.008979166666666667 0.021249999999999998