1 0.408265625 0.6944259259259259 0.036828124999999996 0.06388888888888888
0 0.601078125 0.7862314814814815 0.02871354166666667 0.028120370370370372
1 0.191890625 0.4909907407407407 0.00703125 0.0205462962962963
1 0.22609895833333335 0.538787037037037 0.02053125 0.027037037037037037
1 0.2244010416666667 0.6480462962962963 0.02303125 0.02825925925925926
0 0.6480312500000001 0.8682407407407408 0.030239583333333334 0.027435185185185184
0 0.6530677083333334 0.818712962962963 0.032026041666666664 0.03654629629629629
0 0.6737135416666666 0.9483333333333334 0.028781249999999998 0.025296296296296296
1 0.22055208333333332 0.4553611111111111 0.012234374999999999 0.012240740740740741
1 0.18932812499999999 0.41471296296296295 0.013515625 0.02226851851851852
1 0.1853020833333333 0.37630555555555556 0.016677083333333335 0.015472222222222222
1 0.1936041666666667 0.5378055555555556 0.008932291666666667 0.023796296296296295
1 0.193296875 0.3333055555555556 0.015041666666666667 0.016157407407407405
0 0.6619218750000001 0.9097037037037037 0.031234374999999998 0.025657407407407407
0 0.6655989583333334 0.9276018518518518 0.03197916666666666 0.02727777777777778
0 0.6158541666666667 0.8149074074074074 0.030744791666666667 0.03242592592592593
1 0.5501302083333334 0.9788796296296297 0.05255208333333334 0.04225
1 0.38890625 0.6370277777777777 0.03769270833333334 0.03923148148148148
1 0.19543750000000001 0.4135462962962963 0.015536458333333333 0.02358333333333333
1 0.19401041666666666 0.729175925925926 0.005984375 0.02850925925925926
1 0.19545833333333332 0.2639351851851852 0.00978125 0.015592592592592592
0 0.24342708333333332 0.2610648148148148 0.008192708333333333 0.012703703703703705
0 0.26073958333333336 0.20022222222222222 0.0069947916666666665 0.02416666666666667
0 0.25222916666666667 0.22637037037037036 0.0016927083333333334 0.010472222222222223
0 0.25428125 0.2633888888888889 0.0025416666666666665 0.011564814814814814
0 0.25542708333333336 0.24562962962962961 0.002328125 0.011935185185185186
0 0.26389583333333333 0.2831574074074074 0.0028854166666666668 0.012574074074074074
0 0.26489583333333333 0.26334259259259263 0.0035885416666666665 0.009157407407407408
0 0.27616666666666667 0.2906388888888889 0.004484375 0.012814814814814815
0 0.28232291666666665 0.3017777777777778 0.004541666666666667 0.011935185185185186
0 0.3997604166666667 0.49124999999999996 0.013473958333333334 0.025027777777777777
0 0.3779166666666667 0.4896666666666667 0.009505208333333333 0.016064814814814816
0 0.35696875 0.33682407407407405 0.009291666666666667 0.013722222222222222
0 0.6904114583333333 0.8981018518518519 0.01775 0.027953703703703706
0 0.6787395833333334 0.8810092592592592 0.020151041666666664 0.032407407407407406
0 0.6708229166666667 0.8540000000000001 0.023093750000000003 0.03367592592592592
0 0.6300833333333333 0.8519166666666668 0.01946875 0.038842592592592595
0 0.6402291666666666 0.7955555555555556 0.01768229166666667 0.027916666666666666
0 0.5879270833333333 0.7676481481481481 0.020739583333333332 0.025009259259259262
0 0.5777552083333333 0.7524444444444445 0.0154375 0.024916666666666667
0 0.6060312499999999 0.7450925925925926 0.01615625 0.022694444444444444
0 0.6176354166666667 0.7569722222222222 0.016463541666666668 0.024453703703703703
0 0.571453125 0.7373796296296297 0.017552083333333336 0.02272222222222222
0 0.6038802083333333 0.7353333333333333 0.016208333333333335 0.02515740740740741
0 0.5977708333333334 0.7227962962962963 0.020026041666666668 0.029805555555555554
0 0.5684427083333333 0.7319814814814815 0.020223958333333333 0.02262962962962963
0 0.5595520833333333 0.7197592592592593 0.01680729166666667 0.023731481481481482
0 0.55284375 0.7090740740740741 0.017437499999999998 0.02613888888888889
0 0.5414687499999999 0.6947407407407408 0.019765625000000002 0.02659259259259259
0 0.5442916666666666 0.7017222222222222 0.015380208333333334 0.02450925925925926
0 0.5307239583333333 0.6845833333333333 0.012984375 0.019944444444444445
0 0.526140625 0.6726388888888889 0.014854166666666667 0.02460185185185185
0 0.5422135416666667 0.6572407407407408 0.016234375000000002 0.022925925925925926
0 0.53353125 0.6507222222222222 0.014593749999999999 0.019398148148148147
0 0.5291979166666666 0.6436574074074074 0.01428125 0.01714814814814815
0 0.522453125 0.6363796296296296 0.012494791666666666 0.015074074074074075
0 0.51678125 0.6691111111111111 0.012510416666666666 0.01991666666666667
0 0.5148854166666667 0.6575925925925926 0.014739583333333334 0.019453703703703706
0 0.5062447916666667 0.6495555555555556 0.017520833333333333 0.022407407407407407
0 0.5016458333333333 0.6429444444444444 0.014005208333333333 0.021083333333333332
0 0.6266041666666666 0.7725925925925926 0.019921875 0.026583333333333334
0 0.7301249999999999 0.6692222222222222 0.015859375 0.03407407407407407
0 0.6954322916666666 0.6091388888888889 0.015953125 0.024814814814814814
0 0.68909375 0.5921388888888889 0.012140624999999999 0.01662962962962963
0 0.6819583333333333 0.5810462962962962 0.011692708333333333 0.014611111111111111
0 0.6738802083333333 0.5668611111111111 0.013255208333333332 0.02089814814814815
0 0.669234375 0.5528425925925926 0.01353125 0.016185185185185184
0 0.6629322916666667 0.539537037037037 0.015458333333333333 0.02297222222222222
0 0.6252447916666667 0.48037037037037034 0.012343749999999999 0.02264814814814815
0 0.24878125 0.20900925925925926 0.0036927083333333334 0.012074074074074074
0 0.244328125 0.19971296296296295 0.0021458333333333334 0.012305555555555554
0 0.37314062499999995 0.3428888888888889 0.003848958333333333 0.014722222222222223
0 0.3820729166666667 0.3456018518518518 0.006510416666666667 0.015018518518518518
0 0.3913854166666667 0.34731481481481485 0.006479166666666666 0.015018518518518518
0 0.4530885416666666 0.3642777777777778 0.00590625 0.015314814814814814