1 0.38663020833333334 0.729787037037037 0.02285416666666667 0.03300925925925926
1 0.39063020833333334 0.658425925925926 0.03677083333333333 0.05360185185185185
0 0.6641458333333333 0.8467685185185185 0.02903125 0.03324074074074074
1 0.44936979166666663 0.8460462962962964 0.030166666666666668 0.043583333333333335
1 0.23331770833333335 0.7509074074074075 0.02090104166666667 0.02422222222222222
0 0.5930052083333333 0.7778055555555555 0.029854166666666668 0.03185185185185185
1 0.41396354166666666 0.7936851851851852 0.024421875 0.026787037037037036
1 0.43050520833333333 0.7482407407407408 0.027369791666666664 0.029583333333333333
1 0.40944270833333335 0.71 0.02490625 0.025111111111111112
1 0.376421875 0.7063981481481482 0.022083333333333333 0.02022222222222222
1 0.21647395833333333 0.6852777777777778 0.009848958333333333 0.028527777777777777
1 0.3548177083333333 0.6544166666666666 0.025177083333333336 0.023287037037037037
0 0.6568645833333334 0.8995740740740741 0.032151041666666665 0.02462962962962963
1 0.19036458333333334 0.553037037037037 0.0071875 0.02390740740740741
1 0.41620833333333335 0.7070925925925926 0.023598958333333333 0.024231481481481482
0 0.662875 0.937675925925926 0.035541666666666666 0.03638888888888889
1 0.38389062500000004 0.5985555555555556 0.0334375 0.032212962962962964
1 0.4650885416666667 0.787675925925926 0.020656249999999998 0.016194444444444442
1 0.23398958333333333 0.7287777777777779 0.02025 0.01374074074074074
0 0.6229322916666666 0.8364351851851852 0.029276041666666665 0.03657407407407407
0 0.614875 0.7569259259259259 0.031010416666666665 0.02811111111111111
0 0.6770677083333333 0.9556944444444445 0.035895833333333335 0.025916666666666664
1 0.20508333333333334 0.2993796296296296 0.01096875 0.014388888888888889
1 0.18793229166666667 0.4798055555555556 0.004864583333333334 0.025537037037037035
1 0.20988020833333335 0.42733333333333334 0.006458333333333333 0.02813888888888889
1 0.19091145833333334 0.4084537037037037 0.005744791666666666 0.024981481481481483
1 0.20165625 0.4139537037037037 0.0048125 0.023194444444444445
1 0.17940104166666665 0.3333425925925926 0.003447916666666667 0.022166666666666668
1 0.18977604166666667 0.31428703703703703 0.004140625 0.018657407407407407
1 0.18442187499999999 0.3071111111111111 0.004187499999999999 0.017842592592592594
1 0.18875 0.2815925925925926 0.002390625 0.011166666666666667
1 0.197109375 0.26673148148148146 0.00840625 0.014527777777777777
1 0.19899999999999998 0.24354629629629626 0.007536458333333333 0.011787037037037037
1 0.18651041666666668 0.2341574074074074 0.002859375 0.013324074074074075
1 0.18429166666666666 0.25766666666666665 0.002234375 0.011462962962962963
1 0.18454166666666666 0.28625 0.0019166666666666668 0.011851851851851853
1 0.17578125 0.28053703703703703 0.003364583333333333 0.012064814814814815
0 0.6925729166666666 0.9112777777777777 0.025187499999999998 0.03648148148148148
0 0.6848437500000001 0.8873981481481481 0.02099479166666667 0.03038888888888889
0 0.679109375 0.8670833333333334 0.02335416666666667 0.028731481481481483
0 0.6885416666666667 0.9791203703703704 0.025963541666666666 0.03674074074074074
0 0.7097760416666666 0.9312222222222223 0.029156249999999998 0.02277777777777778
0 0.7192083333333333 0.9619259259259261 0.026406250000000003 0.05383333333333334
0 0.64475 0.8775185185185186 0.024526041666666668 0.03175
0 0.6488906249999999 0.8112777777777778 0.0209375 0.027
0 0.6392864583333334 0.7876296296296296 0.023838541666666668 0.04138888888888889
0 0.5816250000000001 0.7088148148148148 0.020968749999999998 0.023944444444444445
0 0.593671875 0.7263611111111111 0.021625000000000002 0.026472222222222223
0 0.601703125 0.7385555555555555 0.01546875 0.029138888888888888
0 0.56196875 0.7498148148148148 0.03555208333333334 0.07292592592592594
0 0.5219114583333334 0.7126111111111111 0.018145833333333337 0.039657407407407405
0 0.5111041666666667 0.6861666666666666 0.019067708333333332 0.031157407407407404
0 0.5356510416666667 0.688962962962963 0.0173125 0.02160185185185185
0 0.5315 0.6747962962962962 0.018151041666666666 0.026805555555555555
0 0.497125 0.6520462962962963 0.029458333333333333 0.06519444444444444
0 0.5002447916666667 0.6178796296296296 0.016526041666666668 0.022842592592592595
0 0.5234270833333333 0.6385277777777778 0.013567708333333334 0.01814814814814815
0 0.5293958333333334 0.6467314814814815 0.014072916666666666 0.018851851851851852
0 0.5396041666666667 0.6522592592592593 0.012838541666666667 0.015287037037037038
0 0.5473125 0.6612777777777777 0.013864583333333335 0.017638888888888888
0 0.5523697916666667 0.6735462962962963 0.01440625 0.021074074074074075
0 0.4358697916666667 0.5847222222222223 0.028427083333333332 0.03230555555555555
0 0.4069375 0.5610740740740741 0.024151041666666664 0.053759259259259264
0 0.38942187500000003 0.5364537037037037 0.024432291666666665 0.048351851851851854
0 0.370546875 0.5060462962962963 0.02382291666666667 0.05032407407407408
0 0.39909374999999997 0.4927407407407407 0.0115 0.01937037037037037
0 0.39396875 0.48609259259259263 0.009770833333333334 0.02014814814814815
0 0.3932083333333333 0.4771574074074074 0.013125 0.019055555555555555
0 0.3895572916666667 0.4735648148148148 0.011000000000000001 0.022694444444444444
0 0.38417708333333334 0.46338888888888885 0.009984375 0.01859259259259259
0 0.38146874999999997 0.45839814814814817 0.009739583333333333 0.01725925925925926
0 0.37918229166666667 0.4519074074074074 0.010041666666666667 0.01888888888888889
0 0.37406770833333336 0.44303703703703706 0.011072916666666667 0.020101851851851853
0 0.36847395833333335 0.43395370370370373 0.007494791666666667 0.0165462962962963
0 0.36484375 0.4221388888888889 0.015156250000000001 0.017277777777777777
0 0.3664479166666667 0.4272870370370371 0.011359375 0.014046296296296296
0 0.36057291666666663 0.41562037037037036 0.010880208333333334 0.01614814814814815
0 0.35705729166666667 0.4088888888888889 0.010848958333333332 0.019453703703703706
0 0.3551458333333333 0.4014814814814815 0.013411458333333333 0.016
0 0.33416666666666667 0.3966111111111111 0.009213541666666667 0.016453703703703703
0 0.33251041666666664 0.38926851851851857 0.011984375 0.02026851851851852
0 0.338109375 0.4059074074074074 0.007963541666666666 0.014657407407407407
0 0.34088541666666666 0.4101574074074074 0.00803125 0.016444444444444446
0 0.3458697916666667 0.4235185185185185 0.008567708333333333 0.01677777777777778
0 0.3446458333333334 0.4171851851851852 0.00825 0.01862037037037037
0 0.3511302083333333 0.43374999999999997 0.012385416666666668 0.01740740740740741
0 0.35447395833333334 0.4388240740740741 0.010859375000000001 0.024046296296296295
0 0.360421875 0.4484444444444444 0.009052083333333332 0.015083333333333332
0 0.363765625 0.4653240740740741 0.008432291666666668 0.013259259259259259
0 0.36171875 0.45743518518518517 0.0049479166666666664 0.010101851851851851
0 0.36861458333333336 0.4710462962962963 0.008083333333333333 0.015361111111111112
0 0.37396875 0.4756574074074074 0.012708333333333332 0.015333333333333332
0 0.2451354166666667 0.24001851851851855 0.008645833333333333 0.01999074074074074
0 0.24539583333333334 0.2167037037037037 0.00459375 0.01612037037037037
0 0.257125 0.21218518518518517 0.004520833333333333 0.018453703703703705
0 0.255921875 0.2824537037037037 0.00403125 0.015564814814814814
0 0.261640625 0.2753240740740741 0.0031041666666666665 0.010611111111111111
0 0.288078125 0.317712962962963 0.0044218750000000005 0.017342592592592593
0 0.29900000000000004 0.31195370370370373 0.006625000000000001 0.010814814814814815
0 0.3655208333333333 0.3469259259259259 0.019244791666666667 0.011907407407407406
0 0.427015625 0.3625555555555556 0.020463541666666665 0.015555555555555557
0 0.2784114583333333 0.2995092592592593 0.003947916666666666 0.009611111111111112
0 0.3081614583333333 0.3171666666666667 0.005307291666666667 0.010296296296296295
0 0.3171458333333333 0.32122222222222224 0.004703125 0.01137037037037037
0 0.44791145833333335 0.3712962962962963 0.02023958333333333 0.015712962962962963
0 0.4867916666666667 0.3842314814814815 0.012661458333333332 0.016814814814814814
0 0.5220260416666667 0.3996111111111111 0.016625 0.013222222222222222
0 0.5736354166666667 0.42691666666666667 0.015578125 0.021425925925925928
0 0.624515625 0.48096296296296304 0.010567708333333333 0.015268518518518516
0 0.6361822916666667 0.5004722222222222 0.016958333333333336 0.013861111111111112
0 0.6461718750000001 0.5147407407407407 0.012385416666666668 0.017268518518518516
0 0.670890625 0.5536388888888888 0.01769270833333333 0.022231481481481484
0 0.703265625 0.55025 0.05144270833333333 0.10029629629629629
0 0.6862239583333333 0.584861111111111 0.012526041666666666 0.019194444444444445
0 0.6785052083333334 0.5685648148148148 0.013296875000000001 0.010824074074074073
0 0.694140625 0.6054166666666667 0.015364583333333333 0.014703703703703705
0 0.7001302083333333 0.6157407407407407 0.014729166666666666 0.014240740740740741
0 0.7102135416666666 0.6282314814814814 0.016552083333333335 0.01852777777777778
0 0.872953125 0.9095 0.010875 0.019944444444444445
0 0.882484375 0.8822592592592593 0.010151041666666666 0.015796296296296294
0 0.8719270833333332 0.8666018518518518 0.007302083333333333 0.01586111111111111
0 0.8697916666666666 0.8343611111111111 0.008432291666666668 0.014574074074074074
0 0.8464583333333333 0.7863981481481481 0.007276041666666667 0.014574074074074074
0 0.8289270833333333 0.7762129629629629 0.010947916666666667 0.026027777777777778
0 0.8120885416666667 0.7428518518518519 0.006427083333333333 0.017083333333333332
0 0.7929583333333333 0.6964259259259259 0.009973958333333333 0.019740740740740743
0 0.7670052083333334 0.6456111111111111 0.008276041666666668 0.018935185185185183
0 0.7401666666666666 0.6251203703703704 0.043958333333333335 0.07901851851851852
0 0.663671875 0.49212962962962964 0.040453125 0.07606481481481482
0 0.6231354166666667 0.44643518518518516 0.03853125 0.0545
0 0.59328125 0.42674074074074075 0.019619791666666667 0.03513888888888889
0 0.5497031250000001 0.4039259259259259 0.028671875 0.03821296296296296
0 0.31455208333333334 0.3036111111111111 0.011083333333333334 0.01349074074074074
0 0.3164635416666667 0.29147222222222224 0.010947916666666667 0.015722222222222224
0 0.31415624999999997 0.27672222222222226 0.009375 0.017620370370370373
0 0.30923958333333335 0.2616574074074074 0.007765625 0.017249999999999998
0 0.329046875 0.27952777777777776 0.009927083333333333 0.011398148148148149
0 0.328171875 0.27120370370370367 0.01121875 0.01686111111111111
0 0.33220312500000004 0.29870370370370375 0.011067708333333334 0.008777777777777778
0 0.3320989583333333 0.2878888888888889 0.007510416666666667 0.011472222222222222