1 0.1836875 0.3401296296296296 0.004734375 0.021953703703703704
1 0.18461458333333333 0.28498148148148145 0.00528125 0.018694444444444444
1 0.18571875 0.18325925925925926 0.003677083333333333 0.014361111111111111
1 0.2056875 0.1139074074074074 0.0067552083333333336 0.011592592592592592
0 0.2562552083333333 0.21936111111111112 0.006130208333333333 0.01590740740740741
0 0.24574479166666666 0.26565740740740745 0.013078125 0.013527777777777777
0 0.256265625 0.25162962962962965 0.0037500000000000003 0.019425925925925926
0 0.260484375 0.24607407407407406 0.004078125 0.009888888888888888
0 0.2652291666666667 0.23915740740740743 0.0060260416666666665 0.01300925925925926
0 0.2650572916666667 0.2714259259259259 0.004473958333333333 0.019425925925925926
0 0.26859895833333336 0.2883703703703704 0.004927083333333334 0.016277777777777776
0 0.66209375 0.4961296296296297 0.0073750000000000005 0.02138888888888889
0 0.66784375 0.5125185185185185 0.010635416666666668 0.022907407407407408
0 0.6739375 0.49659259259259264 0.007479166666666666 0.020175925925925924
0 0.8004635416666667 0.7110833333333334 0.007875 0.03141666666666667