1 0.4681354166666667 0.7890185185185185 0.027473958333333333 0.03525925925925926
1 0.42330729166666664 0.7257685185185185 0.03586458333333333 0.03532407407407407
1 0.2309375 0.6294166666666666 0.018390625 0.02798148148148148
1 0.23184375 0.6417037037037037 0.021833333333333333 0.018962962962962963
1 0.18928125 0.7592685185185185 0.007145833333333334 0.02052777777777778
0 0.5298541666666667 0.40523148148148147 0.015536458333333333 0.020722222222222222
1 0.22255729166666666 0.4850462962962963 0.017421875 0.014722222222222223
1 0.1915625 0.34376851851851853 0.006145833333333334 0.017055555555555556
1 0.3950416666666667 0.6768888888888889 0.02322916666666667 0.023657407407407408
1 0.20735416666666667 0.30621296296296296 0.005015625 0.017796296296296296
1 0.42307291666666663 0.7094722222222223 0.03806770833333333 0.06899999999999999
1 0.21563020833333332 0.9897962962962963 0.010182291666666668 0.019074074074074077
1 0.190546875 0.42160185185185184 0.005302083333333333 0.016972222222222222
1 0.19276041666666668 0.5138425925925927 0.008307291666666666 0.016972222222222222
0 0.24301041666666665 0.2643611111111111 0.006796875 0.017268518518518516
1 0.18993229166666667 0.7773055555555556 0.005802083333333334 0.02146296296296296
0 0.25717708333333333 0.2915 0.009083333333333334 0.015
1 0.4851145833333333 0.9364907407407407 0.04724479166666666 0.12700925925925924
1 0.536671875 0.9475370370370371 0.04238541666666666 0.10491666666666667
1 0.22417187500000002 0.7907222222222222 0.004729166666666667 0.03295370370370371
1 0.20558333333333334 0.8116851851851852 0.007588541666666667 0.029740740740740738
1 0.19396875 0.7395185185185185 0.0050625 0.023787037037037037
1 0.18645833333333334 0.6253703703703704 0.007395833333333333 0.02562962962962963
1 0.20203125 0.5697314814814814 0.005989583333333334 0.028666666666666667
1 0.203296875 0.5072129629629629 0.0037552083333333335 0.020203703703703703
1 0.18797395833333336 0.40137962962962964 0.004520833333333333 0.02512037037037037
1 0.20394791666666665 0.4304351851851852 0.004145833333333333 0.022324074074074073
1 0.17902083333333335 0.32192592592592595 0.003984375 0.016277777777777776
1 0.1985625 0.311537037037037 0.004239583333333334 0.020398148148148148
1 0.18840625 0.31325000000000003 0.00240625 0.013027777777777779
1 0.22450520833333334 0.929037037037037 0.007166666666666667 0.01948148148148148
0 0.686453125 0.5342962962962963 0.006635416666666667 0.023370370370370368