1 0.23702604166666666 0.7968703703703703 0.025984375 0.03484259259259259
1 0.39426041666666667 0.677324074074074 0.019703125 0.022583333333333334
1 0.225265625 0.5710740740740741 0.020677083333333336 0.029194444444444446
1 0.193953125 0.6388425925925927 0.02227604166666667 0.022296296296296293
1 0.4390208333333333 0.973962962962963 0.03275 0.04849074074074074
1 0.3579947916666667 0.5890925925925926 0.036609375000000006 0.04737962962962963
1 0.356609375 0.6248055555555555 0.018557291666666666 0.014842592592592593
1 0.4307552083333333 0.8588518518518518 0.011927083333333333 0.03436111111111111
1 0.195609375 0.7700092592592592 0.009932291666666667 0.03758333333333334
1 0.19886458333333332 0.700324074074074 0.00865625 0.029342592592592594
1 0.18771354166666668 0.6750648148148148 0.007166666666666667 0.028712962962962964
1 0.17663541666666666 0.2768148148148148 0.0030416666666666665 0.01137037037037037
1 0.1791458333333333 0.26269444444444445 0.004255208333333333 0.013583333333333333
1 0.19206770833333334 0.2692777777777778 0.003927083333333334 0.017444444444444443
1 0.196453125 0.2616203703703704 0.003953125 0.014796296296296297
1 0.18280208333333334 0.2889074074074074 0.0050885416666666666 0.014407407407407409
1 0.18588020833333332 0.3192037037037037 0.0053437499999999995 0.012138888888888888
1 0.186453125 0.3025925925925926 0.0054062500000000005 0.018935185185185183
0 0.87603125 0.846 0.009630208333333333 0.033777777777777775
0 0.85046875 0.8007962962962963 0.009489583333333333 0.028722222222222222
0 0.8851510416666667 0.8742500000000001 0.007786458333333333 0.035805555555555556
0 0.8406822916666666 0.8097962962962963 0.008317708333333333 0.02816666666666667
0 0.767328125 0.6739722222222222 0.006223958333333333 0.027212962962962963
0 0.7085416666666667 0.5590092592592593 0.007109375 0.026601851851851852
0 0.64009375 0.47219444444444447 0.006401041666666666 0.029138888888888888
0 0.65415625 0.475212962962963 0.007401041666666667 0.02138888888888889
0 0.4449895833333333 0.36516666666666664 0.008119791666666666 0.016833333333333332
0 0.37918749999999996 0.3461018518518519 0.007166666666666667 0.015111111111111112
0 0.35984374999999996 0.33687962962962964 0.0055625 0.013407407407407408
0 0.3239635416666667 0.32653703703703707 0.011859375 0.01927777777777778
0 0.2528958333333333 0.28870370370370374 0.011442708333333333 0.016453703703703703
0 0.24692187499999999 0.25501851851851853 0.009463541666666667 0.015018518518518518
0 0.24286979166666667 0.23333333333333334 0.00915625 0.015935185185185188
0 0.5513750000000001 0.6928796296296296 0.027697916666666666 0.06601851851851852
0 0.5214479166666667 0.6722407407407407 0.02984375 0.04639814814814815
1 0.35344270833333336 0.6589907407407408 0.016015625 0.02087962962962963