0 0.6842239583333334 0.5296666666666666 0.005541666666666667 0.021037037037037035
0 0.6615156249999999 0.5005092592592593 0.007510416666666667 0.02021296296296296
0 0.6701614583333334 0.4919814814814815 0.00603125 0.018916666666666665
0 0.5495520833333334 0.4083888888888889 0.0058125 0.018490740740740738
0 0.5313697916666666 0.39985185185185185 0.006822916666666666 0.01746296296296296
0 0.5141041666666667 0.3945462962962963 0.009010416666666667 0.016212962962962964
0 0.2695 0.2859537037037037 0.004432291666666667 0.018314814814814815
0 0.2475052083333333 0.2757314814814815 0.010812500000000001 0.015925925925925927
0 0.26359895833333336 0.23475925925925925 0.0026927083333333334 0.010203703703703703
0 0.24613541666666666 0.25953703703703707 0.010140624999999999 0.016287037037037037
0 0.436453125 0.5846018518518519 0.030401041666666666 0.04062037037037037
0 0.40507291666666667 0.5292037037037036 0.01708854166666667 0.0361574074074074
0 0.41534895833333335 0.5735833333333333 0.023114583333333334 0.050898148148148144
1 0.41797395833333334 0.730212962962963 0.022166666666666668 0.03632407407407407
1 0.39518749999999997 0.7613333333333333 0.021052083333333336 0.030370370370370367
1 0.3735625 0.7101759259259259 0.005901041666666666 0.03141666666666667
1 0.3691979166666667 0.6391574074074073 0.016984375 0.031685185185185184
1 0.4008645833333333 0.6267962962962963 0.017614583333333333 0.021203703703703704
1 0.3686458333333333 0.5998611111111112 0.02900520833333333 0.04937962962962963
1 0.3428541666666666 0.6461296296296297 0.018390625 0.026379629629629628
1 0.35624479166666667 0.6292037037037037 0.015104166666666667 0.024342592592592593
1 0.38799479166666667 0.6025925925925926 0.009536458333333333 0.022194444444444444
1 0.21410416666666665 0.8500648148148149 0.008546875 0.024907407407407406
1 0.19481770833333334 0.8118703703703705 0.0076302083333333335 0.0305
1 0.20679166666666668 0.7076481481481481 0.005447916666666667 0.03247222222222222
1 0.19686458333333334 0.6808611111111111 0.004046875 0.02673148148148148
1 0.20672395833333335 0.6453981481481481 0.008390625 0.029592592592592594
1 0.189859375 0.5536296296296296 0.004635416666666667 0.030518518518518518
1 0.20656770833333335 0.551787037037037 0.007307291666666666 0.029564814814814815
1 0.22166666666666668 0.5393240740740741 0.018604166666666665 0.03362037037037037
1 0.190765625 0.4754351851851852 0.007213541666666667 0.023064814814814816
1 0.20336458333333332 0.4749074074074074 0.00678125 0.023083333333333334
1 0.18730208333333334 0.44907407407407407 0.003942708333333334 0.022351851851851852
1 0.20654166666666668 0.4313240740740741 0.005270833333333333 0.025777777777777778
1 0.190796875 0.4248518518518518 0.005953125 0.022694444444444444
1 0.21647916666666667 0.40824074074074074 0.017947916666666668 0.030879629629629632
1 0.1955208333333333 0.4135925925925926 0.00596875 0.02137037037037037
1 0.19182291666666668 0.3981851851851852 0.004671875000000001 0.016675925925925927
1 0.18824479166666666 0.38333333333333336 0.005828125 0.029361111111111112
1 0.182296875 0.352462962962963 0.0036302083333333334 0.016888888888888887
1 0.19935416666666667 0.3198148148148148 0.0048177083333333336 0.01211111111111111
1 0.19563541666666667 0.3086111111111111 0.0046875 0.014898148148148148
1 0.20559895833333333 0.3045 0.010578124999999999 0.01749074074074074
1 0.183078125 0.3127962962962963 0.004760416666666667 0.01786111111111111
1 0.19006770833333334 0.3267777777777778 0.0031093749999999997 0.020351851851851854
1 0.43535416666666665 0.9278796296296297 0.026453125 0.054407407407407404
1 0.4812291666666667 0.9670092592592592 0.023807291666666668 0.04739814814814815