1 0.396984375 0.6836111111111111 0.02414583333333333 0.03337037037037037
0 0.6966614583333333 0.9158148148148149 0.031484375 0.05043518518518519
1 0.383921875 0.5998796296296296 0.017161458333333334 0.02330555555555556
0 0.5775 0.7076111111111112 0.016677083333333335 0.03180555555555556
1 0.191203125 0.38772222222222225 0.00465625 0.019462962962962963
1 0.181046875 0.2730462962962963 0.00653125 0.01175
0 0.6470364583333333 0.5071018518518519 0.022375 0.04248148148148148
1 0.205765625 0.3087962962962963 0.007625000000000001 0.01787037037037037
1 0.20259375000000002 0.8573703703703704 0.015307291666666667 0.011962962962962963
1 0.43323437499999995 0.8686296296296296 0.028348958333333334 0.03958333333333333
1 0.1925 0.5314537037037037 0.005572916666666666 0.02363888888888889
1 0.20433333333333334 0.29600925925925925 0.007734375 0.01725925925925926
0 0.33128124999999997 0.33533333333333337 0.008395833333333333 0.01676851851851852
0 0.6063020833333332 0.4398240740740741 0.0053437499999999995 0.023194444444444445
0 0.8070208333333333 0.7531481481481481 0.02228125 0.029861111111111113
0 0.26005208333333335 0.2456111111111111 0.0053124999999999995 0.014138888888888888
0 0.5593125000000001 0.7142777777777778 0.018208333333333333 0.029555555555555557
0 0.40103125 0.3530833333333333 0.030630208333333336 0.015499999999999998
0 0.7310052083333333 0.6198425925925926 0.0074531250000000005 0.030824074074074073
0 0.6903854166666666 0.5716851851851852 0.0059635416666666665 0.024259259259259258
0 0.7026458333333333 0.574 0.0072187499999999995 0.032407407407407406
0 0.7237552083333333 0.5746481481481481 0.006385416666666667 0.025777777777777778
0 0.6852916666666666 0.5373703703703704 0.007161458333333333 0.02512962962962963
0 0.6627708333333333 0.4945277777777778 0.007703125 0.023916666666666666
0 0.6349895833333333 0.45778703703703705 0.004364583333333334 0.020814814814814814
0 0.5402760416666667 0.4040462962962963 0.007135416666666667 0.023296296296296298
0 0.5533489583333334 0.40919444444444447 0.008531249999999999 0.023037037037037036
0 0.49306770833333335 0.383 0.011697916666666667 0.01991666666666667
0 0.26272395833333334 0.30362962962962964 0.013229166666666665 0.019537037037037037
0 0.24736979166666667 0.29532407407407407 0.00975 0.01349074074074074
0 0.2514739583333333 0.2775925925925926 0.011520833333333334 0.010574074074074074
0 0.2683385416666667 0.2860185185185185 0.013078125 0.01864814814814815
0 0.2625677083333333 0.22199074074074074 0.0059947916666666665 0.01551851851851852
0 0.26106250000000003 0.19896296296296295 0.010901041666666667 0.014333333333333333
0 0.2545 0.18735185185185185 0.0056927083333333335 0.0060648148148148145
1 0.18266145833333333 0.4139629629629629 0.004921875 0.021324074074074075
1 0.19075 0.34624074074074074 0.004442708333333333 0.019694444444444445
1 0.20345833333333332 0.335537037037037 0.010791666666666666 0.025425925925925928
1 0.1859375 0.32339814814814816 0.009041666666666667 0.018416666666666668
1 0.18093229166666666 0.3022037037037037 0.004234375 0.020416666666666666