1 0.3907447916666667 0.7400925925925925 0.021302083333333333 0.031935185185185185
1 0.2130989583333333 0.40101851851851855 0.013708333333333333 0.02776851851851852
1 0.22590625 0.6259537037037036 0.017703125 0.02330555555555556
0 0.5434218749999999 0.679962962962963 0.024567708333333334 0.05368518518518518
1 0.21208333333333332 0.7109814814814815 0.008197916666666668 0.020935185185185185
1 0.370609375 0.6543333333333333 0.018963541666666663 0.013953703703703704
1 0.18989062499999998 0.5862407407407407 0.007953125 0.01933333333333333
1 0.34810416666666666 0.6557129629629629 0.02271875 0.02462962962962963
0 0.6462447916666666 0.46471296296296294 0.0047552083333333335 0.02173148148148148
1 0.22646354166666666 0.6435648148148148 0.020281249999999997 0.022407407407407407
1 0.19347916666666667 0.48024999999999995 0.00840625 0.014342592592592593
1 0.17544270833333334 0.2884259259259259 0.0031041666666666665 0.013601851851851851
1 0.18127083333333335 0.27135185185185184 0.004666666666666667 0.014064814814814815
1 0.19463020833333333 0.26975 0.0060416666666666665 0.012481481481481482
1 0.18424479166666666 0.9350740740740741 0.007822916666666667 0.03649074074074074
0 0.27122395833333335 0.2987962962962963 0.005895833333333334 0.014916666666666667
1 0.368140625 0.6952685185185185 0.005546875000000001 0.029805555555555554