1 0.4446927083333333 0.9345092592592592 0.034979166666666665 0.04554629629629629
1 0.42530208333333336 0.8839907407407408 0.018427083333333334 0.032777777777777774
1 0.3946145833333333 0.7597499999999999 0.024869791666666665 0.03236111111111111
1 0.23559895833333336 0.7863425925925925 0.029026041666666665 0.033129629629629634
1 0.45660416666666664 0.7936018518518518 0.04296354166666667 0.10224074074074074
1 0.42783333333333334 0.8961851851851852 0.028473958333333334 0.027898148148148148
1 0.37206770833333336 0.6408055555555556 0.028796875 0.029916666666666668
0 0.653765625 0.8944722222222222 0.025989583333333333 0.042555555555555555
1 0.18996875 0.5021666666666667 0.01403125 0.016694444444444446
1 0.20989583333333334 0.3301574074074074 0.010932291666666667 0.018490740740740738
1 0.21328645833333332 0.37292592592592594 0.0125 0.01948148148148148
0 0.5519479166666666 0.41766666666666663 0.018958333333333334 0.01867592592592593
0 0.605734375 0.7409722222222223 0.018958333333333334 0.024574074074074075
1 0.4556979166666667 0.7700370370370371 0.03800520833333333 0.05253703703703704
0 0.44893750000000004 0.3723240740740741 0.02405208333333333 0.01238888888888889
0 0.5355833333333333 0.40597222222222223 0.0190625 0.014407407407407409
0 0.5937552083333333 0.7217870370370371 0.016078125000000002 0.022481481481481484
1 0.21156770833333333 0.36837962962962967 0.013427083333333334 0.018537037037037036
0 0.5201614583333334 0.6702592592592592 0.018697916666666665 0.017574074074074075
1 0.190171875 0.578425925925926 0.008828125 0.022925925925925926
0 0.475609375 0.38226851851851856 0.019911458333333333 0.01597222222222222
1 0.37918229166666667 0.6540925925925926 0.014994791666666667 0.020064814814814817
0 0.5109375 0.4007962962962963 0.019494791666666667 0.02036111111111111
0 0.35078645833333333 0.33914814814814814 0.02690625 0.01753703703703704
0 0.47190624999999997 0.379 0.025791666666666668 0.015583333333333331
1 0.19432291666666668 0.05826851851851852 0.006020833333333334 0.010972222222222222
1 0.19441145833333331 0.9894722222222223 0.005619791666666666 0.021055555555555553
0 0.5287239583333333 0.6789444444444445 0.016338541666666668 0.02475925925925926
1 0.18250520833333334 0.25925000000000004 0.006239583333333334 0.01287037037037037
0 0.6486354166666667 0.5076944444444444 0.016927083333333332 0.02297222222222222
1 0.18966666666666668 0.6537499999999999 0.008807291666666666 0.0302037037037037
1 0.18142187499999998 0.9648888888888888 0.008265625 0.04111111111111111
1 0.19879166666666667 0.9852962962962962 0.008265625 0.029416666666666667
1 0.18365104166666668 0.37242592592592594 0.004291666666666667 0.017166666666666667
1 0.18959895833333332 0.30024074074074075 0.005385416666666667 0.016212962962962964
1 0.198640625 0.23974074074074075 0.009463541666666667 0.010537037037037037
0 0.24602604166666667 0.2660277777777778 0.009411458333333334 0.010472222222222223
0 0.24913020833333333 0.28308333333333335 0.013635416666666667 0.010398148148148148
0 0.24790104166666668 0.2765 0.008619791666666666 0.008722222222222221
0 0.25199479166666666 0.2948888888888889 0.0094375 0.015027777777777779
0 0.2603958333333333 0.3045925925925926 0.011197916666666667 0.0052037037037037034
0 0.2685677083333333 0.3099722222222222 0.00484375 0.007055555555555555
0 0.27566145833333333 0.31224074074074076 0.007395833333333333 0.009583333333333333
0 0.2830364583333333 0.3151759259259259 0.0031302083333333334 0.014453703703703703
0 0.3051614583333333 0.3207685185185185 0.024968749999999998 0.016555555555555556
0 0.27439583333333334 0.29938888888888887 0.011963541666666666 0.01262962962962963
0 0.27079166666666665 0.2876296296296296 0.010708333333333332 0.014342592592592593
0 0.2667291666666667 0.2814907407407407 0.012796875000000001 0.010638888888888889
0 0.3906927083333333 0.34879629629629627 0.024125 0.024462962962962964
0 0.4195729166666667 0.3607592592592593 0.020947916666666667 0.023148148148148147
0 0.3519322916666667 0.4642037037037037 0.021114583333333332 0.05369444444444445
0 0.3993802083333333 0.4706018518518518 0.02664583333333333 0.05096296296296296
0 0.37725000000000003 0.48545370370370367 0.013333333333333334 0.022962962962962963
0 0.366875 0.47051851851851856 0.01215625 0.014388888888888889
0 0.38085416666666666 0.4545740740740741 0.0098125 0.016231481481481482
0 0.3729791666666667 0.4432592592592593 0.009291666666666667 0.01313888888888889
0 0.3695260416666667 0.4331759259259259 0.013114583333333334 0.021805555555555557
0 0.36419270833333334 0.42186111111111113 0.011432291666666667 0.015148148148148148
0 0.35965624999999996 0.41137962962962965 0.012593749999999999 0.014175925925925927
0 0.35663541666666665 0.3992962962962963 0.014791666666666667 0.016175925925925923
0 0.33571354166666667 0.3991574074074074 0.013067708333333334 0.013694444444444443
0 0.33253645833333334 0.39216666666666666 0.010536458333333333 0.012129629629629629
0 0.3403958333333333 0.41694444444444445 0.013942708333333333 0.013314814814814816
0 0.34034895833333334 0.40776851851851853 0.010036458333333333 0.014046296296296296
0 0.34610416666666666 0.4252962962962963 0.012760416666666666 0.012712962962962964
0 0.34890104166666663 0.43512962962962964 0.010911458333333334 0.015953703703703703
0 0.5808697916666666 0.4310185185185185 0.02196875 0.021685185185185186
0 0.5978333333333333 0.4434259259259259 0.0120625 0.013620370370370371
0 0.6099583333333333 0.4527685185185185 0.013791666666666667 0.01811111111111111
0 0.6191614583333334 0.46289814814814817 0.019369791666666667 0.01437037037037037
0 0.6279010416666666 0.47647222222222224 0.015885416666666666 0.01487962962962963
0 0.6617760416666666 0.5498796296296297 0.014890625 0.023101851851851853
0 0.6798645833333333 0.5727407407407407 0.014583333333333334 0.02264814814814815
0 0.6928489583333334 0.5942037037037037 0.016291666666666666 0.022462962962962966
0 0.7045572916666667 0.6186203703703704 0.016104166666666666 0.02059259259259259
0 0.617953125 0.8223796296296296 0.013984375 0.02163888888888889
0 0.6314947916666667 0.8563611111111111 0.017020833333333332 0.03233333333333333
0 0.6566875 0.8281203703703703 0.020166666666666666 0.028416666666666666
0 0.6742343749999999 0.854037037037037 0.01972916666666667 0.02486111111111111
0 0.687484375 0.8851388888888889 0.020151041666666664 0.024175925925925927
0 0.665046875 0.9236203703703704 0.019989583333333335 0.04156481481481482
0 0.6807656249999999 0.9475370370370371 0.021442708333333334 0.04663888888888889
0 0.6977291666666667 0.9113425925925925 0.019203124999999998 0.026824074074074073
0 0.6971145833333333 0.9748796296296295 0.033427083333333336 0.03292592592592593
0 0.6039947916666667 0.7923240740740741 0.023036458333333332 0.033805555555555554
0 0.6360260416666667 0.7824351851851852 0.019505208333333336 0.03375
0 0.5971354166666667 0.7800277777777778 0.02040625 0.032685185185185185
0 0.6190052083333334 0.763425925925926 0.022458333333333334 0.01825925925925926
0 0.5841510416666666 0.7579351851851852 0.012911458333333332 0.037314814814814815
0 0.5845885416666667 0.709462962962963 0.015692708333333333 0.02298148148148148
0 0.5785 0.6997592592592593 0.014359375 0.016092592592592592
0 0.5740833333333334 0.6921111111111111 0.011973958333333333 0.015379629629629629
0 0.5691979166666666 0.6799999999999999 0.014807291666666667 0.024
0 0.5631979166666666 0.6766203703703704 0.016885416666666667 0.02298148148148148
0 0.552296875 0.6685925925925926 0.013260416666666667 0.016305555555555556
0 0.4886041666666667 0.6300277777777777 0.010786458333333334 0.023092592592592595
0 0.49809895833333334 0.6356759259259259 0.015385416666666667 0.016666666666666666
0 0.5081875 0.6506574074074074 0.014260416666666666 0.016925925925925928
0 0.5183333333333333 0.663324074074074 0.018890625 0.019314814814814816
0 0.5455572916666667 0.6593148148148148 0.0110625 0.011814814814814814
0 0.5410520833333333 0.6496574074074074 0.01627083333333333 0.014407407407407409
0 0.5347708333333333 0.6426574074074074 0.02365625 0.019685185185185188
0 0.526921875 0.6388796296296296 0.019104166666666665 0.02150925925925926
0 0.5140572916666667 0.6263425925925926 0.016244791666666668 0.017805555555555557
0 0.5074010416666667 0.6203240740740741 0.016119791666666668 0.018277777777777775
0 0.49971875000000004 0.6161574074074074 0.013661458333333333 0.015175925925925926
0 0.832515625 0.7982314814814815 0.009348958333333332 0.03152777777777777
0 0.8660208333333334 0.8185555555555555 0.008843750000000001 0.03837037037037037
0 0.8715364583333333 0.8595740740740742 0.0069947916666666665 0.03302777777777778
0 0.8606614583333333 0.9052222222222223 0.013020833333333334 0.03459259259259259
0 0.7205885416666666 0.5920925925925926 0.010213541666666666 0.023898148148148148
0 0.7033072916666666 0.546574074074074 0.006098958333333334 0.021833333333333333