1 0.427328125 0.8773981481481482 0.028927083333333332 0.04019444444444444
1 0.24297395833333332 0.9481481481481482 0.025395833333333333 0.044305555555555556
1 0.228109375 0.5568981481481482 0.021072916666666667 0.02849074074074074
0 0.4069114583333333 0.3578148148148148 0.025838541666666666 0.018611111111111113
0 0.353515625 0.34005555555555556 0.024536458333333334 0.012814814814814815
1 0.20803125 0.6318888888888889 0.007286458333333333 0.021055555555555553
1 0.21678125 0.38131481481481483 0.015854166666666666 0.02087962962962963
0 0.414296875 0.3592037037037037 0.023666666666666666 0.018851851851851852
1 0.212375 0.9313055555555555 0.008322916666666668 0.030037037037037036
1 0.18954166666666666 0.3203611111111111 0.008166666666666666 0.01551851851851852
0 0.48805729166666667 0.38516666666666666 0.03769270833333334 0.017416666666666667
1 0.39305729166666664 0.65725 0.029984375 0.06030555555555555
1 0.19149479166666666 0.6041481481481482 0.008666666666666666 0.02086111111111111
1 0.19234895833333335 0.6538981481481482 0.00765625 0.02578703703703704
1 0.15802083333333333 0.21536111111111111 0.008984375 0.01485185185185185
0 0.67290625 0.8641574074074073 0.029635416666666668 0.038268518518518514
1 0.19623958333333333 0.23097222222222222 0.011541666666666667 0.012601851851851852
1 0.18094791666666668 0.4558888888888889 0.0077083333333333335 0.017166666666666667
1 0.192890625 0.43987037037037036 0.0067083333333333335 0.014685185185185185
0 0.45815625 0.3738425925925926 0.034109375 0.013314814814814816
1 0.20021875 0.4766851851851852 0.005729166666666666 0.023240740740740742
1 0.20294791666666667 0.5060277777777777 0.0069479166666666665 0.024324074074074074
1 0.198703125 0.4157037037037037 0.005020833333333334 0.016509259259259258
1 0.21050520833333333 0.4323425925925926 0.005338541666666667 0.020990740740740744
1 0.194265625 0.35687962962962966 0.003848958333333333 0.01958333333333333
1 0.18814583333333335 0.3765 0.0037604166666666667 0.019740740740740743
1 0.17720833333333333 0.3194722222222222 0.00253125 0.017499999999999998
1 0.19754166666666664 0.2944814814814815 0.005796875000000001 0.014157407407407407
1 0.18919791666666666 0.9320277777777778 0.010104166666666666 0.030953703703703702
1 0.198859375 0.9877222222222223 0.009609375 0.024564814814814817
1 0.40397916666666667 0.7825648148148148 0.022406250000000003 0.03966666666666667
1 0.3922083333333333 0.747175925925926 0.023489583333333335 0.029444444444444447
0 0.686609375 0.9761388888888889 0.03575 0.047712962962962964
0 0.668953125 0.9425925925925925 0.025208333333333333 0.04477777777777778
0 0.6917239583333333 0.9057685185185186 0.025484375 0.04075
0 0.6445052083333334 0.8945555555555555 0.025260416666666667 0.0417037037037037
0 0.638578125 0.8705462962962963 0.026869791666666667 0.04426851851851852
0 0.6243593749999999 0.8454444444444444 0.022296875 0.04627777777777777
0 0.648859375 0.8150185185185186 0.025718750000000002 0.04798148148148148
0 0.6608593749999999 0.844388888888889 0.022479166666666665 0.026759259259259257
0 0.6128697916666667 0.8149166666666667 0.021343749999999998 0.04014814814814815
0 0.6418177083333333 0.7986018518518518 0.018052083333333333 0.03362962962962963
0 0.6340416666666666 0.784 0.02177604166666667 0.028888888888888888
0 0.6020208333333333 0.7962685185185185 0.020442708333333334 0.03711111111111111
0 0.5815989583333334 0.7628518518518519 0.018765625 0.03119444444444444
0 0.61146875 0.7510370370370371 0.019151041666666667 0.026046296296296297
0 0.6244739583333333 0.7680555555555556 0.023364583333333334 0.01875
0 0.5940364583333333 0.7823981481481481 0.016411458333333333 0.028407407407407406
0 0.5706249999999999 0.737787037037037 0.015166666666666667 0.02185185185185185
0 0.5905208333333333 0.7279907407407408 0.015802083333333335 0.022925925925925926
0 0.6037708333333334 0.7363333333333334 0.017041666666666667 0.02548148148148148
0 0.5604270833333334 0.727462962962963 0.015880208333333333 0.02350925925925926
0 0.5862135416666666 0.7165370370370371 0.01758854166666667 0.022861111111111113
0 0.5777291666666666 0.7013518518518519 0.021114583333333332 0.024583333333333336
0 0.487703125 0.6323425925925925 0.012687499999999999 0.02524074074074074
0 0.4951041666666667 0.6410277777777778 0.015645833333333335 0.022490740740740738
0 0.5028645833333333 0.6474444444444445 0.015734375000000002 0.020101851851851853
0 0.5081041666666667 0.6558055555555555 0.0138125 0.024305555555555556
0 0.5178802083333334 0.6684259259259259 0.014755208333333332 0.025620370370370373
0 0.5314947916666667 0.6837777777777778 0.015364583333333333 0.029138888888888888
0 0.5429739583333333 0.6939537037037037 0.017802083333333333 0.020657407407407406
0 0.53309375 0.6528148148148147 0.011380208333333334 0.018324074074074072
0 0.5436770833333333 0.6595648148148149 0.017010416666666663 0.011166666666666667
0 0.5526302083333333 0.6735 0.014395833333333333 0.014555555555555556
0 0.5270052083333333 0.6441388888888888 0.012973958333333334 0.016194444444444442
0 0.5665520833333333 0.6911481481481482 0.013140625 0.01723148148148148
0 0.8759583333333333 0.9192962962962963 0.008026041666666667 0.01588888888888889
0 0.8702395833333333 0.9040833333333333 0.008734374999999999 0.01636111111111111
0 0.8622239583333333 0.8940925925925925 0.005817708333333334 0.013870370370370371
0 0.8834635416666666 0.8685462962962963 0.005005208333333333 0.012925925925925928
0 0.8928072916666667 0.8685092592592593 0.005651041666666666 0.012842592592592591
0 0.9014114583333334 0.9007037037037037 0.007442708333333333 0.014268518518518519
0 0.906609375 0.9409444444444445 0.008989583333333334 0.01662037037037037
0 0.8981666666666667 0.9683055555555555 0.006859375 0.01361111111111111
0 0.927046875 0.968361111111111 0.008531249999999999 0.016638888888888887
0 0.7769166666666667 0.7258333333333333 0.005760416666666667 0.016712962962962964
0 0.7878072916666666 0.7254351851851852 0.005239583333333334 0.010074074074074076
0 0.7996458333333333 0.7208333333333333 0.006177083333333333 0.010212962962962962
0 0.8112604166666666 0.7453888888888889 0.005255208333333333 0.010916666666666667
0 0.8050625 0.740074074074074 0.005640625 0.01137037037037037
0 0.8049270833333334 0.7787685185185186 0.005130208333333333 0.013537037037037037
0 0.8003697916666667 0.7642037037037037 0.0051041666666666674 0.012981481481481481
0 0.8169895833333333 0.7782314814814815 0.0069166666666666664 0.01362962962962963
0 0.81525 0.7593611111111112 0.008755208333333332 0.01962962962962963
0 0.6393541666666667 0.492 0.018593750000000003 0.02775
0 0.7020729166666667 0.6183333333333333 0.018421874999999997 0.029694444444444443
0 0.6883177083333333 0.5932037037037037 0.013864583333333335 0.023740740740740743
0 0.6732708333333334 0.5656018518518519 0.016244791666666668 0.020444444444444442
0 0.6264114583333333 0.47706481481481483 0.012718750000000001 0.024120370370370372
0 0.6045937499999999 0.45310185185185187 0.014020833333333335 0.02575
0 0.5575208333333334 0.41862037037037036 0.014984375 0.022685185185185187
0 0.5146770833333333 0.3964259259259259 0.01621875 0.017944444444444443
0 0.32199479166666667 0.32587962962962963 0.009015625 0.014453703703703703
0 0.26502604166666666 0.30645370370370373 0.013479166666666665 0.01525
0 0.254046875 0.29374074074074075 0.013828125 0.017805555555555557
0 0.24760416666666665 0.2774259259259259 0.0114375 0.01958333333333333
0 0.2453125 0.25037037037037035 0.009151041666666667 0.016203703703703703
0 0.24424479166666666 0.22321296296296295 0.009307291666666667 0.018453703703703705
0 0.5323333333333333 0.4032962962962963 0.015776041666666667 0.014185185185185186
0 0.5809166666666666 0.43025 0.012583333333333334 0.021444444444444443
0 0.644265625 0.45613888888888887 0.007104166666666667 0.018416666666666668
0 0.6568124999999999 0.4708981481481481 0.008255208333333333 0.025777777777777778
0 0.6666145833333333 0.4751388888888889 0.007854166666666667 0.023175925925925926
0 0.66296875 0.4975833333333333 0.007114583333333333 0.018509259259259257
0 0.6784010416666667 0.48834259259259255 0.007151041666666667 0.016925925925925928
0 0.6571250000000001 0.5388240740740741 0.009416666666666665 0.018842592592592595
0 0.66784375 0.5386111111111112 0.006515625 0.02352777777777778
0 0.693890625 0.5175277777777777 0.007369791666666667 0.012101851851851851
0 0.690859375 0.5387500000000001 0.005796875000000001 0.011851851851851853
0 0.6968854166666667 0.5651018518518518 0.0085625 0.014462962962962962
0 0.699703125 0.5519259259259259 0.004588541666666667 0.013731481481481482
0 0.6866249999999999 0.5633518518518518 0.005328125 0.013240740740740742
0 0.71784375 0.5578703703703703 0.008208333333333333 0.011953703703703704
0 0.7122760416666666 0.5954166666666666 0.005083333333333333 0.017037037037037035
0 0.71784375 0.5818425925925926 0.0059635416666666665 0.014351851851851852
0 0.6996666666666667 0.5894074074074074 0.005484375 0.016398148148148148
0 0.7067291666666667 0.5634629629629629 0.005833333333333333 0.01574074074074074
0 0.722125 0.6075462962962963 0.006213541666666667 0.016814814814814814
0 0.7340625000000001 0.613962962962963 0.0060625 0.013703703703703704
0 0.7190364583333333 0.6245277777777778 0.008473958333333333 0.012222222222222221
0 0.7305364583333334 0.6417314814814815 0.005932291666666667 0.01412037037037037
0 0.7478125 0.6558796296296296 0.009890624999999998 0.01662962962962963
0 0.7428489583333333 0.6235925925925926 0.005322916666666667 0.012601851851851852
0 0.7632708333333333 0.6622129629629631 0.010223958333333333 0.022000000000000002
0 0.759546875 0.6879907407407407 0.005609375 0.013564814814814816
0 0.7710260416666667 0.6952407407407407 0.007442708333333333 0.0135
0 0.7801666666666667 0.7098796296296296 0.005848958333333334 0.009685185185185186
0 0.7764322916666667 0.6503611111111111 0.0046927083333333335 0.012314814814814815
0 0.82265625 0.7889907407407407 0.0034322916666666664 0.010037037037037037
0 0.8346041666666667 0.7651759259259259 0.006098958333333334 0.011944444444444445
0 0.83346875 0.7551296296296296 0.00415625 0.009537037037037038
0 0.814328125 0.7348055555555556 0.0033541666666666668 0.012518518518518517
0 0.8395364583333333 0.7807407407407407 0.005348958333333333 0.012407407407407407