1 0.4734166666666667 0.8832037037037037 0.030500000000000003 0.05670370370370371
1 0.403171875 0.6844259259259259 0.033484375000000004 0.05138888888888889
1 0.23615104166666667 0.7406759259259259 0.021005208333333334 0.030064814814814815
1 0.3990208333333333 0.7634444444444445 0.025989583333333333 0.025444444444444443
1 0.23691666666666666 0.7542222222222221 0.024354166666666666 0.02239814814814815
1 0.20888020833333334 0.31862962962962965 0.008046875 0.01625
1 0.19222395833333333 0.3145277777777778 0.006479166666666666 0.014777777777777779
1 0.3987239583333333 0.751537037037037 0.021791666666666668 0.038092592592592595
1 0.18991145833333334 0.44580555555555557 0.005484375 0.02013888888888889
1 0.18442187499999999 0.37539814814814815 0.006098958333333334 0.01875925925925926
0 0.8173072916666667 0.7515925925925926 0.008041666666666666 0.029611111111111112
0 0.6962760416666666 0.5943148148148149 0.019989583333333335 0.0319537037037037
0 0.6661510416666666 0.49642592592592594 0.006083333333333333 0.026305555555555554
0 0.57121875 0.418462962962963 0.006953125 0.014574074074074074
0 0.8741822916666667 0.9363333333333334 0.018406250000000002 0.03625