1 0.45025 0.7976666666666666 0.04097916666666667 0.08305555555555556
1 0.219953125 0.45787037037037037 0.016010416666666666 0.025833333333333333
1 0.24152083333333335 0.803287037037037 0.02884375 0.037537037037037035
1 0.3881770833333333 0.6399166666666667 0.031984374999999995 0.05150925925925926
1 0.22615625 0.5083981481481482 0.017651041666666666 0.02587037037037037
0 0.5484479166666667 0.7039351851851852 0.03257291666666667 0.035388888888888886
1 0.20778645833333334 0.6828518518518518 0.009635416666666667 0.025277777777777777
1 0.19181770833333334 0.4362314814814815 0.0073124999999999996 0.017564814814814814
1 0.19273958333333333 0.3780925925925926 0.007067708333333334 0.01774074074074074
1 0.20540624999999998 0.5159722222222223 0.006286458333333333 0.027796296296296295
1 0.19661458333333334 0.564037037037037 0.008119791666666666 0.02485185185185185
1 0.19758854166666667 0.5983425925925926 0.006213541666666667 0.03788888888888889
1 0.19291666666666665 0.7546574074074074 0.006791666666666666 0.028703703703703703
0 0.5987239583333334 0.8515185185185185 0.040239583333333336 0.10330555555555555
0 0.6709322916666667 0.9132037037037037 0.05314583333333334 0.15099074074074073
0 0.34437500000000004 0.3352962962962963 0.021223958333333334 0.018231481481481484
0 0.25194791666666666 0.286 0.012333333333333333 0.014268518518518519
0 0.24944270833333335 0.2728888888888889 0.015458333333333333 0.012546296296296297
0 0.248765625 0.24123148148148146 0.012859375000000001 0.021592592592592594
0 0.273390625 0.2878888888888889 0.007 0.013601851851851851
0 0.5240260416666667 0.39349074074074075 0.0054375 0.01773148148148148
0 0.3608385416666666 0.5420092592592592 0.016578125 0.030898148148148147