0 0.5953854166666667 0.7711481481481481 0.022875 0.03961111111111111
0 0.8747760416666667 0.9236666666666666 0.029281249999999998 0.04228703703703704
1 0.21182812499999998 0.7168888888888889 0.008270833333333333 0.02361111111111111
0 0.6117708333333333 0.8161296296296295 0.031822916666666666 0.03410185185185185
1 0.3889583333333333 0.6035833333333334 0.025 0.028546296296296295
1 0.18553645833333335 0.24046296296296296 0.012171875 0.01490740740740741
1 0.20714583333333333 0.30939814814814814 0.01196875 0.021453703703703704
0 0.701078125 0.6120277777777778 0.017390625 0.025842592592592594
1 0.19423437500000001 0.5669444444444444 0.018041666666666668 0.029555555555555557
0 0.5113020833333334 0.6531203703703704 0.01982291666666667 0.022574074074074073
0 0.3418177083333333 0.33743518518518517 0.021265625 0.017722222222222223
0 0.6421718750000001 0.8777037037037037 0.022119791666666666 0.03147222222222222
1 0.206875 0.6593703703703704 0.00571875 0.02325925925925926
0 0.5830468750000001 0.7108518518518518 0.018614583333333334 0.019268518518518518
0 0.531109375 0.6696574074074074 0.014557291666666666 0.01748148148148148
0 0.6410260416666667 0.5007407407407407 0.016583333333333332 0.02413888888888889
0 0.6308385416666666 0.48700000000000004 0.021463541666666665 0.025064814814814814
1 0.224796875 0.5794907407407408 0.016104166666666666 0.02689814814814815
0 0.461015625 0.37845370370370374 0.019197916666666665 0.015407407407407408
0 0.6450677083333333 0.8886203703703704 0.024270833333333335 0.030703703703703702
0 0.5509010416666666 0.4157592592592592 0.015036458333333334 0.01700925925925926
0 0.6796145833333332 0.5676944444444445 0.014718750000000001 0.020907407407407406
0 0.3733020833333333 0.347287037037037 0.017052083333333336 0.014833333333333334
1 0.18186979166666667 0.2740185185185185 0.006229166666666667 0.012777777777777779
0 0.6904583333333334 0.5808333333333333 0.018177083333333333 0.021111111111111112
0 0.6493020833333334 0.8128148148148149 0.01923958333333333 0.03010185185185185
0 0.7129635416666668 0.6288055555555556 0.017901041666666666 0.023703703703703706
0 0.514546875 0.6570370370370371 0.013744791666666667 0.020259259259259258
1 0.18177604166666667 0.2896851851851852 0.0036979166666666666 0.013833333333333333
0 0.6360677083333334 0.788787037037037 0.02178125 0.027925925925925927
0 0.6247447916666666 0.7737499999999999 0.019723958333333333 0.026759259259259257
0 0.6182083333333334 0.7550185185185185 0.0185625 0.030703703703703702
0 0.6132135416666666 0.745287037037037 0.017791666666666664 0.025694444444444443
0 0.59928125 0.7255648148148148 0.019171875 0.026694444444444444
0 0.6023645833333333 0.7337685185185185 0.01721875 0.020944444444444446
0 0.5837864583333333 0.7566666666666667 0.0190625 0.02823148148148148
0 0.576234375 0.7418796296296296 0.020755208333333334 0.0285
0 0.5683645833333333 0.7266666666666666 0.024520833333333332 0.030824074074074073
0 0.5549583333333333 0.7113148148148148 0.016671875 0.021305555555555557
0 0.5497135416666666 0.7055277777777778 0.01971875 0.022250000000000002
0 0.5420729166666667 0.6958240740740741 0.0206875 0.02211111111111111
0 0.6302239583333333 0.8458981481481482 0.012255208333333333 0.02061111111111111
0 0.6604635416666667 0.904 0.018026041666666666 0.024324074074074074
0 0.6689479166666668 0.9314074074074074 0.019723958333333333 0.025203703703703704
0 0.618609375 0.9140092592592592 0.01990625 0.04241666666666667
0 0.5857447916666667 0.8226388888888889 0.014317708333333333 0.03784259259259259
0 0.6779270833333333 0.8548148148148148 0.02694791666666667 0.027074074074074073
0 0.6855156250000001 0.8865648148148149 0.015583333333333334 0.030768518518518514
0 0.7303645833333333 0.6621203703703704 0.016619791666666668 0.02790740740740741
0 0.7654166666666666 0.6547314814814815 0.005817708333333334 0.02274074074074074
0 0.7415 0.6018888888888888 0.0029427083333333336 0.026861111111111113
0 0.7900104166666666 0.7062037037037038 0.00515625 0.025537037037037035
0 0.8132135416666666 0.7528055555555555 0.004968749999999999 0.02337962962962963
0 0.8263802083333334 0.7842685185185185 0.007473958333333333 0.02563888888888889
0 0.8392499999999999 0.768351851851852 0.008291666666666666 0.02462037037037037
0 0.8488072916666667 0.7878148148148149 0.004020833333333333 0.01925
0 0.8461197916666666 0.8173055555555556 0.0057708333333333335 0.028148148148148148
0 0.8568281249999999 0.8370833333333333 0.008229166666666668 0.032074074074074074
0 0.890046875 0.8663703703703703 0.004244791666666667 0.020324074074074074
0 0.915640625 0.9116388888888889 0.008843750000000001 0.021314814814814814
0 0.6563385416666667 0.8353055555555555 0.021104166666666667 0.02947222222222222
0 0.5745104166666667 0.6957314814814815 0.010869791666666666 0.021925925925925925
0 0.5621822916666667 0.6808981481481482 0.013239583333333334 0.017305555555555557
0 0.5551354166666667 0.6681759259259259 0.017026041666666665 0.028453703703703703
0 0.5451822916666667 0.6559907407407408 0.017703125 0.023342592592592592
0 0.5324166666666666 0.6459814814814815 0.018182291666666666 0.02259259259259259
0 0.49159375 0.6315462962962963 0.011838541666666667 0.02358333333333333
0 0.5189947916666667 0.6305740740740741 0.026000000000000002 0.020657407407407406
0 0.4893072916666667 0.38502777777777775 0.013755208333333333 0.014018518518518519
0 0.512796875 0.3931481481481482 0.015229166666666665 0.01677777777777778
0 0.5416770833333333 0.4073425925925926 0.024781249999999998 0.019148148148148147
0 0.56534375 0.4223425925925926 0.013057291666666667 0.019296296296296298
0 0.5807239583333333 0.4311388888888889 0.014026041666666666 0.019555555555555555
0 0.5992395833333333 0.4471851851851852 0.013682291666666667 0.021796296296296296
0 0.6220416666666666 0.47175 0.008901041666666666 0.01988888888888889
0 0.39886458333333336 0.3561388888888889 0.016380208333333333 0.01775925925925926
0 0.42818229166666666 0.36292592592592593 0.017734375 0.01412037037037037
1 0.19202083333333334 0.7048796296296296 0.007270833333333334 0.03130555555555556
1 0.18518229166666667 0.9834351851851851 0.009057291666666667 0.03125925925925926
0 0.398984375 0.4912222222222222 0.011734375 0.020796296296296295
0 0.3756302083333333 0.4839351851851852 0.013317708333333334 0.02176851851851852
0 0.35365625 0.4722777777777778 0.019046875 0.045879629629629624
0 0.39486458333333335 0.4704259259259259 0.010078125 0.012194444444444444
0 0.3847083333333333 0.4612037037037037 0.014802083333333334 0.017824074074074076
0 0.37700520833333334 0.44806481481481486 0.015520833333333334 0.016185185185185184
0 0.3748333333333333 0.44004629629629627 0.015416666666666667 0.01925925925925926
0 0.37016145833333336 0.4260185185185185 0.013432291666666667 0.010305555555555556
0 0.356734375 0.4365462962962963 0.011182291666666667 0.00975925925925926
0 0.3326822916666667 0.4344074074074074 0.008895833333333332 0.023074074074074077
0 0.364515625 0.4541481481481482 0.009489583333333333 0.015787037037037037
0 0.3195 0.3996111111111111 0.00940625 0.013305555555555555
0 0.3365104166666667 0.40567592592592594 0.0072187499999999995 0.00935185185185185
0 0.3413541666666667 0.4108055555555556 0.010687499999999999 0.012074074074074074
0 0.36548437500000003 0.41833333333333333 0.01340625 0.011027777777777779
0 0.348328125 0.43004629629629626 0.013317708333333334 0.015851851851851853
0 0.24381250000000002 0.2556203703703704 0.006796875 0.012435185185185185
0 0.24529166666666666 0.2735 0.009473958333333334 0.012
0 0.25186458333333334 0.28802777777777777 0.011026041666666668 0.01037037037037037
0 0.2758229166666667 0.3128240740740741 0.014255208333333333 0.019240740740740742
0 0.30696875 0.3278425925925926 0.012624999999999999 0.013574074074074073
0 0.32296875 0.33425925925925926 0.011536458333333333 0.013833333333333333
0 0.25452083333333336 0.2403703703703704 0.00678125 0.010981481481481481
0 0.24586458333333333 0.2375833333333333 0.009807291666666666 0.011944444444444445