0 0.6218697916666667 0.8297407407407408 0.033776041666666666 0.04519444444444445
1 0.398703125 0.6940648148148149 0.019979166666666666 0.02059259259259259
1 0.41823958333333333 0.7389351851851852 0.02390625 0.02762962962962963
1 0.19215104166666666 0.4061666666666667 0.004395833333333333 0.021324074074074075
0 0.6527291666666667 0.9005 0.03152083333333334 0.03383333333333333
1 0.1991875 0.7055092592592593 0.017927083333333333 0.041444444444444443
1 0.18057812499999998 0.37498148148148147 0.005093749999999999 0.017166666666666667
1 0.22926041666666666 0.741537037037037 0.01128125 0.0364537037037037
0 0.6623958333333333 0.8376388888888888 0.027854166666666666 0.030212962962962966
0 0.675890625 0.8671018518518518 0.032505208333333334 0.03324074074074074
1 0.21276041666666667 0.36291666666666667 0.015473958333333334 0.024324074074074074
1 0.22717708333333334 0.5432777777777777 0.021213541666666665 0.02637037037037037
0 0.6994010416666666 0.9219444444444445 0.030109375 0.04116666666666667
1 0.24353645833333332 0.9350555555555555 0.032140625 0.021962962962962962
1 0.39359375 0.6690555555555556 0.020385416666666666 0.018814814814814815
0 0.5933333333333334 0.7744814814814815 0.02746875 0.04102777777777778
0 0.6441770833333333 0.873074074074074 0.026677083333333334 0.024064814814814813
1 0.3756302083333333 0.7023611111111111 0.020921875 0.016416666666666666
0 0.6431510416666666 0.8567685185185184 0.02588020833333333 0.030925925925925926
1 0.363828125 0.6242314814814814 0.039984374999999996 0.040240740740740744
0 0.671859375 0.9383611111111111 0.033921875 0.025027777777777777
0 0.5673437499999999 0.4229259259259259 0.006145833333333334 0.019120370370370367
1 0.19838020833333334 0.4522129629629629 0.0066927083333333335 0.026759259259259257
0 0.6726458333333334 0.8567592592592592 0.027963541666666664 0.03468518518518519
0 0.5337760416666666 0.40089814814814817 0.004130208333333333 0.01810185185185185
1 0.40911458333333334 0.6598703703703703 0.028442708333333334 0.013981481481481482
0 0.6403645833333333 0.788212962962963 0.01992708333333333 0.03308333333333333
1 0.40559375000000003 0.6242777777777778 0.030161458333333332 0.030435185185185183
1 0.18882291666666667 0.5124814814814815 0.007541666666666667 0.015648148148148147
0 0.6102135416666666 0.8108611111111111 0.030057291666666666 0.03467592592592593
0 0.6676979166666667 0.930537037037037 0.029395833333333333 0.03793518518518518
1 0.20452604166666666 0.5424814814814815 0.007546875 0.025805555555555557
0 0.580765625 0.7497222222222223 0.01873958333333333 0.042083333333333334
0 0.7648958333333333 0.6990740740740741 0.003848958333333333 0.022250000000000002
0 0.7715052083333334 0.6943796296296296 0.0049375 0.02723148148148148
0 0.7834375 0.6687407407407407 0.0074375 0.025249999999999998
0 0.8090833333333334 0.7114444444444444 0.006739583333333333 0.02234259259259259
0 0.780984375 0.7015925925925927 0.0059947916666666665 0.02112962962962963
0 0.7663281249999999 0.665962962962963 0.005557291666666667 0.020712962962962964
0 0.7424635416666666 0.6320370370370371 0.004036458333333334 0.02987037037037037
0 0.75203125 0.6227777777777778 0.0069947916666666665 0.026759259259259257
0 0.7281614583333333 0.6596111111111111 0.004927083333333334 0.026481481481481484
0 0.8151562499999999 0.7160092592592592 0.0033385416666666667 0.011907407407407406
0 0.7145989583333333 0.596 0.006338541666666667 0.02613888888888889
0 0.7038802083333333 0.5669814814814815 0.0057708333333333335 0.029925925925925925
0 0.6503489583333334 0.4852962962962963 0.004401041666666666 0.018611111111111113
0 0.6345833333333334 0.4670185185185185 0.004864583333333334 0.016675925925925927
0 0.6024270833333334 0.43398148148148147 0.005927083333333334 0.018611111111111113
0 0.5679531250000001 0.41753703703703704 0.0030416666666666665 0.012916666666666667
0 0.46925520833333334 0.3754722222222222 0.0066302083333333334 0.014083333333333335
0 0.3072708333333333 0.3223240740740741 0.004411458333333334 0.01162962962962963
0 0.2841666666666667 0.3050185185185185 0.004213541666666667 0.012
0 0.2744947916666666 0.2908611111111111 0.004244791666666667 0.011407407407407408
0 0.250046875 0.2853148148148148 0.002557291666666667 0.015499999999999998
0 0.2568125 0.28802777777777777 0.0034583333333333332 0.014722222222222223
0 0.2567760416666667 0.28850925925925924 0.003010416666666667 0.011981481481481482
0 0.2500625 0.24726851851851853 0.002984375 0.010685185185185185
0 0.2612291666666667 0.24764814814814812 0.0033854166666666668 0.01211111111111111
0 0.26394791666666667 0.23482407407407407 0.0026927083333333334 0.010222222222222221
0 0.24886458333333333 0.2375462962962963 0.00278125 0.009074074074074075
0 0.24603645833333332 0.22696296296296298 0.002328125 0.01011111111111111
0 0.25127604166666667 0.2239722222222222 0.0031562499999999998 0.013601851851851851
0 0.24561979166666664 0.19612962962962963 0.003328125 0.012722222222222222
0 0.25571875 0.19348148148148148 0.0038697916666666663 0.01237962962962963
0 0.257296875 0.26871296296296293 0.0036927083333333334 0.011333333333333334
0 0.2658333333333333 0.2627037037037037 0.0033125000000000003 0.009879629629629629
0 0.3354270833333333 0.3300740740740741 0.005776041666666666 0.01275
1 0.19806249999999997 0.2626851851851852 0.010723958333333334 0.01676851851851852
1 0.19082291666666668 0.22768518518518518 0.008588541666666666 0.012638888888888889
1 0.20196874999999997 0.20744444444444443 0.0051875 0.016972222222222222
1 0.48832291666666666 0.9314722222222223 0.04444791666666667 0.13704629629629628
0 0.35441666666666666 0.4401481481481482 0.009348958333333332 0.01474074074074074
0 0.37560416666666663 0.48477777777777775 0.013500000000000002 0.023842592592592592
0 0.39396875 0.4883611111111111 0.01178125 0.020305555555555556
0 0.38878125 0.4709722222222222 0.010854166666666666 0.0195
0 0.3628854166666667 0.4648611111111111 0.008244791666666666 0.013787037037037037
0 0.3599583333333333 0.4556574074074074 0.007333333333333333 0.015231481481481481
0 0.37180729166666665 0.4659537037037037 0.014718750000000001 0.019018518518518518
0 0.3881145833333333 0.513962962962963 0.010598958333333333 0.015759259259259258
0 0.39640625 0.5213518518518518 0.011614583333333334 0.01375925925925926
0 0.40428125000000004 0.53525 0.013979166666666666 0.019546296296296294
0 0.42542708333333334 0.5363518518518519 0.011854166666666667 0.01887037037037037
0 0.4177916666666667 0.5248148148148147 0.010026041666666667 0.014194444444444445
0 0.41397395833333334 0.5188148148148148 0.009270833333333334 0.01439814814814815
0 0.8135052083333334 0.73425 0.0023541666666666663 0.009657407407407408
0 0.8147656249999999 0.7606851851851851 0.002625 0.011722222222222222
0 0.8199375 0.7701481481481481 0.0028072916666666667 0.015925925925925927