1 0.48660416666666667 0.9268611111111111 0.06505208333333333 0.08388888888888889
1 0.20916666666666667 0.4001851851851852 0.018848958333333332 0.021037037037037035
1 0.43504166666666666 0.7753796296296296 0.02802083333333333 0.030953703703703702
1 0.37655208333333334 0.6760555555555555 0.040203125 0.04512962962962963
1 0.38386458333333334 0.7404814814814815 0.024348958333333334 0.022481481481481484
1 0.3992395833333333 0.6528148148148147 0.03553125 0.029916666666666668
1 0.380453125 0.6166018518518518 0.03324479166666667 0.033324074074074075
1 0.42696875 0.7304537037037037 0.024380208333333334 0.025
0 0.6647447916666667 0.9252407407407407 0.030375 0.022157407407407407
0 0.6653749999999999 0.8580462962962964 0.032302083333333335 0.03010185185185185
0 0.6679583333333333 0.9533796296296297 0.03597395833333333 0.030787037037037036
0 0.619140625 0.7560185185185185 0.03338541666666666 0.02688888888888889
0 0.61909375 0.8255185185185184 0.02958854166666667 0.026453703703703705
0 0.60590625 0.8007962962962963 0.027088541666666667 0.028583333333333336
1 0.41184895833333335 0.6890462962962962 0.037911458333333335 0.05413888888888889
0 0.620328125 0.8448703703703704 0.028927083333333332 0.025555555555555557
0 0.595265625 0.7847962962962963 0.026593750000000003 0.028824074074074075
0 0.5842135416666667 0.7638425925925927 0.026302083333333334 0.026675925925925926
0 0.5642291666666667 0.7329907407407408 0.02499479166666667 0.02297222222222222
0 0.6381614583333334 0.873925925925926 0.027244791666666667 0.027018518518518518
0 0.5550364583333334 0.7141666666666666 0.01709375 0.0295
0 0.5337135416666666 0.6868425925925925 0.016874999999999998 0.020481481481481482
0 0.5258958333333333 0.6667222222222222 0.016989583333333332 0.02450925925925926
0 0.49585416666666665 0.642287037037037 0.01736979166666667 0.024416666666666666
0 0.5156510416666666 0.6342222222222222 0.011739583333333333 0.018231481481481484
0 0.5226354166666667 0.6421296296296296 0.013265625 0.017907407407407407
0 0.5361145833333333 0.6441666666666667 0.014145833333333333 0.015083333333333332
0 0.5449375 0.6611481481481482 0.01403125 0.01877777777777778
0 0.5510729166666667 0.6691111111111111 0.014208333333333333 0.018898148148148147
0 0.55996875 0.6781018518518519 0.015984375000000002 0.01563888888888889
0 0.5639166666666667 0.6849166666666667 0.012916666666666667 0.013925925925925925
0 0.5703333333333334 0.692037037037037 0.014307291666666666 0.015953703703703703
0 0.5749166666666666 0.7007592592592593 0.0155625 0.01624074074074074
0 0.5815729166666667 0.7136018518518519 0.014947916666666667 0.019805555555555555
0 0.5921875 0.7215185185185186 0.015828125000000002 0.016657407407407405
0 0.6029791666666667 0.7412777777777778 0.016598958333333334 0.02140740740740741
0 0.6273385416666667 0.7767407407407407 0.01894791666666667 0.027740740740740743
0 0.6389895833333333 0.7899166666666667 0.020546875000000003 0.022935185185185183
0 0.6436145833333333 0.8101944444444444 0.022239583333333333 0.02460185185185185
0 0.6527552083333333 0.8348888888888888 0.021979166666666668 0.026703703703703705
0 0.6623385416666667 0.855388888888889 0.022338541666666666 0.030870370370370374
0 0.6765260416666667 0.8785092592592593 0.018963541666666663 0.02887962962962963
0 0.6858385416666667 0.8961759259259259 0.019036458333333332 0.028787037037037038
0 0.6972135416666667 0.9257037037037037 0.02196875 0.040185185185185185
0 0.6860052083333333 0.9853240740740742 0.02763541666666667 0.029361111111111112
0 0.6440625 0.9050462962962963 0.018052083333333333 0.04264814814814815
0 0.39941666666666664 0.49366666666666664 0.013010416666666667 0.01986111111111111
0 0.3999270833333333 0.4928611111111111 0.011494791666666667 0.015981481481481482
0 0.37651562499999996 0.4938796296296296 0.013963541666666666 0.02209259259259259
0 0.3946354166666667 0.4779814814814815 0.011583333333333333 0.015138888888888891
0 0.3743177083333334 0.4829074074074074 0.011338541666666667 0.017314814814814814
0 0.3705572916666667 0.4734537037037037 0.0114375 0.019185185185185184
0 0.3626510416666667 0.4585648148148148 0.012395833333333333 0.02327777777777778
0 0.36494270833333337 0.46485185185185185 0.009609375 0.01913888888888889
0 0.35494791666666664 0.44681481481481483 0.009182291666666667 0.016935185185185185
0 0.34795833333333337 0.4334537037037037 0.007651041666666666 0.015509259259259259
0 0.347265625 0.4253148148148148 0.011354166666666667 0.013694444444444443
0 0.34103125 0.416 0.010822916666666666 0.014925925925925928
0 0.3716875 0.43466666666666665 0.010401041666666666 0.016583333333333332
0 0.3661197916666667 0.4265277777777778 0.014005208333333333 0.02153703703703704
0 0.360796875 0.4179907407407408 0.008692708333333334 0.018000000000000002
0 0.35746354166666666 0.40622222222222226 0.009895833333333333 0.014351851851851852
0 0.35351041666666666 0.40055555555555555 0.011135416666666667 0.017916666666666668
0 0.33630208333333333 0.40121296296296294 0.008734374999999999 0.015620370370370371
0 0.26884375 0.23458333333333334 0.008213541666666666 0.014342592592592593
0 0.24463541666666666 0.24260185185185185 0.002994791666666667 0.013203703703703704
0 0.252734375 0.23626851851851852 0.002911458333333333 0.011824074074074074
0 0.250421875 0.2513518518518518 0.0018645833333333333 0.012638888888888889
0 0.2439322916666667 0.26525925925925925 0.0037447916666666667 0.011546296296296298
0 0.252484375 0.2704166666666667 0.0031562499999999998 0.011925925925925927
0 0.2597760416666667 0.26525925925925925 0.004052083333333334 0.011935185185185186
0 0.267171875 0.27111111111111114 0.0027552083333333335 0.011953703703703704
0 0.25728645833333336 0.2861388888888889 0.0032135416666666666 0.00901851851851852
0 0.255921875 0.27721296296296294 0.002895833333333333 0.006990740740740741
0 0.263046875 0.28174074074074074 0.0021041666666666665 0.007925925925925927
0 0.25399479166666666 0.28947222222222224 0.002682291666666667 0.006675925925925926
0 0.2699479166666666 0.27709259259259256 0.0025364583333333333 0.010361111111111111
0 0.27125 0.2899259259259259 0.0029791666666666664 0.01163888888888889
0 0.27613541666666663 0.29307407407407404 0.004385416666666667 0.012972222222222222
0 0.28488541666666667 0.30014814814814816 0.00390625 0.009962962962962963
0 0.29853645833333337 0.3105185185185185 0.003286458333333333 0.009481481481481481
0 0.30561979166666664 0.3151481481481482 0.004614583333333333 0.010157407407407408
0 0.3204739583333333 0.3289074074074074 0.010979166666666667 0.00650925925925926
0 0.334828125 0.3333425925925926 0.015052083333333332 0.00814814814814815
0 0.35348958333333336 0.33902777777777776 0.015328125 0.008231481481481482
0 0.39138020833333337 0.35270370370370374 0.015505208333333333 0.008472222222222223
0 0.4112604166666667 0.3566574074074074 0.020968749999999998 0.0073518518518518525
0 0.6331770833333333 0.4885462962962963 0.015145833333333332 0.01774074074074074
0 0.6428958333333333 0.5095925925925926 0.011458333333333333 0.014222222222222221
0 0.66565625 0.539425925925926 0.012432291666666668 0.019675925925925927
0 0.6727916666666667 0.5613055555555556 0.012901041666666667 0.015111111111111112
0 0.6784531250000001 0.5718240740740741 0.011739583333333333 0.009962962962962963
0 0.6857552083333334 0.5843796296296296 0.009078125 0.01112037037037037
0 0.69059375 0.5959166666666667 0.010833333333333334 0.012527777777777777
0 0.69859375 0.612787037037037 0.011343750000000001 0.01375
0 0.7044166666666667 0.6234907407407407 0.012151041666666666 0.014824074074074076
0 0.729171875 0.6601018518518518 0.012942708333333334 0.015787037037037037
1 0.18269270833333331 0.3014537037037037 0.0034375 0.02210185185185185
1 0.17866145833333333 0.2768611111111111 0.0044218750000000005 0.014796296296296297
1 0.20111458333333332 0.2840648148148148 0.010854166666666666 0.016814814814814814