1 0.23628645833333334 0.9625648148148147 0.031322916666666666 0.04812037037037037
1 0.45000520833333335 0.8373888888888888 0.028963541666666665 0.04769444444444444
0 0.613390625 0.7893981481481481 0.04635416666666667 0.09323148148148148
1 0.22684375 0.58425 0.020135416666666666 0.03146296296296296
1 0.35328125 0.6069074074074075 0.0306875 0.026046296296296297
1 0.1857552083333333 0.6679351851851852 0.008848958333333332 0.03017592592592593
1 0.196453125 0.5224074074074074 0.007010416666666667 0.02550925925925926
1 0.20802083333333332 0.3602314814814815 0.013552083333333333 0.02139814814814815
1 0.18090104166666665 0.33305555555555555 0.00465625 0.01737962962962963
1 0.19291666666666665 0.3304722222222222 0.005479166666666666 0.014027777777777778
1 0.20093229166666668 0.2901944444444445 0.011234375 0.013296296296296296
1 0.19814583333333333 0.2748425925925926 0.002796875 0.011814814814814814
1 0.18643229166666667 0.2813703703703704 0.003911458333333334 0.015685185185185187
1 0.17778124999999997 0.2798703703703704 0.003447916666666667 0.015194444444444444
1 0.18168749999999997 0.2952222222222222 0.0044531250000000005 0.016324074074074074
1 0.43496875 0.7946574074074074 0.019973958333333333 0.031101851851851856
1 0.42613541666666666 0.8773240740740741 0.0089375 0.03410185185185185
1 0.4445 0.980925925925926 0.02577604166666667 0.03813888888888889
1 0.37216666666666665 0.69875 0.01885416666666667 0.02886111111111111
0 0.6415677083333333 0.848925925925926 0.039 0.10511111111111111
0 0.6959895833333333 0.9556666666666666 0.05559375 0.08866666666666667
0 0.6378541666666667 0.4667777777777778 0.008072916666666667 0.020055555555555556
0 0.24411979166666667 0.2541203703703704 0.009755208333333333 0.012888888888888889
0 0.2555677083333333 0.23492592592592593 0.002958333333333333 0.007425925925925925
0 0.255421875 0.22215740740740741 0.0032500000000000003 0.0069722222222222225
0 0.26131770833333334 0.20837962962962964 0.0032916666666666667 0.009203703703703704
0 0.26186458333333335 0.2679814814814815 0.003802083333333333 0.007694444444444445
0 0.26683333333333337 0.2925555555555555 0.004625000000000001 0.00825925925925926
0 0.2763541666666667 0.29919444444444443 0.010135416666666668 0.017361111111111112
0 0.24554166666666666 0.17652777777777778 0.007093749999999999 0.012185185185185186