1 0.532765625 0.9393703703703703 0.04936979166666667 0.08533333333333333
1 0.45474479166666665 0.8840185185185185 0.04302604166666667 0.09167592592592592
0 0.5477187499999999 0.6831851851851852 0.035666666666666666 0.06297222222222222
0 0.5509270833333333 0.4050092592592593 0.019411458333333336 0.019592592592592592
1 0.19111979166666665 0.39025925925925925 0.007458333333333333 0.017638888888888888
0 0.6230416666666667 0.7843981481481481 0.047 0.060527777777777785
1 0.20370833333333332 0.5824166666666667 0.00578125 0.03178703703703704
1 0.22116666666666665 0.5591574074074074 0.009109375 0.02163888888888889
1 0.21987500000000001 0.5982037037037037 0.009380208333333334 0.021694444444444443
1 0.378796875 0.602175925925926 0.01914583333333333 0.018231481481481484
1 0.21657291666666667 0.45637962962962964 0.015223958333333334 0.013592592592592592
1 0.19726041666666666 0.6860277777777778 0.005083333333333333 0.02950925925925926
1 0.18820833333333334 0.7603148148148148 0.005578125000000001 0.029981481481481484
1 0.18077083333333333 0.44887962962962963 0.005557291666666667 0.023592592592592592
1 0.18917708333333336 0.3082962962962963 0.004317708333333333 0.018166666666666668
0 0.6646249999999999 0.9199074074074074 0.0486875 0.1102037037037037
0 0.5939218749999999 0.43266666666666664 0.006098958333333334 0.024981481481481483