1 0.3924166666666667 0.7048425925925926 0.018109375 0.02337962962962963
1 0.3926822916666667 0.6782037037037038 0.016729166666666666 0.023555555555555555
1 0.23705208333333333 0.7215648148148148 0.027114583333333334 0.025111111111111112
1 0.40048437499999995 0.7704537037037037 0.019 0.02775925925925926
1 0.2301875 0.8158148148148149 0.021640625 0.023018518518518518
1 0.38199479166666667 0.7283425925925926 0.007145833333333334 0.027138888888888886
1 0.37677083333333333 0.64025 0.017156249999999998 0.025296296296296296
0 0.7134270833333333 0.6238333333333334 0.019364583333333334 0.028296296296296295
1 0.19186979166666665 0.5639351851851852 0.005932291666666667 0.025
1 0.3863489583333333 0.6019537037037037 0.017083333333333332 0.021453703703703704
1 0.21588020833333335 0.4195 0.013171875 0.013111111111111112
1 0.22203125 0.4663981481481481 0.014661458333333332 0.018490740740740738
1 0.19181770833333334 0.45544444444444443 0.003973958333333334 0.018861111111111113
1 0.20586458333333332 0.30612962962962964 0.006880208333333334 0.012981481481481481
1 0.20772916666666666 0.5854074074074074 0.004625000000000001 0.025416666666666667
1 0.229890625 0.8041574074074074 0.022828124999999998 0.030537037037037033
1 0.34972395833333336 0.6584444444444445 0.016416666666666666 0.02150925925925926
1 0.35789062499999996 0.6251018518518519 0.014661458333333332 0.01958333333333333
1 0.19159375 0.40058333333333335 0.0037552083333333335 0.018129629629629627
1 0.19055729166666666 0.3578148148148148 0.00425 0.018268518518518517
1 0.216390625 0.40390740740740744 0.012354166666666666 0.014296296296296297
1 0.3784322916666667 0.6533333333333333 0.014755208333333332 0.016175925925925923
0 0.24295833333333333 0.25563888888888886 0.006541666666666667 0.013722222222222222
1 0.19232291666666665 0.36109259259259263 0.007989583333333333 0.019805555555555555
0 0.48837499999999995 0.6087407407407408 0.025156249999999998 0.07143518518518518
0 0.538484375 0.6581388888888888 0.01914583333333333 0.025657407407407407
0 0.3685104166666667 0.4513240740740741 0.020484375 0.05912037037037037
0 0.3865989583333333 0.46205555555555555 0.012885416666666667 0.025175925925925928
0 0.3486927083333333 0.408962962962963 0.019291666666666665 0.05736111111111111
0 0.4035572916666667 0.5143240740740741 0.023781249999999997 0.059861111111111115
0 0.2529375 0.28671296296296295 0.010796875000000001 0.015407407407407408
0 0.24965104166666666 0.271787037037037 0.012458333333333333 0.007935185185185186
0 0.26986979166666664 0.2871851851851852 0.0034895833333333333 0.012277777777777778
0 0.27715625 0.29010185185185183 0.0048177083333333336 0.010796296296296297
0 0.263734375 0.24900925925925926 0.004484375 0.013222222222222222
0 0.24565625000000002 0.2166851851851852 0.009713541666666665 0.01038888888888889
0 0.25620312500000003 0.1992962962962963 0.004171875 0.008962962962962963
0 0.2967135416666667 0.3181111111111111 0.005927083333333334 0.01312037037037037
0 0.34318229166666664 0.3328611111111111 0.004145833333333333 0.012537037037037036
1 0.18959374999999998 0.2900648148148148 0.0040104166666666665 0.016212962962962964
1 0.18301041666666668 0.2779814814814815 0.0039375 0.014333333333333333