1 0.2336875 0.8381296296296296 0.024171875 0.018574074074074073
1 0.44027083333333333 0.9149166666666667 0.028796875 0.03791666666666667
1 0.4240052083333333 0.6582962962962964 0.036229166666666666 0.039314814814814816
1 0.421921875 0.629925925925926 0.032 0.028314814814814813
1 0.202125 0.5673888888888888 0.016557291666666665 0.028944444444444446
0 0.45507291666666666 0.37544444444444447 0.010875 0.016481481481481482
1 0.20434895833333336 0.30559259259259264 0.009921875 0.016814814814814814
1 0.23944791666666668 0.9389537037037038 0.023473958333333333 0.03367592592592592
0 0.48019270833333333 0.38551851851851854 0.020072916666666666 0.014861111111111111
0 0.6446875 0.46796296296296297 0.004921875 0.019777777777777776
1 0.41999479166666664 0.6447592592592593 0.03134375 0.06135185185185186
1 0.19214583333333335 0.14458333333333334 0.004796875000000001 0.010777777777777778
1 0.3763697916666667 0.6461666666666667 0.015135416666666667 0.030824074074074073
0 0.85571875 0.8248518518518518 0.005958333333333333 0.03216666666666667
1 0.18240104166666665 0.07177777777777777 0.005880208333333333 0.009518518518518518
1 0.2038125 0.9669537037037037 0.009734375 0.02697222222222222
0 0.796734375 0.73 0.0085625 0.022814814814814816
0 0.7800104166666666 0.7044259259259259 0.008932291666666667 0.028444444444444442
0 0.7264895833333332 0.6124907407407407 0.010223958333333333 0.02937037037037037
0 0.6823958333333333 0.5167685185185186 0.005942708333333334 0.02939814814814815
0 0.6302604166666667 0.4573611111111111 0.00625 0.020796296296296295
0 0.5664583333333333 0.4233796296296296 0.017401041666666665 0.011824074074074074
0 0.25181770833333333 0.28905555555555557 0.0076927083333333335 0.015925925925925927
0 0.2701822916666667 0.29686111111111113 0.009348958333333332 0.019296296296296298
0 0.25728125 0.22110185185185185 0.005458333333333333 0.018055555555555554
0 0.26155208333333335 0.229787037037037 0.00603125 0.017611111111111112
1 0.18671354166666668 0.9496666666666668 0.008442708333333333 0.03475
1 0.19928125 0.2825185185185185 0.011635416666666667 0.016583333333333332
1 0.1804375 0.2719166666666667 0.002963541666666667 0.012361111111111111
0 0.42817187500000004 0.5396203703703704 0.012953125000000001 0.01937037037037037
0 0.406390625 0.5351296296296297 0.014411458333333333 0.021527777777777778
0 0.39728125 0.49336111111111114 0.012229166666666668 0.02077777777777778
0 0.3941614583333333 0.48001851851851846 0.011229166666666667 0.017666666666666664
0 0.37602083333333336 0.48960185185185184 0.013807291666666667 0.019833333333333335
0 0.35209375 0.4341481481481481 0.011895833333333333 0.019666666666666666
0 0.3809270833333333 0.5278611111111111 0.019494791666666667 0.03431481481481482