1 0.477359375 0.9203796296296296 0.04840625 0.12474074074074074
1 0.424421875 0.9136388888888889 0.010286458333333333 0.04086111111111111
1 0.48004687500000004 0.8208148148148149 0.027385416666666666 0.055435185185185185
1 0.4205 0.6531481481481481 0.031921875 0.06502777777777778
1 0.39065625 0.6078240740740741 0.016223958333333333 0.024435185185185185
1 0.3591770833333333 0.5907314814814815 0.028942708333333334 0.05049074074074074
1 0.38547916666666665 0.5940092592592592 0.011151041666666667 0.021833333333333333
1 0.33884375 0.6127037037037038 0.014807291666666667 0.020120370370370372
1 0.376 0.6449351851851851 0.017489583333333333 0.025925925925925925
1 0.360625 0.6720648148148148 0.01788020833333333 0.025416666666666667
1 0.355421875 0.6495092592592593 0.016411458333333333 0.02725
1 0.34153645833333335 0.64725 0.009942708333333333 0.021953703703703704
1 0.21356250000000002 0.993925925925926 0.007994791666666666 0.012148148148148148
1 0.19719791666666667 0.9872777777777778 0.007729166666666666 0.025444444444444443
1 0.19600520833333332 0.933425925925926 0.007484375 0.038981481481481485
1 0.21691145833333333 0.9216018518518518 0.0061875 0.009694444444444445
1 0.19325 0.8532407407407407 0.009458333333333334 0.017833333333333336
1 0.19429166666666667 0.8187222222222222 0.007578125000000001 0.032490740740740744
1 0.202921875 0.7564907407407407 0.008161458333333333 0.03331481481481481
1 0.189859375 0.7385277777777778 0.007072916666666667 0.027740740740740743
1 0.204984375 0.6947407407407408 0.007854166666666667 0.033249999999999995
1 0.189046875 0.6883888888888889 0.008630208333333333 0.028351851851851854
1 0.19115625 0.65675 0.008786458333333334 0.029212962962962965
1 0.22596354166666668 0.6318518518518518 0.021208333333333333 0.03650925925925926
1 0.21366145833333333 0.5916203703703704 0.007802083333333334 0.026444444444444444
1 0.19804166666666667 0.5904537037037038 0.007604166666666666 0.029592592592592594
1 0.21674479166666666 0.47898148148148145 0.017734375 0.03536111111111111
1 0.18901562500000002 0.4236759259259259 0.004505208333333333 0.025314814814814814
1 0.20389583333333333 0.3688148148148148 0.004786458333333333 0.021185185185185185
0 0.7141927083333334 0.5753333333333334 0.008197916666666668 0.02514814814814815
0 0.566109375 0.4138055555555556 0.008130208333333333 0.021222222222222222
0 0.5542395833333333 0.41575 0.019588541666666667 0.018851851851851852
0 0.5454947916666666 0.40175925925925926 0.006057291666666667 0.010416666666666666
0 0.533875 0.39789814814814817 0.006567708333333333 0.019120370370370367
0 0.5110885416666666 0.3937777777777777 0.023916666666666666 0.026518518518518518
0 0.4507395833333333 0.36786111111111114 0.006171874999999999 0.02085185185185185
0 0.4608333333333333 0.37025 0.006109375 0.01778703703703704
0 0.4117135416666667 0.35510185185185184 0.004671875000000001 0.013314814814814816
0 0.36782291666666667 0.3410925925925926 0.0066302083333333334 0.01735185185185185
0 0.3162291666666667 0.32775925925925925 0.01871875 0.016509259259259258
0 0.25115625 0.2947037037037037 0.017036458333333334 0.023916666666666666
0 0.24651041666666668 0.27381481481481484 0.011708333333333333 0.013435185185185185
0 0.2759375 0.29487037037037034 0.004572916666666666 0.014074074074074074
0 0.2588489583333333 0.25531481481481483 0.0033854166666666668 0.01474074074074074
0 0.2605885416666667 0.27067592592592593 0.0033541666666666668 0.013407407407407408
0 0.26538541666666665 0.2751851851851852 0.0032604166666666667 0.01538888888888889