1 0.22984375 0.9390833333333334 0.02246875 0.029685185185185186
1 0.191140625 0.3367314814814815 0.006494791666666667 0.015851851851851853
1 0.3386875 0.6431111111111111 0.013854166666666667 0.018250000000000002
1 0.22037500000000002 0.5730000000000001 0.020677083333333336 0.027824074074074074
0 0.594234375 0.43175 0.005651041666666666 0.017953703703703704
1 0.38633854166666665 0.6125833333333334 0.0175 0.021527777777777778
0 0.37617708333333333 0.5410833333333334 0.016625 0.02788888888888889
1 0.19953125000000002 0.6929074074074074 0.006786458333333333 0.03189814814814815
1 0.21609895833333334 0.6906944444444445 0.007875 0.026879629629629632
1 0.18949479166666666 0.5940185185185185 0.007130208333333333 0.024203703703703703
0 0.2590625 0.23066666666666666 0.0037031250000000003 0.010981481481481481
0 0.26253645833333333 0.2896574074074074 0.008463541666666666 0.012518518518518517
1 0.21055729166666665 0.3572314814814815 0.011791666666666667 0.024342592592592593
1 0.33909895833333337 0.6064074074074074 0.012916666666666667 0.019203703703703702
0 0.735359375 0.6110462962962963 0.005463541666666667 0.03373148148148148
0 0.5379166666666666 0.4103888888888889 0.017322916666666667 0.02437962962962963
0 0.5131718749999999 0.3907685185185185 0.005166666666666667 0.009768518518518518
0 0.45065104166666664 0.37025925925925923 0.004760416666666667 0.011564814814814814
0 0.402125 0.5370555555555555 0.012880208333333334 0.02575
0 0.42410416666666667 0.5424444444444445 0.014447916666666666 0.015407407407407408
0 0.34056770833333333 0.3985185185185185 0.018135416666666668 0.0387037037037037
1 0.19638541666666667 0.7725925925925926 0.008427083333333333 0.03364814814814815
1 0.18317708333333332 0.9436944444444445 0.010604166666666666 0.03680555555555556
1 0.18586979166666667 0.41315740740740736 0.004984375 0.018953703703703702
1 0.17479166666666668 0.3072962962962963 0.0032291666666666666 0.01587962962962963
1 0.19822916666666668 0.2966388888888889 0.003463541666666667 0.013842592592592592
1 0.17659375 0.2674814814814815 0.0036510416666666666 0.009944444444444445
1 0.19693750000000002 0.27685185185185185 0.00734375 0.010555555555555556
1 0.19786458333333332 0.2474722222222222 0.009192708333333332 0.015287037037037038
1 0.2765625 0.29900925925925925 0.0033072916666666663 0.0162962962962963