1 0.19268229166666667 0.3428888888888889 0.00353125 0.018555555555555554
1 0.24006770833333332 0.7745555555555556 0.025911458333333335 0.03711111111111111
1 0.4333854166666667 0.9201388888888888 0.028328125 0.034999999999999996
1 0.236984375 0.832037037037037 0.019604166666666666 0.033018518518518516
1 0.23003645833333333 0.9440740740740741 0.008005208333333333 0.034694444444444444
1 0.44363541666666667 0.8275555555555556 0.007260416666666667 0.029574074074074076
1 0.23686458333333332 0.8409444444444445 0.020630208333333334 0.02077777777777778
1 0.19209375 0.6096851851851852 0.005093749999999999 0.023314814814814816
1 0.19209895833333332 0.3152685185185185 0.006067708333333334 0.012944444444444444
1 0.36666145833333336 0.6384814814814814 0.01758854166666667 0.02312962962962963
1 0.4584010416666667 0.9642037037037037 0.011843749999999998 0.025657407407407407
1 0.19053124999999999 0.7632314814814815 0.006703125 0.03067592592592593
1 0.18954166666666666 0.41880555555555554 0.007083333333333333 0.017324074074074075
0 0.3203333333333333 0.33455555555555555 0.012932291666666667 0.012203703703703703
0 0.25629166666666664 0.2960185185185185 0.012817708333333334 0.014564814814814815
1 0.192859375 0.4855648148148148 0.003515625 0.021268518518518516
0 0.6393854166666666 0.459574074074074 0.007317708333333334 0.016129629629629633
1 0.4569947916666666 0.9673240740740741 0.005369791666666667 0.03017592592592593
1 0.19898437500000002 0.5660185185185185 0.00671875 0.02352777777777778
0 0.7036302083333333 0.9651018518518518 0.04961458333333334 0.06955555555555556
0 0.5669947916666668 0.41624074074074074 0.009666666666666665 0.021435185185185186
0 0.4062604166666667 0.3600462962962963 0.020515625 0.01814814814814815
0 0.372703125 0.4426388888888889 0.010135416666666668 0.02174074074074074
0 0.40381770833333336 0.5237499999999999 0.023151041666666667 0.04191666666666667
0 0.4317083333333333 0.5418796296296297 0.017171875 0.019592592592592592
0 0.24866666666666667 0.2622685185185185 0.009864583333333335 0.01337037037037037
0 0.25995833333333335 0.24981481481481482 0.004666666666666667 0.008907407407407407
0 0.257890625 0.21707407407407406 0.003572916666666667 0.010953703703703703
1 0.201859375 0.4040925925925926 0.004494791666666667 0.020055555555555556
1 0.18971875 0.40175 0.004786458333333333 0.016731481481481483