1 0.371359375 0.6286851851851852 0.03075 0.026425925925925926
0 0.6664895833333334 0.9383611111111111 0.03076041666666667 0.038407407407407404
0 0.6566145833333333 0.9080185185185184 0.028546875000000003 0.029231481481481483
1 0.3739166666666666 0.651787037037037 0.025208333333333333 0.01748148148148148
0 0.7050104166666666 0.9299999999999999 0.025510416666666664 0.03585185185185185
0 0.60965625 0.7436944444444445 0.022609374999999998 0.020907407407407406
0 0.6845208333333334 0.962574074074074 0.028932291666666665 0.02299074074074074
0 0.6763229166666667 0.8740833333333333 0.03178645833333334 0.032231481481481486
0 0.6415208333333333 0.8435648148148148 0.031822916666666666 0.03059259259259259
0 0.5979166666666667 0.7266018518518519 0.020895833333333332 0.022712962962962963
0 0.571734375 0.7770648148148148 0.037656249999999995 0.06524074074074074
0 0.5843229166666667 0.7460925925925925 0.021427083333333333 0.022055555555555557
0 0.6294375 0.7872222222222223 0.030380208333333332 0.03147222222222222
0 0.5601979166666666 0.7152777777777778 0.02597395833333333 0.025546296296296296
0 0.6364427083333334 0.8530648148148148 0.03598958333333333 0.04719444444444444
0 0.6907083333333334 0.8999907407407407 0.022057291666666666 0.035222222222222224
0 0.683078125 0.5829444444444445 0.019609375 0.018314814814814815
0 0.5696875 0.7339629629629629 0.023567708333333333 0.021194444444444446
0 0.6381979166666666 0.8710462962962963 0.03185416666666666 0.04064814814814815
1 0.3462760416666667 0.6564814814814814 0.025348958333333334 0.017370370370370373
0 0.6034843750000001 0.7825462962962962 0.021984375 0.02266666666666667
0 0.6473854166666667 0.8897314814814814 0.023947916666666666 0.026861111111111113
0 0.5787760416666666 0.7081759259259259 0.017817708333333335 0.019898148148148147
0 0.516171875 0.6629074074074075 0.018140625 0.02124074074074074
0 0.5458177083333333 0.6981111111111111 0.022401041666666666 0.023212962962962963
1 0.37547916666666664 0.6393796296296296 0.03434895833333333 0.04362962962962963
0 0.6151979166666667 0.7563518518518518 0.019921875 0.019101851851851852
0 0.7295260416666667 0.6666481481481482 0.014036458333333333 0.022212962962962962
0 0.6966249999999999 0.6038240740740741 0.017338541666666665 0.016203703703703703
0 0.24167708333333332 0.2447777777777778 0.007567708333333333 0.013231481481481481
0 0.6195260416666667 0.8206944444444445 0.022020833333333333 0.02762962962962963
0 0.5752135416666667 0.7009166666666666 0.016645833333333335 0.015675925925925926
0 0.6595937500000001 0.9919537037037036 0.037182291666666666 0.016092592592592592
0 0.6291822916666666 0.9552407407407408 0.020734375000000003 0.05958333333333333
0 0.6433854166666666 0.9822222222222222 0.022166666666666668 0.024805555555555556
0 0.6523541666666667 0.8140277777777778 0.023713541666666667 0.02337962962962963
0 0.6645104166666667 0.8396296296296296 0.017098958333333334 0.024805555555555556
0 0.6001145833333333 0.8501666666666666 0.03905729166666667 0.10262037037037038
0 0.5348333333333334 0.6863981481481481 0.014536458333333334 0.022768518518518518
0 0.5510208333333334 0.6707777777777778 0.015703125 0.0285
0 0.5441197916666667 0.664 0.01884375 0.024462962962962964
0 0.53684375 0.6518148148148148 0.01736979166666667 0.02967592592592592
0 0.5271875 0.6417685185185186 0.014109375 0.02174074074074074
0 0.5116822916666667 0.6548518518518519 0.021739583333333333 0.01937962962962963
0 0.5080208333333334 0.6447129629629629 0.017390625 0.023935185185185188
0 0.49709375 0.6432314814814816 0.014854166666666667 0.02361111111111111
0 0.506421875 0.6255925925925926 0.014052083333333333 0.014759259259259258
0 0.49927604166666667 0.6175555555555556 0.011192708333333332 0.01611111111111111
0 0.3794375 0.5223888888888888 0.025932291666666666 0.048231481481481486
0 0.4008229166666667 0.4926481481481481 0.011239583333333332 0.019324074074074073
0 0.379296875 0.4845185185185185 0.011916666666666666 0.02210185185185185
0 0.378421875 0.4856018518518519 0.012307291666666666 0.022351851851851852
0 0.39771875 0.4817314814814815 0.0118125 0.01715740740740741
0 0.39357291666666666 0.4763703703703704 0.011911458333333335 0.015324074074074075
0 0.38792708333333337 0.46597222222222223 0.012932291666666667 0.018333333333333333
0 0.38027083333333334 0.4540462962962963 0.012083333333333333 0.014157407407407407
0 0.37575520833333337 0.4456296296296296 0.010192708333333333 0.01636111111111111
0 0.37271354166666665 0.4402962962962963 0.010171875 0.01647222222222222
0 0.36842708333333335 0.4319074074074074 0.012317708333333333 0.017472222222222222
0 0.36540625000000004 0.4238425925925926 0.012520833333333333 0.014351851851851852
0 0.36335416666666664 0.41818518518518516 0.010203125 0.01287962962962963
0 0.35930208333333336 0.4082777777777778 0.011739583333333333 0.02036111111111111
0 0.3561875 0.4005 0.010505208333333333 0.019074074074074077
0 0.3726041666666667 0.4795740740740741 0.010848958333333332 0.024277777777777777
0 0.3674322916666667 0.460037037037037 0.014067708333333335 0.02424074074074074
0 0.328515625 0.476462962962963 0.011572916666666665 0.02187037037037037
0 0.33064583333333336 0.4646018518518518 0.011364583333333334 0.020981481481481483
0 0.3289479166666667 0.4516296296296296 0.009932291666666667 0.015351851851851851
0 0.35130208333333335 0.47152777777777777 0.023578125000000002 0.05101851851851852
0 0.334796875 0.4287037037037037 0.0168125 0.02725925925925926
0 0.32408333333333333 0.4275648148148148 0.012703125000000001 0.021166666666666667
0 0.32390625 0.4150462962962963 0.011276041666666665 0.015499999999999998
0 0.350546875 0.43166666666666664 0.01221875 0.013157407407407408
0 0.34729687499999995 0.4211574074074074 0.008859375000000001 0.0135
0 0.3443072916666667 0.41303703703703704 0.009166666666666667 0.006722222222222222
0 0.3402395833333333 0.40761111111111115 0.008671874999999999 0.007749999999999999
0 0.6763072916666667 0.5664907407407407 0.011109375 0.012712962962962964
0 0.672828125 0.5569444444444445 0.015682291666666667 0.02011111111111111
0 0.6645833333333333 0.5422777777777777 0.014526041666666666 0.0235
0 0.6519375000000001 0.5266944444444445 0.014208333333333333 0.028944444444444446
0 0.6447291666666667 0.5147870370370371 0.012505208333333333 0.023046296296296297
0 0.6338541666666667 0.49216666666666664 0.017046875 0.026879629629629632
0 0.6386458333333334 0.5000740740740741 0.011296875000000001 0.019324074074074073
0 0.6261666666666666 0.4796018518518519 0.010432291666666668 0.023564814814814813
0 0.5964947916666666 0.4418888888888889 0.015947916666666666 0.017472222222222222
0 0.5737552083333333 0.4277592592592593 0.016046875 0.018814814814814815
0 0.55634375 0.4153425925925926 0.012765625000000001 0.012675925925925926
0 0.5396302083333333 0.40758333333333335 0.011776041666666666 0.013527777777777777
0 0.5247031249999999 0.4003425925925926 0.01390625 0.01462962962962963
0 0.434140625 0.3650277777777778 0.017708333333333333 0.016444444444444446
0 0.41558854166666664 0.3588148148148148 0.014348958333333333 0.01337037037037037
0 0.3976979166666667 0.3518425925925926 0.01625 0.015796296296296294
0 0.366859375 0.34337962962962965 0.016802083333333332 0.017564814814814814
0 0.3389583333333333 0.33479629629629626 0.013588541666666667 0.020648148148148148
0 0.2606875 0.303462962962963 0.013921875 0.01562962962962963
0 0.2576510416666667 0.29483333333333334 0.016609375 0.022518518518518518
0 0.2538958333333333 0.28462037037037036 0.012166666666666666 0.015342592592592593
0 0.2533385416666667 0.27616666666666667 0.017630208333333335 0.019472222222222224
0 0.2500572916666667 0.2683148148148148 0.018520833333333334 0.024009259259259258
0 0.27782291666666664 0.2883611111111111 0.003932291666666666 0.012694444444444446
0 0.2686614583333334 0.2772037037037037 0.003140625 0.011407407407407408
0 0.2648802083333333 0.2634814814814815 0.0043437499999999995 0.014351851851851852
0 0.26776041666666667 0.2691388888888889 0.00353125 0.009305555555555556
0 0.2562291666666667 0.24365740740740738 0.0033229166666666667 0.008194444444444443
0 0.253671875 0.23347222222222222 0.00603125 0.011212962962962963
0 0.250171875 0.21561111111111111 0.005598958333333333 0.010537037037037037
0 0.2505364583333333 0.20447222222222222 0.008078125 0.01163888888888889