1 0.4051354166666667 0.7037129629629629 0.02071875 0.021472222222222222
1 0.22671875 0.5793518518518519 0.016854166666666667 0.02540740740740741
1 0.24229166666666666 0.9857222222222222 0.027666666666666666 0.028546296296296295
1 0.39948958333333334 0.6666944444444444 0.03044791666666667 0.03515740740740741
1 0.4300104166666667 0.6598425925925926 0.030973958333333333 0.05887037037037037
1 0.22671875 0.6402314814814816 0.013015625 0.02634259259259259
1 0.2374375 0.8157037037037037 0.019682291666666667 0.029249999999999998
1 0.20708333333333334 0.3869444444444444 0.004515625 0.0205462962962963
1 0.19113541666666667 0.5651018518518518 0.005270833333333333 0.019703703703703706
1 0.19265104166666666 0.9600555555555554 0.006354166666666666 0.019833333333333335
1 0.19313020833333333 0.5868425925925925 0.008161458333333333 0.01450925925925926
1 0.24133333333333334 0.8349351851851852 0.028130208333333333 0.023712962962962963
0 0.2544895833333333 0.28449074074074077 0.008963541666666667 0.01576851851851852
1 0.44141145833333334 0.9681574074074073 0.027328124999999998 0.024981481481481483
1 0.21573958333333335 0.6768240740740741 0.008052083333333333 0.02874074074074074
1 0.19111979166666665 0.7292407407407407 0.006520833333333333 0.030546296296296297
1 0.20863020833333332 0.7268796296296296 0.003734375 0.023962962962962964
1 0.21378645833333335 0.3364259259259259 0.013432291666666667 0.01814814814814815
1 0.39197395833333337 0.7787499999999999 0.008531249999999999 0.026685185185185187
1 0.18039583333333334 0.5442037037037037 0.004125 0.017833333333333336
1 0.23970833333333333 0.8087314814814814 0.027526041666666667 0.024555555555555556
1 0.3577083333333333 0.6601481481481482 0.018984375 0.01574074074074074
1 0.3375416666666667 0.607111111111111 0.017052083333333336 0.023648148148148147
1 0.22778125 0.5947314814814815 0.018177083333333333 0.021203703703703704
1 0.19094791666666666 0.33811111111111114 0.005494791666666667 0.012759259259259258
1 0.489296875 0.9498703703703703 0.04796354166666667 0.10026851851851852
1 0.19665104166666666 0.6787962962962963 0.005291666666666667 0.029203703703703704
1 0.20073958333333333 0.5261574074074075 0.004953125 0.020416666666666666
1 0.18322395833333335 0.4866296296296296 0.004572916666666666 0.021657407407407406
1 0.2021875 0.4910833333333333 0.0050625 0.020925925925925928
1 0.17807291666666666 0.3307592592592593 0.003911458333333334 0.014981481481481481
1 0.18290625 0.31954629629629633 0.004541666666666667 0.015037037037037036
1 0.19082291666666668 0.3097962962962963 0.0031041666666666665 0.014796296296296297
1 0.20191666666666666 0.3165462962962963 0.0028229166666666667 0.014388888888888889
1 0.18602083333333336 0.362787037037037 0.00428125 0.014814814814814815
1 0.182203125 0.44189814814814815 0.004942708333333334 0.01888888888888889
1 0.4625677083333333 0.7353240740740741 0.006911458333333333 0.025574074074074075