1 0.4463229166666667 0.8834351851851852 0.02705208333333333 0.042888888888888886
1 0.41433854166666667 0.708037037037037 0.02484375 0.04637037037037037
1 0.20282291666666669 0.9271296296296296 0.028296875 0.027694444444444445
1 0.24785416666666665 0.9515648148148149 0.02375 0.049638888888888885
1 0.40255729166666665 0.781712962962963 0.02053125 0.04616666666666667
1 0.22824479166666667 0.5282222222222223 0.021916666666666664 0.025962962962962962
1 0.20559895833333333 0.63925 0.006984375 0.027546296296296298
1 0.21942708333333333 0.443962962962963 0.014703125000000001 0.02487962962962963
1 0.19452604166666668 0.4184722222222222 0.003078125 0.01862962962962963
1 0.20519791666666667 0.4170833333333333 0.003625 0.019101851851851852
1 0.210125 0.40119444444444446 0.004791666666666666 0.025564814814814815
1 0.186296875 0.4117314814814815 0.004260416666666667 0.019796296296296294
1 0.18303645833333335 0.4474351851851852 0.0040885416666666665 0.01961111111111111
1 0.19978125 0.4448425925925926 0.004916666666666666 0.022574074074074073
1 0.18818229166666667 0.6438240740740742 0.005442708333333333 0.025657407407407407
1 0.377890625 0.633287037037037 0.026484375 0.04548148148148148
1 0.382484375 0.5928055555555556 0.013364583333333334 0.020388888888888887
0 0.6674635416666667 0.9389444444444444 0.027416666666666666 0.05424074074074074
0 0.6929739583333333 0.9789722222222222 0.024567708333333334 0.03852777777777778
0 0.6358437499999999 0.8767592592592592 0.022541666666666668 0.046592592592592595
0 0.6820260416666667 0.8825092592592593 0.025119791666666665 0.041129629629629634
0 0.66934375 0.8371388888888889 0.023885416666666666 0.03818518518518519
0 0.6213385416666667 0.8487314814814815 0.017098958333333334 0.022453703703703705
0 0.6496614583333333 0.81075 0.020442708333333334 0.04326851851851852
0 0.631296875 0.7892962962962964 0.020177083333333335 0.027287037037037037
0 0.6097708333333334 0.8050092592592593 0.023708333333333335 0.04075925925925926
0 0.5959375 0.790962962962963 0.019052083333333334 0.03562037037037037
0 0.6236875000000001 0.7680833333333333 0.020677083333333336 0.02775925925925926
0 0.5812083333333333 0.7660462962962963 0.017651041666666666 0.028675925925925924
0 0.6117291666666667 0.7473796296296296 0.024260416666666666 0.03324074074074074
0 0.5724635416666667 0.7483796296296297 0.018109375 0.02625925925925926
0 0.5982864583333334 0.7307685185185185 0.015895833333333335 0.026953703703703702
0 0.5890208333333333 0.7165185185185186 0.0153125 0.02139814814814815
0 0.57321875 0.7323611111111111 0.013453125 0.022157407407407407
0 0.55621875 0.7146574074074075 0.020973958333333334 0.024666666666666667
0 0.5799427083333334 0.7035185185185184 0.017916666666666668 0.024333333333333335
0 0.5726875 0.6951388888888889 0.014630208333333334 0.017555555555555557
0 0.54834375 0.6996574074074075 0.017578125 0.030574074074074076
0 0.5386354166666667 0.6830277777777778 0.020041666666666666 0.031240740740740743
0 0.5638229166666666 0.6832777777777779 0.015427083333333334 0.02077777777777778
0 0.5574739583333332 0.6740462962962963 0.013390625 0.01825925925925926
0 0.5284635416666666 0.6742685185185185 0.01934375 0.020694444444444446
0 0.5477708333333333 0.661861111111111 0.013869791666666666 0.018824074074074073
0 0.5212864583333333 0.6634351851851852 0.016765625 0.02198148148148148
0 0.5120260416666667 0.6538240740740741 0.015083333333333334 0.020722222222222222
0 0.5372135416666667 0.6561481481481481 0.016635416666666666 0.02537037037037037
0 0.49370312499999996 0.6347037037037038 0.013229166666666665 0.02537962962962963
0 0.5001197916666666 0.6418981481481482 0.012036458333333333 0.018814814814814815
0 0.5162291666666666 0.637824074074074 0.014510416666666666 0.02462037037037037
0 0.52315625 0.6427499999999999 0.012651041666666666 0.018518518518518517
0 0.4370364583333333 0.5838888888888889 0.01718229166666667 0.026490740740740742
0 0.4450052083333333 0.5908333333333333 0.015140625 0.020425925925925924
0 0.39832291666666664 0.49119444444444443 0.013828125 0.016694444444444446
0 0.37394791666666666 0.48356481481481484 0.016130208333333333 0.025537037037037035
0 0.39430208333333333 0.4795740740740741 0.010864583333333334 0.014685185185185185
0 0.3890625 0.4718981481481481 0.011916666666666666 0.0165
0 0.36641666666666667 0.4670648148148148 0.014916666666666667 0.023444444444444445
0 0.3845572916666667 0.4607037037037037 0.012880208333333334 0.015703703703703706
0 0.3858020833333333 0.4653703703703704 0.009140625000000001 0.013416666666666667
0 0.35951041666666667 0.45375925925925925 0.011703125 0.017324074074074075
0 0.37879166666666664 0.4546574074074074 0.009453125 0.014694444444444444
0 0.37715624999999997 0.4464074074074074 0.011786458333333333 0.01425
0 0.3569583333333333 0.44655555555555554 0.012526041666666666 0.017333333333333333
0 0.352015625 0.4397037037037037 0.013229166666666665 0.018027777777777778
0 0.34641666666666665 0.42513888888888884 0.009510416666666667 0.01437962962962963
0 0.363671875 0.42125 0.009125 0.013796296296296296
0 0.34071874999999996 0.40909259259259256 0.010578124999999999 0.014416666666666666
0 0.33580208333333333 0.39472222222222225 0.011026041666666668 0.01613888888888889
0 0.35533333333333333 0.40759259259259256 0.009583333333333333 0.015842592592592592
0 0.24518229166666666 0.2308425925925926 0.010359375 0.015203703703703705
0 0.29094270833333336 0.31757407407407406 0.016348958333333333 0.01749074074074074
0 0.3118697916666667 0.32628703703703704 0.013635416666666667 0.01387962962962963
0 0.33898958333333334 0.3357407407407408 0.018958333333333334 0.016157407407407405
0 0.35697395833333334 0.3397314814814815 0.014421875 0.018055555555555554
0 0.37951562499999997 0.3481944444444445 0.014640624999999999 0.01613888888888889
0 0.4039114583333333 0.35587037037037034 0.016067708333333333 0.014870370370370369
0 0.4468333333333333 0.3694351851851852 0.016526041666666668 0.017638888888888888
0 0.48117708333333337 0.38087037037037036 0.016666666666666666 0.019462962962962963
0 0.46471875 0.3761851851851852 0.010859375000000001 0.016175925925925923
0 0.5039427083333333 0.39175 0.018578125 0.018509259259259257
0 0.53284375 0.4054166666666667 0.019354166666666665 0.025898148148148146
0 0.5484843749999999 0.41400925925925924 0.012921875 0.015379629629629629
0 0.562640625 0.4200833333333333 0.015463541666666667 0.013675925925925925
0 0.5806354166666666 0.42873148148148144 0.019984375 0.016027777777777776
0 0.63309375 0.48024999999999995 0.017322916666666667 0.02266666666666667
0 0.6420520833333333 0.5029629629629631 0.017171875 0.02047222222222222
0 0.6615677083333333 0.5392777777777777 0.018270833333333333 0.02052777777777778
0 0.6580260416666667 0.4836203703703703 0.0051041666666666674 0.01336111111111111
0 0.6616822916666667 0.49883333333333335 0.006515625 0.015527777777777777
0 0.6886302083333333 0.5300277777777778 0.0078125 0.01863888888888889
0 0.7073125 0.5442407407407407 0.007786458333333333 0.01991666666666667
0 0.6816614583333334 0.570962962962963 0.01983333333333333 0.020203703703703703
0 0.6705520833333334 0.5577592592592593 0.016197916666666666 0.018712962962962962
0 0.691125 0.5922777777777778 0.017734375 0.013518518518518518
0 0.7029218749999999 0.6113055555555555 0.017510416666666664 0.01723148148148148
0 0.7089166666666666 0.6299722222222223 0.018614583333333334 0.016898148148148148
0 0.8252083333333334 0.7626018518518519 0.010192708333333333 0.03621296296296296
0 0.882859375 0.8521481481481482 0.008338541666666668 0.038037037037037036
0 0.8715677083333334 0.8626851851851852 0.009432291666666667 0.028638888888888887
0 0.857 0.8842037037037037 0.015958333333333335 0.03345370370370371
0 0.8668333333333333 0.9224629629629629 0.027770833333333335 0.0374074074074074
0 0.8778958333333333 0.9493148148148148 0.026520833333333334 0.0335