1 0.5060729166666667 0.8431018518518518 0.043000000000000003 0.09958333333333333
1 0.206296875 0.2954907407407407 0.006557291666666667 0.014092592592592592
1 0.38881770833333335 0.7031759259259259 0.019666666666666666 0.028277777777777777
1 0.39863020833333335 0.7616203703703703 0.01913541666666667 0.03696296296296296
1 0.5038125 0.8226481481481481 0.037932291666666666 0.05622222222222222
1 0.22569791666666666 0.5611388888888889 0.018098958333333335 0.02851851851851852
1 0.42513541666666665 0.8596111111111111 0.020677083333333336 0.04058333333333333
0 0.6693072916666666 0.5460462962962963 0.02342708333333333 0.028148148148148148
0 0.6514114583333334 0.5150925925925925 0.026526041666666667 0.03224074074074074
0 0.6817864583333333 0.88825 0.029583333333333333 0.036287037037037034
1 0.19606770833333334 0.693925925925926 0.005338541666666667 0.030824074074074073
1 0.20792708333333335 0.6905925925925926 0.005760416666666667 0.02786111111111111
0 0.43991145833333334 0.37130555555555556 0.020484375 0.018166666666666668
1 0.21367708333333332 0.36392592592592593 0.013708333333333333 0.016509259259259258
1 0.39086458333333335 0.6748611111111111 0.020041666666666666 0.031055555555555555
0 0.6533385416666667 0.9152592592592593 0.03314583333333333 0.04859259259259259
1 0.18516666666666665 0.6515277777777777 0.006984375 0.026768518518518518
1 0.19703125000000002 0.43562962962962964 0.004239583333333334 0.022675925925925926
1 0.18919270833333332 0.3999537037037037 0.004119791666666667 0.022027777777777778
1 0.199703125 0.40614814814814815 0.004890625 0.018990740740740742
1 0.19502083333333334 0.37246296296296294 0.005286458333333333 0.01399074074074074
1 0.18327604166666667 0.34697222222222224 0.004635416666666667 0.02201851851851852
1 0.19188020833333336 0.3439351851851852 0.0037239583333333335 0.01950925925925926
0 0.5469114583333333 0.6987037037037037 0.015583333333333334 0.017898148148148146
0 0.5830260416666667 0.7042685185185186 0.01913541666666667 0.02725
0 0.562359375 0.7008703703703704 0.01640625 0.01867592592592593
0 0.5748854166666667 0.7388333333333333 0.017901041666666666 0.031314814814814816
0 0.6058749999999999 0.7324722222222223 0.01971875 0.022175925925925925
0 0.5933125 0.767425925925926 0.022166666666666668 0.025231481481481483
0 0.6230989583333333 0.7719907407407407 0.017078125 0.024574074074074075
0 0.63771875 0.7883796296296297 0.017348958333333334 0.02525925925925926
0 0.6090885416666667 0.807212962962963 0.02264583333333333 0.029064814814814814
0 0.6499427083333333 0.8128611111111111 0.01913541666666667 0.023796296296296295
0 0.6613072916666667 0.8399907407407408 0.026312500000000003 0.033129629629629634
0 0.6422447916666666 0.8620555555555556 0.018270833333333333 0.01933333333333333
0 0.6113645833333333 0.8828333333333334 0.04072395833333333 0.09921296296296298
0 0.6272135416666667 0.8388981481481481 0.01678125 0.016685185185185185
0 0.6821979166666666 0.9726203703703704 0.022484375 0.03847222222222222
0 0.6683645833333334 0.9332870370370371 0.02422916666666667 0.029907407407407403
0 0.6950729166666666 0.9124537037037037 0.022677083333333334 0.036361111111111115
0 0.39727083333333335 0.49090740740740735 0.009442708333333332 0.01512962962962963
0 0.36746874999999996 0.46362962962962967 0.016171875 0.026203703703703705
0 0.3914375 0.4730462962962963 0.014958333333333332 0.018944444444444444
0 0.3854479166666666 0.46174074074074073 0.013505208333333333 0.023574074074074074
0 0.3799375 0.4452685185185185 0.01653125 0.025805555555555557
0 0.334703125 0.4509814814814815 0.014796875 0.025305555555555553
0 0.35415625 0.3369814814814815 0.017260416666666667 0.016694444444444446
0 0.3807552083333333 0.34535185185185185 0.02425 0.019314814814814816
0 0.40915625 0.35726851851851854 0.01642708333333333 0.014898148148148148
0 0.2501614583333333 0.28269444444444447 0.015078125 0.021092592592592593
0 0.24772916666666667 0.2696851851851852 0.016708333333333332 0.019453703703703706
0 0.24662499999999998 0.2595277777777778 0.018114583333333333 0.020972222222222222
0 0.26122395833333334 0.3038240740740741 0.019864583333333335 0.01712962962962963
0 0.27358333333333335 0.3102685185185185 0.011015625 0.009481481481481481
0 0.285953125 0.3205925925925926 0.011546875000000002 0.01087037037037037
0 0.3041510416666667 0.3236851851851852 0.014145833333333333 0.00936111111111111
0 0.46743229166666667 0.3778518518518518 0.023572916666666666 0.021416666666666667
0 0.48985416666666665 0.38687962962962963 0.014989583333333334 0.02277777777777778
0 0.51125 0.39569444444444446 0.019510416666666665 0.017305555555555557
0 0.532890625 0.40205555555555555 0.02313541666666667 0.017185185185185185
0 0.5595312499999999 0.41885185185185186 0.014624999999999999 0.008416666666666666
0 0.5896458333333333 0.43192592592592594 0.015057291666666667 0.023018518518518518
0 0.6053958333333332 0.4467037037037037 0.013880208333333333 0.017907407407407407
0 0.6215208333333333 0.47909259259259257 0.017010416666666663 0.01336111111111111
0 0.6175625 0.46362037037037035 0.009770833333333334 0.014518518518518517
0 0.6321041666666667 0.4956203703703704 0.0095625 0.014333333333333333
0 0.63453125 0.4622777777777778 0.006119791666666667 0.02082407407407407
0 0.653296875 0.4740185185185185 0.006098958333333334 0.017333333333333333
0 0.6745520833333334 0.5197685185185186 0.0045625 0.016407407407407405
0 0.6763072916666667 0.5003518518518518 0.0066302083333333334 0.019935185185185188
0 0.68765625 0.5215462962962962 0.008390625 0.01996296296296296
0 0.6989895833333333 0.5327037037037038 0.0036145833333333334 0.02816666666666667
0 0.68725 0.5818148148148148 0.014093749999999999 0.026250000000000002
0 0.7025260416666667 0.6094722222222222 0.014588541666666668 0.02123148148148148
0 0.7300572916666667 0.6560925925925927 0.020182291666666668 0.02460185185185185
0 0.8199427083333333 0.7483611111111111 0.010114583333333335 0.026851851851851852
0 0.8317552083333334 0.793138888888889 0.007750000000000001 0.03040740740740741
0 0.8423333333333333 0.8163148148148148 0.005067708333333334 0.026694444444444444
0 0.8562135416666667 0.7990462962962963 0.009000000000000001 0.03451851851851852
0 0.7874635416666667 0.6993981481481482 0.00653125 0.029055555555555553
0 0.8600885416666666 0.8376018518518519 0.005921874999999999 0.028175925925925927
0 0.8748177083333334 0.8465277777777778 0.013723958333333335 0.02935185185185185
0 0.8621770833333334 0.9058333333333333 0.019484374999999998 0.037564814814814815