1 0.391640625 0.7479074074074075 0.024536458333333334 0.03263888888888889
1 0.35640625 0.6106388888888888 0.03748958333333333 0.07097222222222223
1 0.23560416666666667 0.7058703703703704 0.01875 0.03975
1 0.18963020833333333 0.5954074074074074 0.008781249999999999 0.02474074074074074
0 0.26551041666666664 0.30280555555555555 0.01883333333333333 0.016694444444444446
1 0.19509895833333332 0.7250925925925926 0.010911458333333334 0.034527777777777775
1 0.19355729166666666 0.4250648148148148 0.0052656249999999995 0.019064814814814816
1 0.22191145833333334 0.4587777777777778 0.018406250000000002 0.024611111111111108
1 0.19949479166666664 0.2844259259259259 0.010515625 0.01838888888888889
1 0.181578125 0.2844259259259259 0.011333333333333334 0.01439814814814815
1 0.37119270833333334 0.6868240740740741 0.014854166666666667 0.025675925925925925
1 0.40536979166666665 0.6691203703703703 0.03442708333333333 0.0711574074074074
0 0.49976041666666665 0.38204629629629633 0.007671875 0.020333333333333335
0 0.4510520833333333 0.5691944444444444 0.015796875 0.026166666666666668
0 0.6112760416666667 0.4584351851851852 0.021526041666666666 0.027314814814814816