1 0.46865625000000005 0.7621944444444444 0.023708333333333335 0.03375
1 0.2040625 0.31999074074074074 0.013140625 0.01487962962962963
1 0.22952604166666665 0.5964722222222223 0.023177083333333334 0.025
1 0.38020312500000003 0.7223240740740741 0.0200625 0.02288888888888889
0 0.5074270833333333 0.6241666666666666 0.040463541666666665 0.08120370370370371
1 0.4260364583333333 0.7155740740740741 0.044041666666666666 0.055685185185185185
1 0.23771354166666667 0.7202777777777778 0.026119791666666666 0.022083333333333333
1 0.43271875000000004 0.7574907407407407 0.024760416666666667 0.01676851851851852
1 0.33903645833333335 0.6473148148148148 0.018770833333333334 0.01902777777777778
1 0.18057291666666667 0.4024537037037037 0.0063437499999999996 0.018351851851851852
1 0.37618229166666667 0.6533055555555556 0.024635416666666667 0.01952777777777778
1 0.21358854166666666 0.39681481481481484 0.014020833333333335 0.016842592592592593
1 0.19694791666666667 0.6455648148148149 0.012411458333333332 0.025435185185185186
1 0.23575 0.7047592592592592 0.025374999999999998 0.017648148148148145
0 0.382359375 0.3531666666666667 0.007583333333333333 0.014537037037037036
1 0.19452604166666668 0.5394444444444445 0.008036458333333333 0.02174074074074074
0 0.6876458333333333 0.9371018518518519 0.054364583333333334 0.12358333333333334
0 0.8746614583333333 0.9349259259259259 0.024625 0.05478703703703704
0 0.8873020833333333 0.8853240740740741 0.006234375 0.028833333333333332
0 0.8605416666666666 0.8415370370370371 0.007098958333333334 0.033546296296296296
0 0.8460104166666667 0.8124074074074074 0.005223958333333333 0.03680555555555556
0 0.8233333333333334 0.7691111111111111 0.007666666666666667 0.03518518518518519
0 0.7109687499999999 0.6318148148148148 0.021083333333333332 0.038935185185185184
0 0.7272239583333333 0.5819629629629629 0.005796875000000001 0.025666666666666664
0 0.7064270833333333 0.5712407407407408 0.007052083333333333 0.024731481481481483
0 0.6787916666666667 0.5097222222222222 0.005348958333333333 0.026212962962962962
0 0.6580416666666667 0.4833055555555556 0.004223958333333333 0.018796296296296297
0 0.5746927083333334 0.4266759259259259 0.01963541666666667 0.025666666666666664
0 0.253171875 0.28828703703703706 0.011098958333333332 0.028685185185185185
0 0.28106770833333333 0.30097222222222225 0.0050885416666666666 0.013037037037037038
0 0.24436979166666667 0.20910185185185187 0.007505208333333333 0.013870370370370371
0 0.3808802083333333 0.344712962962963 0.005302083333333333 0.015546296296296296
1 0.20151041666666666 0.8344259259259259 0.01078125 0.041296296296296296
1 0.2016875 0.7835185185185186 0.009484375 0.036166666666666666
1 0.19054166666666666 0.4366666666666667 0.005322916666666667 0.023666666666666666