1 0.20920312500000002 0.9254444444444445 0.008953125000000001 0.02263888888888889
1 0.18775520833333334 0.9229166666666667 0.008552083333333333 0.022935185185185183
1 0.24356770833333333 0.9260833333333333 0.026380208333333332 0.012212962962962962
1 0.18747916666666667 0.7757592592592593 0.006625000000000001 0.04097222222222222
1 0.22685416666666666 0.6995925925925925 0.019026041666666667 0.03830555555555555
1 0.20341666666666666 0.6227962962962963 0.006338541666666667 0.0295
1 0.192046875 0.49874999999999997 0.0056927083333333335 0.028703703703703703
1 0.18969270833333332 0.4268148148148148 0.005109375 0.027185185185185184
1 0.217828125 0.4190648148148148 0.016072916666666666 0.026324074074074073
1 0.20594791666666667 0.31077777777777776 0.011994791666666667 0.015555555555555557
1 0.18238541666666666 0.27941666666666665 0.004479166666666667 0.015462962962962963
1 0.4376666666666667 0.9637407407407407 0.027026041666666667 0.04275925925925926
0 0.6121770833333334 0.4562407407407407 0.018234375 0.03235185185185185
0 0.5261354166666666 0.39487962962962964 0.009041666666666667 0.019435185185185184
0 0.4687395833333333 0.37665740740740744 0.023286458333333333 0.022842592592592595
0 0.3467135416666667 0.3354537037037037 0.02219270833333333 0.023416666666666665
0 0.27066666666666667 0.30048148148148146 0.005536458333333333 0.012851851851851852
0 0.284125 0.3048796296296296 0.006369791666666667 0.02001851851851852
0 0.2670416666666667 0.283 0.0037760416666666667 0.018564814814814815
0 0.27476562499999996 0.2884259259259259 0.007770833333333334 0.013962962962962963
0 0.2633125 0.24516666666666664 0.0050104166666666665 0.014462962962962962