1 0.44935416666666667 0.7217870370370371 0.03724479166666667 0.0725
1 0.39686458333333335 0.6920092592592593 0.02771875 0.03450925925925926
1 0.4951458333333333 0.9334351851851852 0.024385416666666666 0.04113888888888889
1 0.3974010416666667 0.7333425925925926 0.02703125 0.04613888888888889
1 0.20598958333333334 0.3105 0.008182291666666668 0.01649074074074074
1 0.39933854166666666 0.6252685185185185 0.021083333333333332 0.02600925925925926
1 0.234953125 0.7806666666666666 0.025989583333333333 0.02436111111111111
1 0.3983697916666667 0.7515925925925926 0.029083333333333336 0.024287037037037038
1 0.21403125 0.39003703703703707 0.012963541666666667 0.02234259259259259
1 0.218171875 0.678287037037037 0.005135416666666667 0.023555555555555555
1 0.18933333333333333 0.31560185185185186 0.0069947916666666665 0.014546296296296297
1 0.205015625 0.986824074074074 0.009421875 0.02634259259259259
1 0.45148958333333333 0.7585092592592593 0.03272395833333333 0.026685185185185187
1 0.20713020833333334 0.3183888888888889 0.009026041666666667 0.019314814814814816
1 0.2074791666666667 0.6561018518518519 0.005286458333333333 0.024398148148148148
1 0.3593125 0.6291018518518519 0.026401041666666666 0.0317962962962963
1 0.3549166666666667 0.5915833333333333 0.03885416666666666 0.04027777777777778
1 0.18102604166666666 0.4501759259259259 0.006635416666666667 0.013833333333333333
1 0.18974479166666666 0.609537037037037 0.0044375 0.026962962962962963
1 0.20585416666666667 0.5887222222222223 0.0063593750000000004 0.023212962962962963
1 0.18481770833333336 0.8102037037037036 0.006395833333333333 0.03311111111111111
1 0.19494270833333335 0.816787037037037 0.0050885416666666666 0.02603703703703704
1 0.21028645833333334 0.8209351851851852 0.00815625 0.03144444444444445
1 0.197328125 0.8428240740740741 0.006598958333333333 0.024592592592592593
1 0.18697916666666667 0.9225740740740741 0.005557291666666667 0.017657407407407406
1 0.22154166666666666 0.4694537037037037 0.01334375 0.023064814814814816
1 0.185046875 0.39461111111111113 0.004958333333333333 0.02022222222222222
1 0.197078125 0.3917592592592593 0.004760416666666667 0.01778703703703704
0 0.6797864583333334 0.5097499999999999 0.006760416666666667 0.02477777777777778
0 0.4925364583333333 0.38560185185185186 0.007114583333333333 0.012768518518518518
0 0.5343489583333334 0.40100925925925923 0.008052083333333333 0.017546296296296296
0 0.43747395833333336 0.3652037037037037 0.0070625 0.016481481481481482
0 0.41565624999999995 0.3563981481481482 0.007838541666666667 0.011481481481481481
0 0.25023958333333335 0.2857314814814815 0.01590625 0.012268518518518519
0 0.24739583333333334 0.2711851851851852 0.011479166666666667 0.01574074074074074