1 0.192109375 0.07088888888888889 0.006072916666666667 0.010685185185185185
1 0.18953645833333335 0.31825 0.006348958333333333 0.015842592592592592
0 0.685421875 0.5716018518518519 0.019098958333333336 0.03961111111111111
0 0.664828125 0.5374907407407408 0.019463541666666664 0.02811111111111111
0 0.7111406250000001 0.5592777777777778 0.006114583333333334 0.0202962962962963
0 0.6738072916666666 0.5047592592592592 0.0067083333333333335 0.018305555555555554
0 0.8359635416666666 0.7859814814814815 0.011901041666666667 0.028407407407407406
0 0.27033854166666665 0.28985185185185186 0.010817708333333334 0.01773148148148148
0 0.250703125 0.27578703703703705 0.010989583333333334 0.01101851851851852
0 0.24850520833333334 0.24656481481481482 0.008088541666666666 0.01250925925925926
1 0.21303124999999998 0.3497314814814815 0.004447916666666666 0.016537037037037038
1 0.18864583333333332 0.3520277777777778 0.004588541666666667 0.01898148148148148
1 0.20475520833333333 0.2932777777777778 0.0103125 0.011805555555555555
1 0.1806875 0.280287037037037 0.009140625000000001 0.013583333333333333
1 0.196015625 0.818111111111111 0.007963541666666666 0.03213888888888889
1 0.201734375 0.9777222222222223 0.008833333333333334 0.039574074074074074
0 0.2598125 0.23513888888888887 0.007765625 0.017583333333333333
1 0.48765624999999996 0.9376296296296296 0.04865625 0.12474074074074074