1 0.23441666666666666 0.778462962962963 0.025187499999999998 0.04142592592592593
0 0.38228125 0.3509907407407407 0.02206770833333333 0.017944444444444443
1 0.20938541666666666 0.557787037037037 0.018703124999999998 0.03166666666666667
0 0.40452604166666667 0.3669351851851852 0.015500000000000002 0.01312962962962963
1 0.19525 0.7949351851851851 0.008145833333333333 0.03707407407407407
1 0.18609895833333334 0.7489166666666667 0.008557291666666666 0.03217592592592593
1 0.19043749999999998 0.5324907407407408 0.0047552083333333335 0.028722222222222222
1 0.18745833333333334 0.31073148148148144 0.003911458333333334 0.018305555555555554
1 0.18445833333333334 0.2922222222222222 0.011026041666666668 0.018898148148148147
1 0.19430208333333335 0.2699537037037037 0.010411458333333333 0.015722222222222224
1 0.37625 0.6924351851851852 0.019375 0.027398148148148147
1 0.34767187499999996 0.6497222222222223 0.005796875000000001 0.023203703703703702
0 0.7149427083333334 0.6261944444444444 0.021619791666666666 0.04453703703703704
0 0.7242552083333333 0.5807962962962963 0.011208333333333332 0.034379629629629635
0 0.6706145833333333 0.5443333333333333 0.022307291666666666 0.04449074074074074
0 0.68421875 0.5212962962962963 0.00825 0.025037037037037035
0 0.6399322916666667 0.49702777777777774 0.014916666666666667 0.02085185185185185
0 0.2495520833333333 0.27566666666666667 0.011083333333333334 0.01836111111111111
0 0.251046875 0.2529351851851852 0.012718750000000001 0.021277777777777777
0 0.26925000000000004 0.2722222222222222 0.005125 0.010675925925925926
0 0.26369270833333336 0.22516666666666668 0.005807291666666667 0.01412962962962963
0 0.255453125 0.2908981481481482 0.01203125 0.015759259259259258
0 0.2508489583333333 0.12087037037037036 0.006416666666666667 0.01274074074074074
0 0.25241145833333334 0.1335 0.0041041666666666666 0.009787037037037037
0 0.25285416666666666 0.07529629629629629 0.009072916666666668 0.011101851851851852