1 0.46378125000000003 0.883037037037037 0.0488125 0.09375925925925926
1 0.18532812499999998 0.32762037037037034 0.015703125 0.016037037037037037
1 0.35466145833333335 0.5839722222222222 0.030526041666666667 0.03637962962962963
1 0.2213125 0.4584722222222222 0.019786458333333333 0.021453703703703704
1 0.377875 0.60375 0.030453125 0.025712962962962962
1 0.37919791666666663 0.6251574074074073 0.027255208333333333 0.02362962962962963
1 0.355515625 0.66125 0.037296875 0.035583333333333335
1 0.3881770833333333 0.7007962962962964 0.036848958333333334 0.05006481481481481
1 0.3910104166666667 0.7417037037037036 0.033265625 0.03014814814814815
0 0.6155416666666667 0.7926666666666667 0.06195833333333333 0.13280555555555557
1 0.19108333333333333 0.5305092592592593 0.007541666666666667 0.01951851851851852
0 0.6889895833333333 0.5798796296296296 0.023270833333333334 0.029444444444444447
1 0.21353125 0.3718796296296296 0.015104166666666667 0.01625
1 0.200140625 0.498212962962963 0.00553125 0.02160185185185185
1 0.193265625 0.4749444444444445 0.0059635416666666665 0.025212962962962965
1 0.18048437499999997 0.43950925925925927 0.005255208333333333 0.020333333333333335
1 0.18916666666666665 0.41624074074074074 0.004708333333333333 0.020416666666666666
0 0.4910572916666667 0.6100092592592592 0.028453125000000003 0.07098148148148148
0 0.45434375 0.5830462962962963 0.01838020833333333 0.019703703703703706
0 0.6751302083333334 0.5003333333333333 0.005640625 0.024953703703703704
0 0.6537864583333334 0.48637037037037034 0.005015625 0.01990740740740741
0 0.27645312499999997 0.3005555555555556 0.0030833333333333333 0.016046296296296295
0 0.28722395833333336 0.3076388888888889 0.002848958333333333 0.008203703703703703
0 0.2661614583333333 0.2947222222222222 0.003286458333333333 0.014046296296296296
0 0.24559895833333334 0.25325925925925924 0.0076875 0.015592592592592592
0 0.26917187499999995 0.2808425925925926 0.003072916666666667 0.012694444444444446
0 0.2424375 0.22346296296296297 0.008036458333333333 0.012287037037037037
0 0.2559427083333333 0.21600925925925926 0.0036302083333333334 0.009648148148148149
0 0.261296875 0.22783333333333333 0.003973958333333334 0.01137037037037037
0 0.30945833333333334 0.3204814814814815 0.004760416666666667 0.014537037037037036
0 0.46343229166666666 0.37519444444444444 0.02021875 0.021027777777777777
0 0.323734375 0.4133981481481482 0.012526041666666666 0.027055555555555555
0 0.3732552083333333 0.45170370370370366 0.021984375 0.04206481481481481
1 0.42019270833333333 0.9150277777777778 0.020895833333333332 0.041129629629629634
1 0.19802083333333334 0.2643148148148148 0.006489583333333334 0.012592592592592593