1 0.20707812499999997 0.3342314814814815 0.008828125 0.016638888888888887
1 0.22500520833333332 0.5886388888888889 0.023463541666666664 0.03047222222222222
1 0.4478177083333333 0.7861018518518519 0.042937499999999997 0.08678703703703704
1 0.1948645833333333 0.6625092592592593 0.005744791666666666 0.027472222222222224
1 0.1840625 0.47780555555555554 0.004713541666666667 0.022407407407407407
1 0.17583854166666668 0.3112407407407407 0.0027447916666666666 0.015694444444444445
1 0.18609895833333334 0.3180185185185185 0.003401041666666667 0.013
1 0.184171875 0.29821296296296296 0.00340625 0.012657407407407407
1 0.19734895833333335 0.9767592592592593 0.009197916666666667 0.046481481481481485
1 0.21255729166666668 0.9913148148148148 0.007619791666666667 0.017361111111111112
0 0.673078125 0.5099537037037037 0.005276041666666667 0.021703703703703704
0 0.8476979166666666 0.8009907407407408 0.008453125 0.027101851851851853
0 0.5700260416666667 0.4180462962962963 0.004109375 0.016666666666666666