1 0.19296875 0.3710833333333333 0.0076614583333333335 0.017425925925925925
1 0.47289583333333335 0.884925925925926 0.04159375 0.12373148148148148
1 0.19613020833333333 0.65675 0.009760416666666666 0.03325925925925926
1 0.19463541666666667 0.8296666666666667 0.0085 0.029
1 0.3769739583333333 0.7099907407407408 0.015317708333333334 0.023074074074074077
1 0.18968749999999998 0.4862314814814815 0.0067552083333333336 0.03077777777777778
1 0.1865416666666667 0.5427314814814814 0.009401041666666667 0.028564814814814817
1 0.20119270833333333 0.5234074074074074 0.005817708333333334 0.02623148148148148
1 0.19974999999999998 0.6003981481481481 0.005046875 0.029944444444444447
1 0.21542708333333332 0.8403240740740741 0.007270833333333334 0.042712962962962966
1 0.206125 0.33089814814814816 0.014979166666666667 0.023157407407407408
1 0.18177083333333333 0.30872222222222223 0.005005208333333333 0.020120370370370372
1 0.188609375 0.3121759259259259 0.003848958333333333 0.01825925925925926
1 0.1990104166666667 0.30444444444444446 0.004973958333333334 0.019083333333333334
0 0.8036927083333333 0.7408981481481481 0.007015625 0.03796296296296296
0 0.8799114583333334 0.852824074074074 0.008020833333333333 0.035166666666666666
0 0.6634583333333333 0.48995370370370367 0.010421875 0.026944444444444444
0 0.24707812499999998 0.23083333333333333 0.013000000000000001 0.01712962962962963