1 0.44270312500000003 0.9745185185185186 0.03084375 0.04515740740740741
1 0.37941145833333334 0.7285833333333334 0.015098958333333332 0.024731481481481483
1 0.24669270833333332 0.9349259259259259 0.025760416666666668 0.028731481481481483
0 0.6584739583333333 0.9653796296296295 0.032317708333333334 0.04475925925925926
0 0.6782760416666667 0.9285925925925926 0.03458854166666667 0.045509259259259256
1 0.192453125 0.8134722222222222 0.0057239583333333335 0.027777777777777776
1 0.214296875 0.3649074074074074 0.0149375 0.019648148148148147
1 0.35480208333333335 0.6506481481481482 0.02090625 0.030694444444444444
0 0.5656822916666666 0.7529074074074074 0.03133854166666667 0.04379629629629629
0 0.6246458333333333 0.783537037037037 0.04471354166666666 0.041638888888888885
0 0.6995833333333333 0.6014814814814815 0.02415625 0.019037037037037036
1 0.22028125 0.6263425925925926 0.005125 0.023953703703703706
1 0.18989062499999998 0.3638055555555556 0.007385416666666667 0.017888888888888888
1 0.192796875 0.7362407407407408 0.0059635416666666665 0.027574074074074074
1 0.21818229166666667 0.9909629629629629 0.007921875 0.018064814814814815
0 0.6460208333333333 0.9398055555555556 0.02903125 0.028425925925925924
1 0.219671875 0.9313240740740741 0.005765625 0.023731481481481482
1 0.19078645833333333 0.38246296296296295 0.007614583333333333 0.015435185185185187
0 0.3884739583333333 0.3510648148148148 0.014135416666666668 0.017268518518518516
0 0.5182552083333333 0.3998425925925926 0.02184375 0.01809259259259259
1 0.18953645833333335 0.427462962962963 0.006104166666666667 0.022768518518518518
0 0.6751145833333333 0.8663518518518518 0.01875 0.045907407407407404
0 0.6709791666666667 0.508712962962963 0.004218749999999999 0.02201851851851852
0 0.6815208333333334 0.5679537037037037 0.018005208333333335 0.029296296296296296
0 0.6866458333333333 0.5349444444444444 0.006354166666666666 0.02074074074074074
0 0.7521302083333333 0.633611111111111 0.005953125 0.019740740740740743
1 0.20041666666666666 0.5536388888888888 0.005661458333333333 0.021046296296296296
1 0.20302083333333334 0.4990092592592592 0.005640625 0.022861111111111113
1 0.19778125 0.40544444444444444 0.004786458333333333 0.022000000000000002
1 0.3604895833333333 0.5971111111111111 0.02373958333333333 0.04458333333333333
1 0.38719791666666664 0.6596111111111111 0.015130208333333334 0.02187037037037037
1 0.39285416666666667 0.6195277777777778 0.015010416666666667 0.01662962962962963
1 0.3868489583333333 0.6070185185185185 0.013234375 0.021583333333333333
0 0.523859375 0.6936111111111112 0.031359375 0.06417592592592593
0 0.54940625 0.7279537037037037 0.03368229166666667 0.0654351851851852
0 0.5020677083333334 0.6595462962962962 0.035333333333333335 0.0742037037037037
0 0.6035416666666666 0.8275648148148148 0.043875 0.06687962962962964
0 0.6175208333333334 0.9164074074074074 0.060515624999999997 0.09863888888888889
0 0.8534895833333334 0.8906111111111111 0.02414583333333333 0.04351851851851852
0 0.24706250000000002 0.2516111111111111 0.012098958333333333 0.013111111111111112
0 0.26474479166666665 0.2658148148148148 0.0040572916666666665 0.014194444444444445
0 0.2475989583333333 0.26593518518518516 0.01203125 0.011027777777777779