1 0.21846875 0.42957407407407405 0.016505208333333334 0.01662962962962963
1 0.21577604166666667 0.3874722222222223 0.017255208333333334 0.022194444444444444
1 0.3592916666666667 0.5996851851851852 0.018885416666666665 0.02052777777777778
0 0.870234375 0.8525555555555555 0.015541666666666667 0.031055555555555555
1 0.193109375 0.7495 0.008859375000000001 0.02074074074074074
1 0.18069791666666665 0.2791574074074074 0.012317708333333333 0.013175925925925926
1 0.20453125 0.3030833333333333 0.015416666666666667 0.014296296296296297
0 0.6528072916666667 0.4779074074074074 0.006052083333333333 0.02074074074074074
0 0.6689791666666667 0.5473240740740741 0.017885416666666668 0.03975
0 0.683078125 0.522175925925926 0.007255208333333333 0.027240740740740742
0 0.6981093749999999 0.5998425925925926 0.024864583333333336 0.036703703703703704
0 0.6999531250000001 0.5507962962962963 0.007307291666666666 0.025861111111111112
0 0.7138645833333332 0.5616944444444444 0.005822916666666666 0.022925925925925926
0 0.7639479166666666 0.6751018518518519 0.0085625 0.029648148148148153
0 0.8383697916666667 0.7997962962962962 0.011630208333333333 0.03549074074074074
0 0.2536041666666667 0.2849537037037037 0.012729166666666668 0.02162962962962963
0 0.2628489583333333 0.2520925925925926 0.005578125000000001 0.01711111111111111
0 0.8944375 0.8721203703703704 0.00875 0.02907407407407407
0 0.4321979166666667 0.5809351851851852 0.01834375 0.027537037037037037
1 0.18873958333333332 0.49623148148148144 0.005338541666666667 0.02484259259259259
1 0.19806249999999997 0.48356481481481484 0.00678125 0.02425
1 0.194 0.2795092592592593 0.0031875000000000002 0.012037037037037037