1 0.3639010416666667 0.6005925925925926 0.03638020833333333 0.055629629629629626
1 0.18775520833333334 0.34352777777777777 0.003973958333333334 0.015166666666666665
1 0.19216145833333334 0.3428888888888889 0.006239583333333334 0.01590740740740741
0 0.5868541666666667 0.775425925925926 0.02119270833333333 0.039009259259259264
0 0.5699479166666667 0.736638888888889 0.030796875 0.04167592592592592
1 0.5387500000000001 0.9514166666666667 0.04541666666666667 0.06462962962962962
0 0.6010052083333334 0.7317314814814815 0.018692708333333332 0.02150925925925926
0 0.655390625 0.4789351851851852 0.005526041666666666 0.018685185185185187
0 0.536328125 0.4118981481481482 0.02 0.013222222222222222
1 0.229625 0.7213425925925926 0.006421875 0.029324074074074075
1 0.19335416666666666 0.3762037037037037 0.0029166666666666664 0.017833333333333336
1 0.20695312500000002 0.7174444444444444 0.008677083333333334 0.027203703703703702
0 0.6905885416666667 0.5857037037037036 0.018005208333333335 0.02437962962962963
0 0.35323437500000004 0.34525 0.012687499999999999 0.014037037037037037
1 0.19349479166666667 0.5479814814814815 0.004927083333333334 0.02723148148148148
1 0.21870833333333334 0.6256481481481482 0.005864583333333334 0.026796296296296297
1 0.20507291666666666 0.6001851851851853 0.007531250000000001 0.029314814814814814
0 0.6193958333333334 0.8264166666666667 0.02734375 0.03446296296296296
0 0.4639739583333334 0.38293518518518516 0.026494791666666666 0.018509259259259257
0 0.420109375 0.3678888888888889 0.024109375 0.013620370370370371
0 0.27070833333333333 0.28350925925925924 0.003958333333333333 0.014185185185185186
1 0.21954687499999997 0.4570185185185185 0.006067708333333334 0.012203703703703703
1 0.21548958333333335 0.5614814814814815 0.0089375 0.029138888888888888
1 0.201015625 0.8132962962962963 0.007916666666666666 0.03514814814814815
1 0.21513020833333335 0.9539722222222222 0.009036458333333334 0.03649074074074074
1 0.19611979166666668 0.9826388888888888 0.009937499999999998 0.03261111111111111
1 0.18497395833333333 0.6246574074074074 0.005729166666666666 0.028351851851851854
1 0.196484375 0.620712962962963 0.006328125 0.024527777777777777
1 0.20005208333333335 0.43961111111111106 0.004776041666666666 0.016981481481481483
1 0.199125 0.41306481481481483 0.007036458333333333 0.019212962962962963
1 0.4776458333333334 0.9064722222222222 0.046171875 0.1473888888888889
0 0.63465625 0.9246111111111112 0.05759375 0.15078703703703702
0 0.6816666666666666 0.9438333333333334 0.03321875 0.05450925925925926
0 0.6970885416666667 0.8996944444444444 0.028671875 0.05412962962962963
0 0.6769583333333333 0.8667870370370371 0.02616145833333333 0.05291666666666667
0 0.6592760416666666 0.836 0.022536458333333335 0.03459259259259259
0 0.6460312500000001 0.8094907407407408 0.023916666666666666 0.03864814814814815
0 0.6374531250000001 0.7811944444444445 0.025109375 0.03537037037037037
0 0.6266666666666667 0.7702592592592593 0.023994791666666668 0.02603703703703704
0 0.6130572916666667 0.7488888888888888 0.023234374999999998 0.030953703703703702
0 0.57921875 0.6995925925925925 0.019401041666666667 0.027685185185185184
0 0.5900520833333334 0.7133981481481482 0.022015625 0.023314814814814816
0 0.5681770833333334 0.6924814814814815 0.019895833333333335 0.021620370370370373
0 0.49139583333333337 0.6422777777777777 0.018723958333333336 0.05289814814814815
0 0.5594270833333332 0.6840185185185186 0.020380208333333334 0.02475925925925926
0 0.5335260416666666 0.6903425925925927 0.027489583333333335 0.02726851851851852
0 0.6914895833333333 0.5463888888888889 0.006197916666666667 0.02388888888888889
0 0.5780885416666667 0.43125 0.010166666666666666 0.013601851851851851
0 0.5926718750000001 0.4434259259259259 0.016411458333333333 0.011527777777777777
0 0.246875 0.26128703703703704 0.012531249999999999 0.014546296296296297
1 0.1884583333333333 0.2810185185185185 0.003927083333333334 0.011074074074074075
0 0.3901510416666667 0.4803518518518518 0.013661458333333333 0.016574074074074074
0 0.3671302083333333 0.42486111111111113 0.014453125 0.023814814814814813
0 0.362875 0.4648611111111111 0.014375 0.02138888888888889