0 0.6350781249999999 0.8360555555555556 0.053947916666666665 0.10816666666666666
1 0.4078541666666667 0.8207962962962964 0.030312500000000003 0.0520462962962963
1 0.4341458333333333 0.7412314814814814 0.039093750000000003 0.09032407407407407
1 0.463109375 0.8102592592592593 0.044703124999999996 0.09352777777777778
1 0.23007291666666668 0.6769166666666667 0.024395833333333335 0.033824074074074076
1 0.22821354166666669 0.7542037037037037 0.027880208333333333 0.03622222222222222
1 0.531734375 0.9768425925925927 0.051479166666666666 0.046314814814814816
1 0.3656979166666667 0.6468981481481482 0.018364583333333333 0.017638888888888888
1 0.22002604166666667 0.45483333333333337 0.011557291666666667 0.01363888888888889
1 0.43765104166666663 0.9675092592592593 0.010703125 0.03572222222222222
1 0.20736979166666666 0.3891851851851852 0.005885416666666667 0.018435185185185186
0 0.8898177083333334 0.8838518518518518 0.00659375 0.033805555555555554
0 0.8559791666666666 0.8323333333333333 0.007380208333333333 0.039629629629629626
0 0.7933697916666667 0.7149629629629629 0.008531249999999999 0.03549074074074074
0 0.7761093750000001 0.6696574074074074 0.006307291666666667 0.029
0 0.7196822916666666 0.5962962962962963 0.006458333333333333 0.02875
0 0.6774583333333334 0.5035370370370371 0.004395833333333333 0.026324074074074073
0 0.6468697916666667 0.5038611111111111 0.018375 0.029935185185185183
0 0.6541666666666667 0.4743148148148148 0.0072656249999999995 0.022250000000000002
0 0.6689739583333334 0.4886018518518519 0.004619791666666666 0.01875925925925926
0 0.6706770833333333 0.5101018518518519 0.004973958333333334 0.023592592592592592
0 0.5361197916666666 0.3970925925925926 0.008708333333333334 0.016759259259259262
0 0.3424270833333333 0.3357962962962963 0.020468749999999997 0.01875
0 0.270796875 0.2891481481481481 0.00296875 0.011861111111111112
0 0.27308333333333334 0.2806944444444444 0.0028541666666666667 0.011314814814814816
0 0.2540833333333333 0.2880740740740741 0.009390625000000001 0.014768518518518518
0 0.24370833333333333 0.21953703703703703 0.008989583333333334 0.01715740740740741
1 0.351421875 0.6115277777777778 0.03284895833333333 0.06384259259259259
1 0.19613541666666665 0.7872129629629631 0.007770833333333334 0.03348148148148148
1 0.199734375 0.8193425925925926 0.008151041666666668 0.033101851851851855
1 0.18568229166666667 0.4485462962962963 0.004666666666666667 0.023648148148148147
1 0.18016145833333336 0.3496666666666667 0.004526041666666666 0.021453703703703704
1 0.1935625 0.356462962962963 0.004489583333333333 0.019935185185185188
1 0.20859375 0.36257407407407405 0.004786458333333333 0.01986111111111111
1 0.19704687499999998 0.27301851851851855 0.009333333333333334 0.015074074074074075
1 0.18191145833333333 0.27402777777777776 0.0031302083333333334 0.013314814814814816
1 0.18109375 0.25622222222222224 0.0032031250000000002 0.01312962962962963
1 0.18127083333333335 0.2399814814814815 0.003286458333333333 0.013240740740740742
0 0.27805208333333337 0.30324999999999996 0.003140625 0.013175925925925926
0 0.28152604166666667 0.2974074074074074 0.0034427083333333336 0.015185185185185184