1 0.43938020833333336 0.9406388888888889 0.031020833333333334 0.04475
1 0.389046875 0.5967222222222223 0.02999479166666667 0.052453703703703704
0 0.5622083333333333 0.7257592592592593 0.024645833333333332 0.03010185185185185
1 0.4206614583333333 0.8544814814814815 0.025541666666666667 0.04097222222222222
1 0.4576458333333333 0.8503055555555556 0.030020833333333333 0.049490740740740745
0 0.6578958333333333 0.9145277777777778 0.03522395833333333 0.042666666666666665
1 0.41021875 0.6796666666666666 0.031119791666666667 0.06652777777777777
1 0.22036458333333334 0.47350925925925924 0.01190625 0.02613888888888889
0 0.5795156250000001 0.7514259259259259 0.023921875 0.027935185185185188
0 0.6022708333333333 0.7329074074074073 0.025333333333333333 0.03222222222222222
0 0.535296875 0.6901759259259259 0.026375 0.03953703703703704
0 0.667171875 0.8519907407407408 0.03109375 0.035925925925925924
1 0.227828125 0.6017962962962964 0.019109374999999998 0.029268518518518517
0 0.5508541666666668 0.6716296296296297 0.022302083333333333 0.02350925925925926
1 0.3548958333333333 0.6359259259259259 0.017364583333333336 0.02287037037037037
1 0.220734375 0.4602685185185185 0.012458333333333333 0.01937037037037037
1 0.20892708333333332 0.34825 0.015307291666666667 0.02001851851851852
0 0.4922083333333333 0.6441203703703704 0.025796875 0.03872222222222222
1 0.38076562500000005 0.7149907407407408 0.022588541666666666 0.023805555555555555
0 0.5665989583333333 0.6932407407407408 0.016354166666666666 0.027046296296296297
0 0.6343385416666667 0.4815 0.021906250000000002 0.03391666666666667
0 0.5761822916666667 0.42275 0.007531250000000001 0.019749999999999997
1 0.20715104166666667 0.7661666666666667 0.00978125 0.03064814814814815
0 0.6842083333333334 0.8868425925925926 0.030567708333333332 0.045148148148148146
1 0.18722395833333336 0.3724166666666667 0.007536458333333333 0.025944444444444444
1 0.17940104166666665 0.3025462962962963 0.004005208333333334 0.019398148148148147
1 0.19493749999999999 0.29080555555555554 0.012307291666666666 0.012898148148148148
1 0.18931250000000002 0.7441388888888889 0.005645833333333333 0.028925925925925924
1 0.18038020833333332 0.23953703703703702 0.0037604166666666667 0.014833333333333334
1 0.18107291666666667 0.2741018518518518 0.003119791666666667 0.012018518518518519
1 0.17922916666666666 0.2622685185185185 0.0031041666666666665 0.013277777777777777
1 0.19042187500000002 0.27505555555555555 0.0031510416666666666 0.01338888888888889
1 0.185375 0.2638425925925926 0.00278125 0.011527777777777777
1 0.19803645833333333 0.21802777777777776 0.008223958333333333 0.013916666666666666
1 0.38536979166666663 0.6640555555555555 0.016614583333333332 0.02613888888888889
0 0.5936822916666666 0.7829259259259259 0.020479166666666666 0.030898148148148147
0 0.6402187500000001 0.8589259259259259 0.0199375 0.03737962962962963
0 0.6450520833333333 0.8102592592592593 0.020890625 0.025962962962962962
0 0.613234375 0.7567407407407407 0.023223958333333336 0.024731481481481483
0 0.6294114583333333 0.777787037037037 0.021645833333333333 0.022925925925925926
0 0.6227760416666667 0.8228796296296297 0.025213541666666665 0.03103703703703704
0 0.6463072916666667 0.8880740740740741 0.022171875 0.031629629629629626
0 0.6733958333333334 0.9376203703703704 0.029109375 0.04292592592592592
0 0.674953125 0.5016388888888889 0.004666666666666667 0.022231481481481484
0 0.7082552083333333 0.5479444444444445 0.007213541666666667 0.02512962962962963
0 0.6998072916666668 0.5663796296296297 0.0060625 0.02763888888888889
0 0.7367343749999999 0.6075833333333334 0.00690625 0.02862037037037037
0 0.7503177083333333 0.6209907407407407 0.007796875 0.033157407407407406
0 0.5602395833333333 0.4114722222222222 0.007182291666666666 0.013666666666666667
0 0.4962135416666667 0.38396296296296295 0.006036458333333333 0.017833333333333336
0 0.476015625 0.3772222222222222 0.008140625 0.016435185185185185
0 0.35091666666666665 0.336 0.0060416666666666665 0.014157407407407407
0 0.3045625 0.3205740740740741 0.005338541666666667 0.017018518518518516
0 0.27305729166666665 0.29847222222222225 0.006083333333333333 0.014166666666666668
0 0.2606927083333333 0.27399074074074076 0.004260416666666667 0.014833333333333334
0 0.25584375000000004 0.2312962962962963 0.0031458333333333334 0.012787037037037038
0 0.2583489583333333 0.2559722222222222 0.0031510416666666666 0.011240740740740742
0 0.26780208333333333 0.2661759259259259 0.0033541666666666668 0.011277777777777777
0 0.2468125 0.2677777777777778 0.008833333333333334 0.012583333333333334