1 0.48908854166666665 0.9108148148148147 0.03906770833333333 0.06568518518518518
1 0.49620833333333336 0.8251296296296297 0.03675520833333333 0.05436111111111111
1 0.450609375 0.7891574074074074 0.044078124999999996 0.08833333333333333
0 0.522671875 0.6985092592592592 0.023723958333333333 0.018657407407407407
0 0.4354427083333333 0.3678148148148148 0.028322916666666666 0.018185185185185186
1 0.35865104166666667 0.6476203703703703 0.024765625 0.014564814814814815
0 0.6844427083333334 0.8860925925925927 0.022296875 0.038768518518518515
0 0.6583854166666666 0.9427407407407407 0.02371875 0.04630555555555555
0 0.6515833333333333 0.9188796296296297 0.01834375 0.03437037037037037
0 0.6522708333333332 0.8918148148148148 0.022015625 0.033129629629629634
0 0.62690625 0.8615925925925926 0.019786458333333333 0.038564814814814816
0 0.6167291666666667 0.8206018518518519 0.022307291666666666 0.04607407407407407
0 0.6212291666666666 0.8307962962962963 0.019869791666666668 0.03635185185185185
0 0.6052239583333333 0.7887962962962963 0.017140625 0.034499999999999996
0 0.5897395833333333 0.7705185185185185 0.020494791666666668 0.030490740740740742
0 0.68521875 0.9829722222222221 0.024307291666666668 0.0340462962962963
0 0.6593854166666666 0.8604722222222222 0.01703125 0.027370370370370368
0 0.6538958333333333 0.8161018518518518 0.019770833333333335 0.03461111111111111
0 0.6022239583333333 0.7407037037037038 0.01846354166666667 0.02942592592592593
0 0.6323385416666666 0.7820462962962963 0.02333333333333333 0.026712962962962963
0 0.5762291666666666 0.7413055555555556 0.017723958333333335 0.03226851851851852
0 0.54840625 0.6625648148148149 0.016067708333333333 0.033407407407407406
0 0.5323125 0.6432685185185185 0.019114583333333334 0.03140740740740741
0 0.507328125 0.6526296296296297 0.013520833333333334 0.026546296296296297
0 0.5499947916666666 0.7022592592592594 0.018281250000000002 0.02087037037037037
0 0.5622760416666667 0.7289074074074074 0.021161458333333334 0.02698148148148148
0 0.8684479166666667 0.9307222222222222 0.022895833333333334 0.037731481481481484
0 0.6952083333333333 0.6011203703703704 0.016838541666666665 0.030083333333333333
0 0.6815677083333332 0.5769722222222222 0.017921874999999997 0.02978703703703704
0 0.6722552083333333 0.5623981481481481 0.016229166666666666 0.028287037037037038
0 0.6253020833333333 0.47449074074074077 0.015203125000000001 0.022490740740740738
0 0.63515625 0.48906481481481484 0.014052083333333333 0.018287037037037036
0 0.64053125 0.50525 0.012442708333333333 0.01485185185185185
0 0.6503489583333334 0.5233148148148148 0.0184375 0.016009259259259258
0 0.5829791666666666 0.43173148148148144 0.016119791666666668 0.01912962962962963
0 0.5689739583333334 0.42353703703703705 0.0169375 0.022250000000000002
0 0.5515156250000001 0.41597222222222224 0.013135416666666667 0.020944444444444446
0 0.46601041666666665 0.37574074074074076 0.01690625 0.021027777777777777
0 0.48535416666666664 0.3829166666666667 0.016244791666666668 0.019101851851851852
0 0.5109947916666667 0.3940648148148148 0.02177604166666667 0.021074074074074075
0 0.24539583333333334 0.2581574074074074 0.008859375000000001 0.01199074074074074
0 0.24201041666666667 0.23727777777777778 0.010140624999999999 0.013333333333333334
0 0.256734375 0.26229629629629625 0.0060416666666666665 0.00887962962962963
0 0.257625 0.25077777777777777 0.004161458333333334 0.006175925925925926
0 0.25714583333333335 0.24078703703703705 0.005484375 0.008972222222222222
0 0.2643229166666667 0.2634074074074074 0.006697916666666666 0.013546296296296298
0 0.27730208333333334 0.3162962962962963 0.008286458333333333 0.017638888888888888
0 0.2689010416666667 0.2806944444444444 0.010244791666666668 0.018027777777777778
0 0.2593697916666667 0.30291666666666667 0.011572916666666665 0.012842592592592591
0 0.24827604166666667 0.28302777777777777 0.01225 0.01211111111111111
0 0.294375 0.31774074074074077 0.00765625 0.015648148148148147
0 0.32008333333333333 0.32778703703703704 0.018354166666666668 0.012953703703703703
0 0.3495 0.3384259259259259 0.013125 0.013092592592592593
0 0.4350833333333333 0.5815833333333333 0.026895833333333334 0.04468518518518518
0 0.3811822916666667 0.5120092592592593 0.022953125 0.04627777777777777
0 0.49419270833333334 0.5907314814814815 0.017911458333333335 0.01662962962962963
0 0.4941979166666667 0.6338703703703704 0.016088541666666668 0.026435185185185187
0 0.512625 0.6262037037037037 0.018895833333333334 0.021685185185185186
0 0.40027604166666664 0.4942777777777778 0.016182291666666668 0.020916666666666667
0 0.3710260416666667 0.4737222222222222 0.017739583333333333 0.025824074074074076
0 0.3749166666666667 0.48163888888888884 0.015000000000000001 0.017268518518518516
0 0.36373958333333334 0.45998148148148144 0.014145833333333333 0.025175925925925928
0 0.35878645833333334 0.4495648148148148 0.014307291666666666 0.021425925925925928
0 0.35341666666666666 0.44069444444444444 0.015010416666666667 0.023212962962962963
0 0.34853124999999996 0.4296388888888889 0.014848958333333334 0.02225925925925926
0 0.34401041666666665 0.41775 0.012671874999999999 0.020435185185185185
0 0.33902604166666667 0.4091851851851852 0.012765625000000001 0.021203703703703704
0 0.3934635416666667 0.4781759259259259 0.010453125 0.016027777777777776
0 0.38333854166666664 0.4627962962962963 0.012161458333333335 0.018611111111111113
0 0.3793125 0.4491018518518518 0.012807291666666666 0.019685185185185188
0 0.37075520833333336 0.4352962962962963 0.012171875 0.020555555555555556
0 0.36454166666666665 0.42189814814814813 0.013010416666666667 0.02060185185185185
0 0.35811458333333335 0.4079351851851852 0.012505208333333333 0.01950925925925926
0 0.31489062500000004 0.30834259259259256 0.008416666666666666 0.008240740740740741
0 0.31572916666666667 0.28117592592592594 0.011927083333333333 0.02386111111111111
0 0.3158125 0.2878148148148148 0.009343750000000001 0.01274074074074074
0 0.33280208333333333 0.30709259259259264 0.009015625 0.01875925925925926
0 0.2700416666666667 0.22116666666666668 0.006578125000000001 0.012027777777777778
0 0.33130729166666667 0.2900277777777778 0.008765624999999999 0.020416666666666666
0 0.33251041666666664 0.3911574074074074 0.011177083333333334 0.00873148148148148
0 0.39387500000000003 0.5535833333333333 0.017223958333333334 0.026101851851851852
0 0.7319010416666667 0.6571666666666667 0.0037760416666666667 0.01387962962962963
0 0.7510989583333333 0.6808981481481482 0.005619791666666666 0.011259259259259259
0 0.7726822916666667 0.6998703703703704 0.008119791666666666 0.012037037037037037
0 0.7833229166666666 0.7201666666666666 0.005619791666666666 0.014685185185185185
0 0.810328125 0.7601481481481481 0.0069947916666666665 0.01574074074074074
0 0.8232447916666668 0.7718888888888888 0.009000000000000001 0.014935185185185185
0 0.8133125 0.7872962962962963 0.0065625 0.013898148148148147
0 0.8246770833333333 0.7920092592592592 0.009125 0.015722222222222224
0 0.8332135416666666 0.8055555555555556 0.008270833333333333 0.011722222222222222
0 0.83821875 0.8159722222222222 0.006786458333333333 0.01510185185185185
0 0.854671875 0.8400648148148148 0.006328125 0.010944444444444444
0 0.860546875 0.8332314814814815 0.006942708333333334 0.014861111111111111
0 0.8691718749999999 0.8134907407407408 0.006463541666666667 0.010898148148148148
0 0.876859375 0.9023518518518518 0.008177083333333333 0.017907407407407407
0 0.8679375 0.8701851851851852 0.006552083333333333 0.015787037037037037
0 0.8770052083333333 0.8498981481481481 0.005182291666666667 0.01012037037037037
0 0.9099114583333333 0.8761851851851852 0.0076614583333333335 0.011101851851851852
0 0.8044479166666666 0.7086481481481481 0.010166666666666666 0.014416666666666666