1 0.41653125 0.688962962962963 0.03933333333333333 0.08297222222222222
1 0.189453125 0.9564166666666667 0.011296875000000001 0.031092592592592592
1 0.5231197916666667 0.908787037037037 0.038796874999999995 0.11151851851851852
1 0.20799479166666668 0.7559722222222223 0.0098125 0.03427777777777778
1 0.19469270833333333 0.7918611111111111 0.006791666666666666 0.03559259259259259
1 0.190171875 0.47855555555555557 0.00646875 0.035222222222222224
0 0.199203125 0.2768888888888889 0.009937499999999998 0.016648148148148148
0 0.6845833333333334 0.9620555555555556 0.03294791666666667 0.060888888888888895
0 0.6675520833333334 0.9391666666666666 0.021984375 0.03564814814814815
0 0.6613854166666666 0.9070462962962963 0.021807291666666666 0.039481481481481485
0 0.6531874999999999 0.8917037037037037 0.019395833333333334 0.032574074074074075
0 0.6453072916666667 0.8768148148148148 0.024916666666666667 0.0417037037037037
0 0.6301302083333333 0.8546018518518519 0.027385416666666666 0.040518518518518516
0 0.6222864583333333 0.8268888888888889 0.027510416666666666 0.04020370370370371
0 0.6078645833333333 0.8034814814814815 0.021765625 0.0355462962962963
0 0.5875989583333333 0.7747037037037037 0.024390625 0.034194444444444444
0 0.5818854166666667 0.7610740740740741 0.023307291666666667 0.028546296296296295
0 0.6357864583333334 0.7949444444444445 0.018635416666666668 0.02603703703703704
0 0.6284427083333333 0.7793888888888889 0.020364583333333335 0.024101851851851853
0 0.621609375 0.7671388888888889 0.021901041666666666 0.03743518518518518
0 0.6101458333333334 0.7603518518518518 0.016598958333333334 0.027092592592592595
0 0.6032031250000001 0.7485555555555556 0.02034375 0.02727777777777778
0 0.59428125 0.7260277777777778 0.01952083333333333 0.03086111111111111
0 0.57521875 0.7471203703703704 0.023338541666666667 0.029824074074074076
0 0.575640625 0.7489629629629629 0.015067708333333334 0.02485185185185185
0 0.5623541666666667 0.7330092592592592 0.013421875 0.024287037037037038
0 0.559515625 0.7231944444444444 0.018682291666666666 0.024120370370370372
0 0.5535677083333332 0.7137777777777777 0.015307291666666667 0.025805555555555557
0 0.5392239583333333 0.694 0.021260416666666667 0.031657407407407405
0 0.5432291666666667 0.7008055555555556 0.017119791666666665 0.023648148148148147
0 0.5473854166666666 0.7082499999999999 0.0120625 0.020166666666666666
0 0.5454947916666666 0.7008888888888889 0.014348958333333333 0.019490740740740743
0 0.540390625 0.6935462962962963 0.015697916666666666 0.016703703703703703
0 0.5331666666666667 0.683537037037037 0.018265625 0.02477777777777778
0 0.49818229166666667 0.653712962962963 0.02490104166666667 0.06562962962962962
0 0.5851510416666666 0.708574074074074 0.015250000000000001 0.024064814814814813
0 0.5789270833333333 0.6991203703703703 0.013734375 0.020277777777777777
0 0.5693177083333333 0.6888888888888889 0.01944791666666667 0.020342592592592593
0 0.5588802083333333 0.6795185185185185 0.014989583333333334 0.018898148148148147
0 0.549859375 0.6638611111111111 0.020036458333333333 0.022166666666666668
0 0.5518593749999999 0.6698148148148148 0.014921875 0.015703703703703706
0 0.5442291666666667 0.6554444444444444 0.020338541666666664 0.0247962962962963
0 0.536484375 0.6476666666666667 0.021265625 0.023287037037037037
0 0.5281302083333334 0.6460648148148148 0.016104166666666666 0.02548148148148148
0 0.8815989583333333 0.8708703703703703 0.012979166666666668 0.036305555555555556
0 0.8625416666666667 0.9068703703703703 0.022895833333333334 0.051037037037037034
0 0.8400885416666667 0.7707685185185185 0.009604166666666667 0.04253703703703703
0 0.8071875 0.7406203703703704 0.013708333333333333 0.05031481481481482
0 0.7425885416666667 0.6371851851851852 0.009135416666666667 0.026101851851851852
0 0.7527968749999999 0.6312314814814814 0.008880208333333334 0.03256481481481482
0 0.7255468749999999 0.5997962962962963 0.008489583333333333 0.03130555555555556
0 0.7301510416666667 0.6622129629629631 0.015875 0.0361574074074074
0 0.7079947916666666 0.6183240740740741 0.016546875 0.03160185185185185
0 0.6959010416666668 0.5988518518518519 0.013026041666666667 0.030490740740740742
0 0.6860729166666667 0.5814537037037038 0.015260416666666667 0.03135185185185185
0 0.674734375 0.5564629629629629 0.014463541666666666 0.026759259259259257
0 0.6653697916666667 0.5404351851851852 0.020052083333333335 0.027129629629629632
0 0.6474635416666668 0.5036666666666667 0.016458333333333335 0.03574074074074074
0 0.6337604166666666 0.4863611111111111 0.01944791666666667 0.03137962962962963
0 0.6184062499999999 0.4658703703703704 0.01975 0.027148148148148147
0 0.60234375 0.4511759259259259 0.019838541666666668 0.022611111111111113
0 0.5899791666666666 0.4351851851851852 0.020645833333333332 0.02846296296296296
0 0.5732031249999999 0.4283148148148148 0.012020833333333333 0.021203703703703704
0 0.5591197916666667 0.42321296296296296 0.018500000000000003 0.028296296296296295
0 0.539953125 0.4076018518518518 0.014822916666666667 0.025175925925925928
0 0.5168072916666666 0.39755555555555555 0.02080729166666667 0.02776851851851852
0 0.49056770833333335 0.38605555555555554 0.01575 0.01990740740740741
0 0.46328125 0.37539814814814815 0.0165 0.02237037037037037
0 0.44509895833333335 0.3720462962962963 0.01965625 0.02214814814814815
0 0.412640625 0.36033333333333334 0.014921875 0.01601851851851852
0 0.39161979166666666 0.35200000000000004 0.015427083333333334 0.016638888888888887
0 0.37327083333333333 0.3489722222222222 0.015208333333333332 0.020305555555555556
0 0.35289062499999996 0.33985185185185185 0.013958333333333333 0.015037037037037036
0 0.33058333333333334 0.33316666666666667 0.015546875 0.01787037037037037
0 0.30566666666666664 0.3209444444444444 0.025291666666666667 0.023703703703703706
0 0.280234375 0.31351851851851853 0.010911458333333334 0.01425
0 0.25516666666666665 0.30169444444444443 0.010010416666666666 0.017620370370370373
0 0.2674947916666667 0.30666666666666664 0.006697916666666666 0.010268518518518519
0 0.25196874999999996 0.2889074074074074 0.015161458333333332 0.02338888888888889
0 0.26898958333333334 0.2856388888888889 0.009088541666666667 0.01686111111111111
0 0.2638802083333333 0.26113888888888886 0.0098125 0.014324074074074074
0 0.2463385416666667 0.26325925925925925 0.01484375 0.021796296296296296
0 0.24264583333333334 0.2383425925925926 0.016578125 0.021685185185185186
0 0.25759375 0.23920370370370367 0.007572916666666666 0.019083333333333334
0 0.267125 0.24053703703703702 0.0074062500000000005 0.016342592592592593
0 0.402984375 0.4934444444444444 0.017161458333333334 0.024694444444444446
0 0.37852604166666665 0.49267592592592596 0.01478125 0.01867592592592593
0 0.37233333333333335 0.47997222222222224 0.015156250000000001 0.022925925925925926
0 0.393890625 0.48093518518518513 0.012072916666666666 0.02052777777777778
0 0.385359375 0.4661111111111111 0.01203125 0.020064814814814817
0 0.3802395833333333 0.4576574074074074 0.012125 0.022611111111111113
0 0.36271875 0.45979629629629626 0.015984375000000002 0.02798148148148148
0 0.36690625000000004 0.4644259259259259 0.013421875 0.019935185185185188
0 0.3600364583333333 0.4500648148148148 0.01975 0.022555555555555554
0 0.35067187499999997 0.4352314814814815 0.0125625 0.02424074074074074
0 0.3439583333333333 0.42659259259259263 0.013723958333333335 0.025324074074074075
0 0.36761458333333336 0.4271203703703704 0.012411458333333332 0.01990740740740741
0 0.36183333333333334 0.4175555555555555 0.010567708333333333 0.01913888888888889
0 0.357109375 0.40523148148148147 0.015708333333333335 0.023666666666666666
0 0.35240625 0.3945925925925926 0.011776041666666666 0.016444444444444446
0 0.33725520833333333 0.40729629629629627 0.010052083333333333 0.019157407407407408
0 0.3334010416666667 0.39293518518518517 0.015713541666666667 0.020703703703703703
0 0.33629166666666666 0.39646296296296296 0.013588541666666667 0.013694444444444443
0 0.32998958333333334 0.38496296296296295 0.01496875 0.016648148148148148
0 0.33077083333333335 0.3186666666666667 0.012281249999999999 0.018064814814814815
0 0.333015625 0.3067962962962963 0.017374999999999998 0.015935185185185188
0 0.31083854166666663 0.31039814814814815 0.009494791666666667 0.011259259259259259
0 0.3135260416666667 0.3011111111111111 0.01669270833333333 0.014287037037037037