1 0.22421354166666668 0.8530648148148148 0.024984375 0.02487962962962963
1 0.431109375 0.8579907407407408 0.028182291666666668 0.05060185185185185
1 0.41152083333333334 0.6953611111111111 0.03626041666666667 0.059888888888888894
0 0.37484375000000003 0.34667592592592594 0.032390625 0.014222222222222221
1 0.3767552083333333 0.7147962962962963 0.018640625 0.025249999999999998
1 0.19377083333333334 0.2723888888888889 0.012791666666666666 0.011787037037037037
1 0.41647395833333334 0.7876296296296296 0.020765625 0.029537037037037035
0 0.45076041666666666 0.37516666666666665 0.036947916666666664 0.01775925925925926
0 0.35715625 0.34062037037037035 0.027125 0.01125
0 0.4144322916666667 0.3599351851851852 0.025395833333333333 0.016
0 0.3249166666666667 0.3314814814814815 0.02197395833333333 0.01161111111111111
0 0.5742395833333334 0.42676851851851855 0.023515625 0.015851851851851853
0 0.6957447916666666 0.5879166666666668 0.024817708333333334 0.024231481481481482
0 0.675640625 0.5582222222222222 0.01983333333333333 0.01735185185185185
1 0.209734375 0.3467962962962963 0.012447916666666666 0.020935185185185185
1 0.198125 0.2877962962962963 0.010718749999999999 0.01601851851851852
1 0.39215625000000004 0.652074074074074 0.024958333333333336 0.04797222222222222
1 0.3764895833333333 0.6313981481481481 0.02228125 0.04482407407407407
1 0.3541875 0.6570648148148148 0.014796875 0.019740740740740743
0 0.6566927083333333 0.9709259259259259 0.052578125 0.05815740740740741
0 0.6292083333333333 0.9417222222222221 0.0243125 0.04607407407407407
0 0.6180052083333333 0.9172222222222223 0.018187500000000002 0.03758333333333334
0 0.6120520833333334 0.8866111111111111 0.020609375 0.030787037037037036
0 0.5997135416666667 0.8554074074074074 0.01546875 0.03321296296296296
0 0.58825 0.8271296296296295 0.016635416666666666 0.031064814814814812
0 0.6285208333333333 0.8385370370370371 0.01903125 0.01450925925925926
0 0.6332239583333333 0.8752222222222222 0.01540625 0.026527777777777775
0 0.6465208333333333 0.8936481481481481 0.021166666666666667 0.03559259259259259
0 0.6584635416666667 0.922537037037037 0.021374999999999998 0.02390740740740741
0 0.6970781250000001 0.914787037037037 0.018078125 0.04081481481481481
0 0.681421875 0.8939537037037038 0.018026041666666666 0.0362037037037037
0 0.6740520833333333 0.8748425925925927 0.018265625 0.03387037037037037
0 0.6646927083333334 0.8550185185185185 0.017781250000000002 0.034740740740740746
0 0.667078125 0.8363055555555556 0.024510416666666666 0.03668518518518518
0 0.6490572916666667 0.8188425925925926 0.020369791666666668 0.03763888888888889
0 0.61334375 0.8233333333333334 0.02188020833333333 0.030425925925925926
0 0.5829322916666667 0.7573981481481482 0.019671875000000002 0.035166666666666666
0 0.6100781249999999 0.7426388888888888 0.017208333333333332 0.01375925925925926
0 0.6007916666666666 0.7263703703703703 0.021526041666666666 0.024046296296296295
0 0.5707395833333333 0.7390462962962963 0.018083333333333333 0.03551851851851852
0 0.5495104166666667 0.7077685185185185 0.022515624999999997 0.028537037037037038
0 0.53446875 0.6915925925925925 0.015156250000000001 0.019703703703703706
0 0.499625 0.6451018518518519 0.015265625 0.01997222222222222
0 0.50884375 0.6569907407407407 0.015088541666666667 0.020925925925925928
0 0.5239479166666666 0.6776851851851852 0.016104166666666666 0.023157407407407408
0 0.5199010416666667 0.6660648148148148 0.013135416666666667 0.026537037037037036
0 0.4944895833333333 0.6357962962962963 0.014723958333333334 0.02015740740740741
0 0.49785416666666665 0.6163796296296297 0.007067708333333334 0.017416666666666667
0 0.5086927083333334 0.6182962962962962 0.013552083333333333 0.012981481481481481
0 0.514578125 0.6316944444444444 0.01278125 0.017972222222222223
0 0.5228125 0.6392592592592592 0.011114583333333334 0.015805555555555555
0 0.5364322916666667 0.6479351851851851 0.0151875 0.01811111111111111
0 0.5719895833333334 0.6926574074074074 0.015984375000000002 0.018064814814814815
0 0.5636614583333334 0.6780555555555555 0.014734375 0.023444444444444445
0 0.5787395833333334 0.7051851851851852 0.016020833333333335 0.017546296296296296
0 0.37144791666666666 0.4798425925925926 0.009776041666666667 0.016592592592592593
0 0.40015104166666665 0.49169444444444443 0.012187499999999999 0.01624074074074074
0 0.39565625 0.4812962962962963 0.013770833333333335 0.01800925925925926
0 0.388171875 0.4729259259259259 0.015302083333333332 0.020064814814814817
0 0.3841145833333333 0.46242592592592596 0.012260416666666666 0.018611111111111113
0 0.36839062499999997 0.47114814814814815 0.014656250000000001 0.02026851851851852
0 0.361515625 0.4610648148148148 0.013177083333333334 0.012138888888888888
0 0.3569583333333333 0.45160185185185187 0.010828125 0.015759259259259258
0 0.35315104166666667 0.4425277777777778 0.010833333333333334 0.014157407407407407
0 0.3759375 0.44943518518518516 0.012828125 0.019703703703703706
0 0.37157291666666664 0.4413240740740741 0.012989583333333334 0.01776851851851852
0 0.36915624999999996 0.4331203703703704 0.013229166666666665 0.016416666666666666
0 0.35119791666666667 0.43291666666666667 0.009880208333333333 0.01375
0 0.3380989583333333 0.4015462962962963 0.011614583333333334 0.015685185185185187
0 0.3565833333333333 0.4028703703703704 0.010505208333333333 0.010046296296296296
0 0.24521354166666667 0.26403703703703707 0.008588541666666666 0.013666666666666667
0 0.25508854166666667 0.29845370370370367 0.012260416666666666 0.017824074074074076
0 0.26234375 0.3087314814814815 0.010875 0.012046296296296296
0 0.27272916666666663 0.31280555555555556 0.007875 0.011175925925925926
0 0.2801666666666666 0.31355555555555553 0.006536458333333333 0.011166666666666667
0 0.30333854166666663 0.3252962962962963 0.012223958333333333 0.015851851851851853
0 0.24307812499999998 0.24094444444444446 0.008791666666666666 0.011851851851851853
0 0.6414947916666667 0.4985833333333334 0.018687500000000003 0.01948148148148148
0 0.6528385416666667 0.5176759259259259 0.014614583333333332 0.017814814814814815
0 0.6991197916666666 0.6126018518518519 0.01766145833333333 0.01963888888888889
0 0.70765625 0.6288981481481482 0.015817708333333333 0.023666666666666666
0 0.719046875 0.6445185185185186 0.01884375 0.019555555555555555
0 0.7305260416666666 0.6683148148148148 0.01153125 0.026537037037037036
0 0.7408177083333333 0.6806203703703704 0.012109375 0.021814814814814815
0 0.7921458333333333 0.7333333333333333 0.007213541666666667 0.025712962962962962
0 0.8169375 0.7823611111111112 0.007307291666666666 0.018472222222222223
0 0.8195364583333333 0.7588148148148148 0.009541666666666667 0.02026851851851852
0 0.8309635416666666 0.7843981481481481 0.007005208333333333 0.017287037037037038
0 0.8295625 0.8040833333333333 0.006328125 0.010027777777777778
0 0.8380104166666666 0.8107962962962962 0.007567708333333333 0.018194444444444444
0 0.8435416666666666 0.8266574074074073 0.006333333333333333 0.014564814814814815
0 0.8520416666666667 0.8440185185185185 0.007104166666666667 0.014703703703703705
0 0.860703125 0.9113703703703704 0.024187499999999997 0.044111111111111115
0 0.8701197916666668 0.9393518518518519 0.018911458333333336 0.030037037037037036
0 0.6921822916666667 0.5229444444444444 0.008651041666666666 0.020833333333333332
0 0.6770625 0.513361111111111 0.006333333333333333 0.021222222222222222
0 0.6527916666666667 0.4715462962962963 0.007713541666666667 0.026333333333333334
0 0.6414427083333333 0.46880555555555553 0.0036197916666666666 0.020842592592592593