1 0.19907291666666668 0.7528518518518519 0.023817708333333333 0.023240740740740742
1 0.21443229166666666 0.6699629629629629 0.00725 0.0227037037037037
1 0.40200520833333336 0.790212962962963 0.017734375 0.032157407407407405
1 0.4151875 0.7173333333333334 0.016953125 0.030953703703703702
1 0.44501562499999997 0.8867962962962963 0.030921874999999998 0.04937962962962963
1 0.375984375 0.7205555555555556 0.016223958333333333 0.018305555555555554
1 0.4026510416666667 0.8007222222222222 0.017906250000000002 0.019851851851851853
1 0.380640625 0.6283703703703704 0.024609375 0.027138888888888886
1 0.22970312499999998 0.6267592592592592 0.017942708333333335 0.021916666666666668
0 0.49114583333333334 0.3880925925925926 0.0156875 0.017925925925925925
0 0.6756302083333333 0.5619722222222222 0.02294791666666667 0.033777777777777775
1 0.189484375 0.20675 0.010671874999999999 0.010157407407407408
0 0.36821875 0.3458981481481481 0.023765625000000002 0.016
1 0.40803124999999996 0.7882962962962963 0.021421875 0.028675925925925924
1 0.2289635416666667 0.617824074074074 0.015614583333333333 0.026101851851851852
1 0.198859375 0.7433055555555556 0.023979166666666666 0.033
0 0.403203125 0.35841666666666666 0.019442708333333333 0.02074074074074074
0 0.64690625 0.5031111111111112 0.015921875 0.0255
0 0.40995312500000003 0.35705555555555557 0.021026041666666665 0.015703703703703706
0 0.484640625 0.385 0.01891666666666667 0.01485185185185185
0 0.6644791666666666 0.967962962962963 0.05438020833333333 0.06408333333333333
1 0.17978645833333334 0.27599074074074076 0.004098958333333334 0.016759259259259262
1 0.184953125 0.2961574074074074 0.003515625 0.015935185185185188
1 0.39248958333333334 0.6679351851851852 0.018447916666666668 0.021518518518518517
0 0.7011666666666667 0.6073148148148148 0.022109375 0.03510185185185185
0 0.7297343749999999 0.6210833333333333 0.005713541666666667 0.02662037037037037
0 0.7373385416666667 0.595037037037037 0.008760416666666666 0.022907407407407408
0 0.7383124999999999 0.6317870370370371 0.009552083333333333 0.027444444444444445
0 0.7240885416666667 0.6563148148148149 0.014109375 0.025027777777777777
0 0.7523697916666666 0.656462962962963 0.011036458333333334 0.023268518518518518
0 0.7611249999999999 0.6770925925925926 0.009666666666666665 0.02748148148148148
0 0.7783802083333333 0.6694722222222222 0.005166666666666667 0.0215
0 0.7864427083333333 0.7069351851851852 0.010291666666666668 0.027462962962962963
0 0.8100520833333333 0.764888888888889 0.008291666666666666 0.026046296296296297
0 0.8373072916666667 0.7584814814814814 0.0060625 0.020425925925925924
0 0.8313177083333334 0.8060462962962963 0.0074062500000000005 0.027046296296296297
0 0.8490468750000001 0.8289907407407406 0.008708333333333334 0.0225
0 0.8458906249999999 0.8050185185185185 0.005869791666666666 0.016759259259259262
0 0.84578125 0.7766666666666666 0.006807291666666667 0.02077777777777778
0 0.8615156249999999 0.8798518518518519 0.017885416666666668 0.02748148148148148
0 0.8581354166666666 0.85775 0.008359375 0.02237037037037037
0 0.8795208333333334 0.8834444444444445 0.011401041666666667 0.02540740740740741
0 0.8688802083333333 0.9179444444444445 0.026953125 0.03983333333333334
0 0.8770572916666667 0.9427685185185186 0.02188020833333333 0.03711111111111111
0 0.8883541666666667 0.9033611111111111 0.006463541666666667 0.015833333333333335
0 0.862625 0.8372314814814815 0.0069166666666666664 0.019425925925925926
0 0.868625 0.8468240740740741 0.007135416666666667 0.023166666666666665
0 0.8810520833333333 0.84075 0.011229166666666667 0.018231481481481484
0 0.8886041666666666 0.8630185185185185 0.00734375 0.016444444444444446
0 0.9072656250000001 0.9210648148148148 0.010510416666666666 0.020351851851851854
0 0.9044947916666667 0.898962962962963 0.0067083333333333335 0.018351851851851852
0 0.9046510416666667 0.8803888888888889 0.012229166666666668 0.020305555555555556
0 0.8914739583333334 0.8892962962962964 0.010187499999999999 0.017555555555555557
0 0.9201666666666667 0.9058055555555555 0.005953125 0.019694444444444445
0 0.25441145833333334 0.2919722222222222 0.013239583333333334 0.015796296296296294
0 0.25015625 0.273712962962963 0.008781249999999999 0.016333333333333335
0 0.26203645833333333 0.2764074074074074 0.005666666666666667 0.017601851851851855
0 0.26995833333333336 0.28064814814814815 0.005463541666666667 0.021962962962962962
0 0.27347916666666666 0.30568518518518517 0.007682291666666666 0.019555555555555555
0 0.28891666666666665 0.3134166666666667 0.008145833333333333 0.013398148148148149
0 0.30366666666666664 0.31939814814814815 0.016223958333333333 0.016101851851851853
0 0.37281770833333333 0.47129629629629627 0.02396875 0.053314814814814815
0 0.3560989583333333 0.44296296296296295 0.017234375000000003 0.038175925925925926
0 0.3562708333333333 0.4084722222222222 0.01882291666666667 0.029648148148148153
0 0.39965625 0.49087037037037035 0.013729166666666666 0.024277777777777777
0 0.39238541666666665 0.47021296296296294 0.012239583333333333 0.022962962962962963