1 0.2466354166666667 0.9790092592592592 0.02603125 0.04197222222222222
1 0.23802604166666666 0.6986203703703704 0.018442708333333332 0.03672222222222222
1 0.213296875 0.6774722222222221 0.009932291666666667 0.029768518518518517
1 0.20005729166666666 0.656074074074074 0.008140625 0.02978703703703704
1 0.19940104166666667 0.5995092592592592 0.007421875 0.025842592592592594
1 0.1829583333333333 0.5862685185185185 0.008265625 0.02825925925925926
1 0.20090104166666667 0.5626018518518519 0.008234375 0.02587037037037037
1 0.22408333333333333 0.5631203703703703 0.018260416666666668 0.026925925925925926
1 0.219796875 0.44042592592592594 0.013197916666666667 0.030935185185185184
1 0.19977604166666665 0.4222777777777778 0.006973958333333334 0.020342592592592593
1 0.19183333333333333 0.3783611111111111 0.00734375 0.024564814814814817
1 0.1984375 0.31296296296296294 0.0036979166666666666 0.021138888888888888
1 0.17823958333333334 0.29500000000000004 0.0036458333333333334 0.028037037037037037
1 0.18848437499999998 0.28124074074074074 0.007786458333333333 0.01661111111111111
0 0.24774479166666669 0.2508518518518519 0.012 0.01787037037037037
0 0.25620312500000003 0.291787037037037 0.012635416666666668 0.016935185185185185
0 0.24981770833333333 0.27673148148148147 0.012526041666666666 0.013972222222222223
0 0.26901041666666664 0.29583333333333334 0.004546875000000001 0.017916666666666668
0 0.279171875 0.30245370370370367 0.005598958333333333 0.017249999999999998
0 0.41896875 0.3567962962962963 0.007625000000000001 0.013537037037037037
0 0.4836927083333334 0.38260185185185186 0.021468749999999998 0.02447222222222222
0 0.5796927083333333 0.4320648148148148 0.019588541666666667 0.021703703703703704
0 0.6266145833333333 0.4775277777777778 0.015286458333333334 0.025935185185185186
0 0.6405625 0.4978148148148148 0.02305208333333333 0.039462962962962964
0 0.6686354166666667 0.5044259259259259 0.00359375 0.020842592592592593
0 0.6891927083333333 0.5431666666666667 0.005572916666666666 0.023398148148148147
0 0.6710364583333334 0.55375 0.016817708333333334 0.019953703703703703
0 0.6753645833333334 0.865 0.026083333333333333 0.04087962962962963