1 0.4222916666666666 0.6925648148148148 0.04072395833333333 0.05540740740740741
1 0.4216666666666667 0.7223611111111111 0.03453645833333333 0.02875925925925926
1 0.3976354166666667 0.7763981481481481 0.027114583333333334 0.02987962962962963
1 0.3917760416666667 0.732537037037037 0.027083333333333334 0.02712037037037037
1 0.22268229166666667 0.49125925925925923 0.016661458333333334 0.02322222222222222
1 0.22020833333333334 0.953537037037037 0.027604166666666666 0.026222222222222223
1 0.22094270833333332 0.9703055555555556 0.0308125 0.03501851851851852
1 0.371046875 0.6229259259259259 0.03551041666666667 0.036861111111111115
0 0.5783541666666667 0.7081481481481481 0.02665625 0.033129629629629634
1 0.46181770833333335 0.7849907407407407 0.01853125 0.01474074074074074
1 0.378234375 0.6590925925925927 0.024161458333333333 0.016259259259259258
1 0.19231770833333334 0.7801388888888888 0.008604166666666666 0.028675925925925924
1 0.3759427083333333 0.6776481481481481 0.024182291666666668 0.018583333333333334
1 0.19543750000000001 0.5613888888888888 0.008307291666666666 0.02238888888888889
0 0.6051927083333334 0.8585092592592594 0.045760416666666665 0.09451851851851852
0 0.8556041666666666 0.9000185185185186 0.0098125 0.03560185185185186
0 0.8656406249999999 0.9175185185185185 0.006885416666666667 0.02601851851851852
0 0.8013802083333333 0.7290000000000001 0.007208333333333333 0.023212962962962963
0 0.8036354166666667 0.7581296296296296 0.008848958333333332 0.022157407407407407
0 0.80975 0.7478333333333333 0.0036510416666666666 0.016694444444444446
0 0.8188385416666667 0.7616851851851852 0.005234375 0.027731481481481482
0 0.8192708333333333 0.7614814814814814 0.004401041666666666 0.020092592592592592
0 0.827171875 0.7786018518518518 0.0036302083333333334 0.01674074074074074
0 0.7562552083333334 0.6268796296296296 0.0044062500000000004 0.02475
0 0.7622291666666666 0.6340462962962963 0.007364583333333333 0.024351851851851854
0 0.7503072916666667 0.6497777777777778 0.00565625 0.032435185185185185
0 0.725578125 0.6544722222222222 0.007635416666666667 0.027083333333333334
0 0.711171875 0.6211111111111111 0.005697916666666666 0.02336111111111111
0 0.7141822916666667 0.6090185185185185 0.00571875 0.023064814814814816
0 0.72175 0.5883425925925926 0.005411458333333333 0.023370370370370368
0 0.7078541666666667 0.5749814814814815 0.004484375 0.025611111111111112
0 0.692734375 0.5558981481481482 0.003911458333333334 0.026324074074074073
0 0.6975520833333333 0.5509074074074074 0.0038958333333333336 0.02327777777777778
0 0.6746145833333334 0.49899999999999994 0.004067708333333333 0.019787037037037037
0 0.6736041666666667 0.5225462962962963 0.005567708333333333 0.027185185185185184
0 0.665328125 0.48199999999999993 0.004614583333333333 0.023074074074074077
0 0.6607187499999999 0.48562962962962963 0.004302083333333333 0.02275
0 0.6565677083333333 0.4981944444444444 0.005098958333333333 0.02476851851851852
0 0.6488854166666667 0.48951851851851846 0.005067708333333334 0.023268518518518518
0 0.6251718749999999 0.4744351851851852 0.005052083333333333 0.024787037037037038
0 0.6279375 0.4553888888888889 0.005197916666666667 0.023657407407407408
0 0.5903333333333334 0.43064814814814817 0.0035052083333333337 0.01773148148148148
0 0.45691666666666664 0.37119444444444444 0.004182291666666667 0.011037037037037036
0 0.40389583333333334 0.3542592592592593 0.005822916666666666 0.013148148148148147
0 0.3109322916666667 0.3212407407407407 0.003671875 0.011787037037037037
0 0.27998958333333335 0.2995277777777778 0.004171875 0.017546296296296296
0 0.255890625 0.2951851851851852 0.0023802083333333336 0.01313888888888889
0 0.2619322916666667 0.2959351851851852 0.0031354166666666666 0.011666666666666667
0 0.24476041666666667 0.2814259259259259 0.002953125 0.010712962962962964
0 0.251625 0.2816388888888889 0.004427083333333333 0.01163888888888889
0 0.2519791666666667 0.22180555555555556 0.00328125 0.012268518518518519
0 0.25673958333333335 0.23339814814814813 0.0029791666666666664 0.01037037037037037
0 0.26159375 0.24723148148148147 0.003015625 0.009648148148148149
0 0.246734375 0.2514351851851852 0.003677083333333333 0.01212037037037037
0 0.25356770833333336 0.2534814814814815 0.0030052083333333333 0.009268518518518518
0 0.24443229166666666 0.21260185185185188 0.003463541666666667 0.01135185185185185
0 0.266875 0.27825925925925926 0.009927083333333333 0.012
0 0.24766145833333333 0.17232407407407407 0.0031302083333333334 0.01225925925925926
1 0.21455729166666665 0.8504907407407407 0.008182291666666668 0.024435185185185185
1 0.18099479166666665 0.6132407407407408 0.007520833333333333 0.026814814814814816
1 0.21276562499999999 0.5373148148148148 0.006890625 0.027388888888888886
1 0.206546875 0.5213796296296297 0.005510416666666667 0.024962962962962965
1 0.18782812499999998 0.518537037037037 0.006807291666666667 0.025046296296296296
1 0.18825520833333334 0.4928981481481482 0.00528125 0.026851851851851852
1 0.17958333333333334 0.32975 0.004484375 0.01897222222222222
1 0.18540625000000002 0.3135 0.004557291666666667 0.01799074074074074
1 0.20299999999999999 0.2910555555555555 0.012005208333333333 0.01935185185185185
1 0.19861979166666668 0.2751388888888889 0.009453125 0.015361111111111112
1 0.19173437499999998 0.26699074074074075 0.0036614583333333334 0.01273148148148148
1 0.17902083333333335 0.2665462962962963 0.008385416666666668 0.011851851851851853
1 0.19995833333333335 0.22218518518518518 0.009171875 0.017166666666666667
1 0.18890625 0.19991666666666666 0.0030833333333333333 0.01566666666666667
1 0.19834895833333333 0.17742592592592593 0.0030677083333333333 0.014842592592592593
1 0.193390625 0.15271296296296297 0.003244791666666667 0.010972222222222222
1 0.18584895833333331 0.2629444444444445 0.0030416666666666665 0.015074074074074075
1 0.18099479166666665 0.28094444444444444 0.005302083333333333 0.01363888888888889
0 0.6152760416666666 0.44052777777777774 0.00590625 0.02123148148148148
0 0.7803645833333334 0.6779907407407407 0.004609375 0.023203703703703702
0 0.7718854166666667 0.6510555555555555 0.00490625 0.02187037037037037
0 0.792015625 0.6985925925925927 0.004791666666666666 0.028694444444444443
0 0.801921875 0.7007222222222222 0.003671875 0.015138888888888891
0 0.8329166666666666 0.7806018518518518 0.005911458333333333 0.03376851851851852
0 0.8334218750000001 0.8062592592592592 0.005536458333333333 0.022953703703703702
0 0.835015625 0.8123703703703704 0.0031302083333333334 0.01976851851851852
0 0.85621875 0.8581018518518518 0.004989583333333334 0.021842592592592594
0 0.8702916666666667 0.8732962962962962 0.006869791666666666 0.025296296296296296
0 0.8811302083333333 0.9305092592592593 0.008 0.03675925925925926
0 0.8801041666666667 0.873537037037037 0.0059479166666666665 0.02816666666666667
0 0.8874635416666667 0.8697314814814814 0.0052656249999999995 0.018166666666666668
0 0.8704531249999999 0.8404351851851851 0.007291666666666667 0.014064814814814815
0 0.86146875 0.8308611111111112 0.006057291666666667 0.02425
0 0.8526458333333333 0.8166018518518519 0.00390625 0.016092592592592592
0 0.8845104166666666 0.833324074074074 0.004989583333333334 0.026185185185185186
0 0.8734010416666667 0.8146388888888888 0.0066927083333333335 0.02173148148148148
0 0.880765625 0.8230555555555555 0.004848958333333334 0.018222222222222223
0 0.8482447916666668 0.7742037037037037 0.005541666666666667 0.01930555555555556
0 0.8546145833333333 0.7832870370370371 0.0038072916666666663 0.01712037037037037
0 0.8583697916666666 0.8001666666666666 0.0035 0.02153703703703704
0 0.8444635416666666 0.8023981481481481 0.006067708333333334 0.02061111111111111