1 0.3773020833333333 0.7162592592592593 0.015619791666666666 0.014870370370370369
1 0.3769322916666667 0.7029722222222222 0.015322916666666667 0.02086111111111111
1 0.40210416666666665 0.7763425925925926 0.026723958333333336 0.025962962962962962
1 0.45636458333333335 0.8337222222222221 0.04180729166666666 0.0939537037037037
1 0.1888125 0.6611851851851852 0.008213541666666666 0.02763888888888889
1 0.21288020833333335 0.540712962962963 0.007614583333333333 0.017638888888888888
1 0.19259895833333335 0.9866296296296296 0.006661458333333333 0.02673148148148148
1 0.20497395833333334 0.7988148148148149 0.00865625 0.036194444444444446
1 0.434359375 0.9122037037037036 0.029812500000000002 0.03607407407407408
1 0.20599479166666665 0.7182777777777778 0.007880208333333335 0.02664814814814815
1 0.2143958333333333 0.672537037037037 0.009083333333333334 0.023740740740740743
1 0.21629166666666666 0.5774814814814815 0.008010416666666667 0.02486111111111111
1 0.18992708333333336 0.4141018518518519 0.009760416666666666 0.019555555555555555
0 0.256859375 0.29816666666666664 0.009838541666666667 0.014185185185185186
0 0.601625 0.4499537037037037 0.015947916666666666 0.018194444444444444
1 0.22762500000000002 0.7215 0.009541666666666667 0.029361111111111112
1 0.19121354166666665 0.5439722222222222 0.005760416666666667 0.022222222222222223
1 0.35233854166666667 0.665324074074074 0.013770833333333335 0.01715740740740741
1 0.19083333333333333 0.6562314814814815 0.00653125 0.02823148148148148
1 0.35008854166666664 0.6045740740740742 0.029604166666666668 0.052203703703703704
1 0.3778802083333333 0.5973703703703703 0.02666666666666667 0.05450925925925926
0 0.5457708333333334 0.6784074074074073 0.03741666666666667 0.0898888888888889
0 0.6215364583333333 0.7672592592592592 0.022171875 0.045009259259259256
0 0.6429427083333333 0.8054722222222221 0.024088541666666668 0.034324074074074076
0 0.5890104166666668 0.7154166666666667 0.024427083333333332 0.04073148148148149
0 0.6883541666666667 0.9144074074074073 0.023677083333333335 0.04367592592592593
0 0.7141041666666667 0.9706851851851851 0.02865625 0.05418518518518519
0 0.7300677083333333 0.6692685185185184 0.015947916666666666 0.03096296296296296
0 0.7056406249999999 0.6172777777777777 0.019760416666666666 0.02663888888888889
0 0.6831822916666667 0.5763888888888888 0.015604166666666667 0.022157407407407407
0 0.69340625 0.5965185185185186 0.014567708333333334 0.01651851851851852
0 0.682703125 0.5611481481481481 0.016 0.02611111111111111
0 0.6684427083333334 0.5483888888888889 0.016697916666666666 0.027157407407407404
0 0.658625 0.5290925925925926 0.015411458333333333 0.03205555555555555
0 0.24804166666666666 0.2679537037037037 0.010947916666666667 0.025555555555555557
0 0.27227083333333335 0.2897685185185185 0.004713541666666667 0.013620370370370371
0 0.5766354166666667 0.4323148148148148 0.018427083333333334 0.02052777777777778
1 0.20252083333333332 0.6031759259259258 0.007427083333333333 0.02537962962962963
1 0.21810416666666665 0.4586388888888889 0.014635416666666668 0.03060185185185185
1 0.18524479166666669 0.44177777777777777 0.0048020833333333336 0.017694444444444443
1 0.20021875 0.2786018518518518 0.013161458333333332 0.01872222222222222