1 0.41585937500000003 0.683787037037037 0.018307291666666666 0.025944444444444444
0 0.7085312500000001 0.6226296296296296 0.030161458333333332 0.03565740740740741
1 0.39947916666666666 0.7758518518518518 0.019098958333333336 0.03566666666666667
0 0.5923125 0.817212962962963 0.04639583333333333 0.08881481481481482
1 0.20884895833333333 0.7248611111111112 0.004859375 0.03050925925925926
1 0.227109375 0.6181481481481482 0.017354166666666667 0.024462962962962964
0 0.6705052083333333 0.5531944444444444 0.01973958333333333 0.02485185185185185
1 0.44703645833333333 0.9798518518518519 0.023364583333333334 0.034870370370370364
1 0.516875 0.8895185185185185 0.04783333333333333 0.08387962962962964
1 0.191796875 0.3895648148148148 0.006598958333333333 0.01930555555555556
1 0.20439583333333333 0.5874166666666666 0.008286458333333333 0.024981481481481483
1 0.4282708333333333 0.8743888888888889 0.02735416666666667 0.03342592592592593
1 0.3766666666666667 0.7012962962962963 0.014223958333333333 0.0202962962962963
1 0.21055729166666665 0.9852592592592592 0.007510416666666667 0.02947222222222222
1 0.21380729166666665 0.9898148148148148 0.013135416666666667 0.01948148148148148
1 0.24497395833333335 0.9625555555555555 0.027869791666666664 0.032962962962962965
1 0.20786979166666666 0.37577777777777777 0.005145833333333334 0.019953703703703703
0 0.52984375 0.4078333333333333 0.016286458333333333 0.01437962962962963
0 0.6243020833333334 0.9239259259259259 0.041317708333333335 0.09319444444444445
0 0.8571666666666666 0.8971944444444445 0.024057291666666664 0.05510185185185185
0 0.9125052083333334 0.9052407407407407 0.009760416666666666 0.035638888888888894
0 0.8109322916666667 0.7335648148148148 0.011036458333333334 0.03176851851851852
0 0.7207760416666668 0.6557407407407407 0.017723958333333335 0.021194444444444446
0 0.6874635416666667 0.5879444444444445 0.01765625 0.030685185185185187
0 0.6330208333333334 0.49643518518518515 0.017317708333333334 0.03362037037037037
0 0.653828125 0.4737314814814815 0.006833333333333333 0.02588888888888889
0 0.6125 0.4542037037037037 0.029265625 0.032259259259259265
0 0.55146875 0.41315740740740736 0.017432291666666665 0.02200925925925926
0 0.5714947916666666 0.42737037037037034 0.016989583333333332 0.015212962962962963
0 0.5886197916666667 0.4387407407407407 0.013651041666666667 0.01400925925925926
0 0.24808333333333332 0.2655740740740741 0.013635416666666667 0.024055555555555556
0 0.26084375 0.2972222222222222 0.018687500000000003 0.028185185185185185
0 0.277984375 0.3097592592592593 0.011343750000000001 0.023675925925925927
1 0.19611458333333334 0.4879907407407407 0.007895833333333333 0.02376851851851852
1 0.198578125 0.7611018518518519 0.0073281250000000004 0.029092592592592594
1 0.21019791666666665 0.8471759259259259 0.009171875 0.020935185185185185
1 0.19903645833333333 0.9322870370370371 0.00903125 0.03562962962962963