1 0.19931770833333334 0.5545833333333334 0.01896875 0.04100925925925926
1 0.23404687500000002 0.8112314814814815 0.024333333333333332 0.04714814814814815
1 0.21544270833333332 0.44104629629629627 0.016708333333333332 0.023064814814814816
1 0.18645833333333334 0.36412962962962964 0.004526041666666666 0.016981481481481483
1 0.20769791666666665 0.33178703703703705 0.012484374999999999 0.021166666666666667
1 0.1870520833333333 0.27873148148148147 0.00359375 0.01274074074074074
1 0.19458854166666667 0.2851388888888889 0.004583333333333333 0.010518518518518517
1 0.20088541666666665 0.23787962962962966 0.00309375 0.009925925925925927
1 0.18844270833333335 0.20822222222222223 0.007786458333333333 0.010712962962962964
1 0.19454687499999998 0.12001851851851852 0.006609375 0.01087962962962963
1 0.20289583333333333 0.20229629629629628 0.005703125 0.017648148148148145
0 0.244125 0.2859814814814815 0.007161458333333333 0.013462962962962963
0 0.2485 0.2732777777777778 0.012973958333333334 0.00935185185185185
0 0.2558489583333333 0.28944444444444445 0.006729166666666666 0.01037037037037037
0 0.26171875 0.273037037037037 0.0050104166666666665 0.01387962962962963
0 0.2695104166666667 0.2796296296296296 0.0036875000000000002 0.012018518518518519
0 0.25957291666666665 0.2524537037037037 0.004942708333333334 0.016537037037037038
0 0.26585416666666667 0.24819444444444447 0.0057395833333333335 0.010518518518518517
0 0.26077083333333334 0.22189814814814815 0.0038177083333333335 0.010527777777777777
0 0.24739583333333334 0.20150925925925925 0.010963541666666667 0.012314814814814815
0 0.2762291666666667 0.30377777777777776 0.005416666666666667 0.015240740740740742
0 0.2846614583333333 0.30799074074074073 0.002994791666666667 0.013657407407407408
0 0.2891822916666667 0.31456481481481485 0.006984375 0.01677777777777778
0 0.38281770833333334 0.35000925925925924 0.022510416666666665 0.022555555555555554
0 0.44435416666666666 0.3702962962962963 0.02371875 0.023046296296296297
0 0.523734375 0.3953611111111111 0.020468749999999997 0.024342592592592593
0 0.5621562499999999 0.4182962962962963 0.020536458333333334 0.02388888888888889
0 0.6440572916666666 0.5056759259259259 0.020223958333333333 0.047129629629629625
0 0.627875 0.4806388888888889 0.017442708333333334 0.029611111111111112
0 0.609890625 0.4584537037037037 0.018104166666666664 0.027824074074074074
0 0.584796875 0.43775 0.02003125 0.026481481481481484
0 0.6698385416666667 0.545074074074074 0.01965625 0.03701851851851851
0 0.6852291666666667 0.5765462962962963 0.017885416666666668 0.021074074074074075
0 0.7016354166666667 0.6065833333333334 0.017468749999999998 0.02603703703703704
0 0.7386874999999999 0.6111944444444445 0.006765625 0.024
0 0.7179583333333334 0.5615462962962964 0.004557291666666667 0.02362037037037037
0 0.7018958333333334 0.5349722222222222 0.005682291666666667 0.020555555555555556
0 0.68909375 0.5202037037037037 0.005229166666666666 0.017333333333333333
0 0.8560416666666666 0.8023611111111111 0.007322916666666667 0.031907407407407405
0 0.87209375 0.9224074074074075 0.027598958333333333 0.05912037037037037
1 0.4336770833333333 0.8306481481481481 0.021541666666666667 0.03869444444444444
1 0.38055729166666663 0.7108518518518518 0.021020833333333332 0.03478703703703704
1 0.35766145833333335 0.6628518518518518 0.018119791666666666 0.029518518518518517
1 0.36873958333333334 0.6371944444444444 0.015375 0.026083333333333333
1 0.3362604166666667 0.6087777777777778 0.01334375 0.020935185185185185
1 0.35105729166666666 0.6214907407407407 0.014588541666666668 0.018000000000000002
1 0.240234375 0.9529444444444445 0.026369791666666666 0.04017592592592593
1 0.18444270833333334 0.9241296296296296 0.007588541666666667 0.019722222222222224