1 0.38284375 0.717037037037037 0.016666666666666666 0.02837962962962963
1 0.19004166666666666 0.3041296296296296 0.004864583333333334 0.02187037037037037
1 0.20505729166666667 0.2928425925925926 0.016515625 0.014472222222222223
1 0.38056770833333337 0.6266851851851852 0.024916666666666667 0.021583333333333333
1 0.18222395833333332 0.5895462962962963 0.006713541666666667 0.03161111111111111
1 0.193453125 0.5562037037037038 0.00725 0.017916666666666668
1 0.191703125 0.9560092592592593 0.009937499999999998 0.03766666666666667
1 0.4019270833333334 0.6964722222222223 0.021234375000000003 0.027620370370370368
1 0.40710416666666666 0.6919537037037037 0.020791666666666667 0.028009259259259258
1 0.22616145833333334 0.5328518518518519 0.01665625 0.021268518518518516
0 0.5174427083333334 0.6855370370370371 0.020848958333333334 0.02049074074074074
1 0.37083333333333335 0.6658796296296297 0.0149375 0.01573148148148148
1 0.2163125 0.6878333333333333 0.0090625 0.021175925925925928
1 0.18880729166666665 0.6742870370370371 0.007130208333333333 0.03371296296296296
1 0.20401041666666667 0.66575 0.009192708333333332 0.028694444444444443
1 0.19725520833333335 0.6332407407407408 0.007098958333333334 0.025064814814814814
1 0.20108333333333334 0.5750462962962962 0.008276041666666668 0.025092592592592593
1 0.18677604166666667 0.5086203703703703 0.005098958333333333 0.02026851851851852
1 0.1968177083333333 0.4977592592592593 0.007994791666666666 0.021925925925925925
1 0.20911979166666667 0.504 0.008458333333333333 0.024277777777777777
1 0.22727604166666668 0.5035462962962963 0.008723958333333334 0.023370370370370368
1 0.20078125 0.5312314814814815 0.00684375 0.01612037037037037
1 0.18672916666666667 0.45572222222222225 0.007182291666666666 0.019212962962962963
1 0.20135416666666667 0.46005555555555555 0.007729166666666666 0.02548148148148148
1 0.19000520833333334 0.3987777777777778 0.004786458333333333 0.020925925925925928
1 0.1995 0.4109166666666667 0.0066927083333333335 0.02352777777777778
1 0.20738020833333334 0.3573425925925926 0.013291666666666667 0.01751851851851852
1 0.19086979166666668 0.34532407407407406 0.0031302083333333334 0.01637037037037037
1 0.17922916666666666 0.32537037037037037 0.002875 0.013777777777777778
1 0.18053125 0.2860925925925926 0.0048020833333333336 0.014694444444444444
0 0.7386250000000001 0.66825 0.030546874999999998 0.04331481481481481
0 0.6921302083333334 0.583324074074074 0.025604166666666664 0.04443518518518519
0 0.8538333333333333 0.8054629629629629 0.011046875000000001 0.02514814814814815
0 0.5736510416666667 0.42520370370370375 0.024348958333333334 0.030435185185185183
0 0.48715625 0.6374074074074074 0.017249999999999998 0.05268518518518518
1 0.4878854166666667 0.8030277777777778 0.009276041666666667 0.03232407407407407
1 0.2014375 0.7584166666666667 0.008244791666666666 0.03462037037037037
1 0.18291145833333333 0.2753888888888889 0.0034739583333333332 0.018583333333333334