0 0.6134114583333333 0.7794814814814816 0.048317708333333334 0.05856481481481481
1 0.22530729166666666 0.5966296296296296 0.017348958333333334 0.029722222222222223
1 0.4988958333333333 0.9573425925925927 0.048078125 0.08168518518518518
1 0.2243125 0.6841944444444444 0.01671875 0.01637962962962963
1 0.4313125 0.9023703703703703 0.027208333333333334 0.04215740740740741
0 0.6633385416666666 0.8899074074074075 0.05465104166666667 0.09891666666666667
1 0.216328125 0.7422777777777777 0.010135416666666668 0.02259259259259259
1 0.22393749999999998 0.7059907407407408 0.017255208333333334 0.02234259259259259
1 0.193265625 0.6551111111111111 0.006604166666666666 0.028425925925925924
1 0.3764375 0.6027685185185185 0.013963541666666666 0.019287037037037037
1 0.191296875 0.5826296296296296 0.009229166666666667 0.021249999999999998
1 0.18439583333333334 0.36623148148148144 0.004375 0.01897222222222222
1 0.1924375 0.3643611111111111 0.010052083333333333 0.021814814814814815
0 0.72175 0.6437407407407407 0.018213541666666666 0.03397222222222222
0 0.6951041666666666 0.6016296296296296 0.018458333333333334 0.028666666666666667
0 0.6498906249999999 0.5207870370370371 0.01816145833333333 0.02723148148148148
1 0.18548958333333332 0.5452592592592592 0.005817708333333334 0.022574074074074073
1 0.19808333333333333 0.5357962962962962 0.004796875000000001 0.023268518518518518
1 0.21120833333333333 0.5193148148148148 0.0047708333333333335 0.02386111111111111
1 0.18563541666666666 0.4467314814814815 0.0035260416666666665 0.02178703703703704
1 0.19448958333333335 0.4383148148148148 0.002765625 0.01872222222222222
1 0.17742708333333335 0.31786111111111115 0.0037239583333333335 0.014768518518518518
1 0.18876041666666668 0.3041296296296296 0.004625000000000001 0.01686111111111111
1 0.217828125 0.48257407407407404 0.016958333333333336 0.02125925925925926
1 0.19223437499999999 0.7195277777777778 0.007750000000000001 0.02289814814814815
1 0.41036979166666665 0.8255277777777779 0.021255208333333334 0.033324074074074075
0 0.3467708333333333 0.6155925925925926 0.02321875 0.04231481481481482
0 0.2454583333333333 0.24844444444444444 0.009026041666666667 0.01762962962962963
0 0.25721354166666666 0.2125 0.0036093749999999997 0.011564814814814814
0 0.25155208333333334 0.2871851851851852 0.010807291666666666 0.012842592592592591
0 0.3452083333333333 0.42306481481481484 0.013000000000000001 0.0275