3 0.38929687500000004 0.11164814814814815 0.06808333333333333 0.09241666666666667
2 0.763953125 0.7364814814814815 0.074546875 0.09416666666666666
2 0.5320052083333333 0.36171296296296296 0.019432291666666667 0.04669444444444444
2 0.6536666666666666 0.46033333333333337 0.018322916666666668 0.05216666666666667
2 0.7271927083333334 0.5926111111111111 0.020916666666666663 0.06896296296296296
3 0.39175 0.08792592592592592 0.070328125 0.055481481481481486
2 0.15276041666666668 0.10736111111111112 0.010677083333333334 0.024388888888888887
2 0.31336458333333334 0.2544259259259259 0.08505729166666667 0.11996296296296297
2 0.28377083333333336 0.1610462962962963 0.043468749999999994 0.03264814814814815
3 0.9880260416666666 0.2871111111111111 0.023953125000000002 0.03787037037037037
3 0.4378854166666667 0.2005462962962963 0.046625 0.03214814814814815
2 0.5960833333333333 0.7751388888888888 0.03353125 0.09657407407407408
2 0.3061302083333333 0.8484722222222223 0.0428125 0.07040740740740742