2 0.5119114583333333 0.44233333333333336 0.055078125 0.08528703703703704
2 0.5822239583333333 0.41559259259259257 0.054302083333333334 0.05957407407407408
2 0.32921354166666666 0.23910185185185187 0.011744791666666667 0.04317592592592593
2 0.7219010416666667 0.7728518518518518 0.09303645833333334 0.09228703703703704
2 0.6988229166666666 0.6526388888888889 0.016536458333333334 0.0924537037037037
2 0.7562395833333333 0.5961203703703704 0.052572916666666664 0.10462037037037036
2 0.27186458333333335 0.9552222222222223 0.13125 0.08955555555555555
2 0.34774999999999995 0.8454351851851852 0.045723958333333335 0.07925925925925925
3 0.6431666666666668 0.2117037037037037 0.117484375 0.12513888888888888
3 0.7555833333333334 0.30206481481481484 0.054968750000000004 0.05375
3 0.8469479166666667 0.33275 0.08197395833333333 0.11346296296296297
3 0.9643906250000001 0.35487037037037034 0.07122395833333334 0.10332407407407408
3 0.33188541666666665 0.06291666666666666 0.04922395833333334 0.07805555555555556
3 0.2701822916666667 0.033685185185185186 0.03519270833333333 0.057490740740740745
3 0.3800364583333333 0.10757407407407409 0.029651041666666666 0.03388888888888889