3 0.4915729166666667 0.14987037037037038 0.096859375 0.13382407407407407
3 0.970859375 0.524824074074074 0.05697916666666667 0.06926851851851852
3 0.3352864583333333 0.06042592592592593 0.12365104166666667 0.10597222222222223
3 0.7582135416666667 0.31401851851851853 0.13661458333333334 0.11890740740740739
3 0.970015625 0.37110185185185185 0.05996354166666666 0.17344444444444443
3 0.23459375000000002 0.02962962962962963 0.071640625 0.058305555555555555
3 0.16650520833333332 0.016185185185185184 0.046125 0.03237037037037037
2 0.780640625 0.6416018518518518 0.050734375 0.08369444444444445
3 0.6173593749999999 0.20601851851851852 0.14103645833333334 0.1246388888888889
3 0.7096666666666667 0.3638148148148148 0.055171875 0.04473148148148148
2 0.10844791666666667 0.09189814814814815 0.028791666666666667 0.02752777777777778
3 0.9715520833333334 0.5051481481481481 0.056890625 0.03175
3 0.18002083333333332 0.01875925925925926 0.09284374999999999 0.03621296296296296
3 0.8004374999999999 0.41741666666666666 0.04011458333333333 0.04780555555555556
3 0.8991510416666666 0.4752222222222222 0.053515625 0.05229629629629629
2 0.29905208333333333 0.6782777777777778 0.226546875 0.2701388888888889
2 0.1953125 0.14241666666666666 0.008677083333333334 0.03175
2 0.5942916666666667 0.8379629629629629 0.1048125 0.09567592592592593
2 0.34397916666666667 0.9414351851851852 0.07858333333333332 0.102