3 0.4987447916666667 0.15280555555555556 0.10413541666666666 0.11551851851851852
3 0.6605520833333334 0.23693518518518517 0.1300625 0.11822222222222223
2 0.7606666666666667 0.5641111111111111 0.060822916666666664 0.0626388888888889
3 0.8235572916666667 0.3187314814814815 0.18209895833333334 0.10298148148148148
3 0.6314166666666666 0.3142962962962963 0.041317708333333335 0.05421296296296296
3 0.6360208333333334 0.3094074074074074 0.0321875 0.0342037037037037
2 0.7094635416666667 0.7655 0.09741145833333334 0.06892592592592592
3 0.35319791666666667 0.0905 0.14722916666666666 0.07543518518518519
2 0.44110416666666663 0.34690740740740744 0.097734375 0.18694444444444444
2 0.57578125 0.42659259259259263 0.017697916666666664 0.05625
2 0.63778125 0.4721759259259259 0.01396875 0.052203703703703704
2 0.696796875 0.5226759259259259 0.01746354166666667 0.07701851851851853
2 0.7946458333333334 0.6590833333333332 0.049171875 0.0627037037037037
2 0.6987083333333334 0.6679907407407407 0.0125 0.07027777777777779
2 0.6651041666666667 0.6781018518518519 0.012135416666666668 0.07876851851851852
2 0.6309166666666666 0.7432685185185185 0.024140625000000002 0.09923148148148149
2 0.30264062500000005 0.22406481481481483 0.011979166666666667 0.04087037037037037
2 0.24296354166666667 0.1802222222222222 0.01128125 0.04547222222222222
2 0.20518229166666666 0.1457962962962963 0.009885416666666667 0.03523148148148148
2 0.08785416666666666 0.07479629629629629 0.020791666666666667 0.030925925925925926
3 0.26530729166666667 0.042527777777777775 0.042791666666666665 0.07626851851851853
3 0.20714583333333333 0.06257407407407407 0.008875 0.025537037037037035
3 0.16640625 0.013925925925925925 0.043578125 0.027842592592592592
3 0.44076041666666665 0.18251851851851852 0.008864583333333334 0.03395370370370371
2 0.7345052083333333 0.6264814814814815 0.019536458333333333 0.0684074074074074
2 0.2807604166666666 0.863175925925926 0.05413020833333334 0.06917592592592592
2 0.317046875 0.866175925925926 0.05017708333333334 0.06485185185185185