3 0.661953125 0.4251111111111111 0.05883333333333333 0.06335185185185185
3 0.5730520833333334 0.17423148148148146 0.11055208333333333 0.09324074074074075
3 0.3592916666666667 0.20350000000000001 0.04165625 0.04788888888888889
3 0.6135520833333333 0.3798888888888889 0.06895312499999999 0.0718425925925926
3 0.38829166666666665 0.22830555555555554 0.036765625 0.049324074074074076
3 0.26013020833333333 0.14675925925925926 0.039677083333333335 0.04178703703703704
3 0.3489895833333333 0.19766666666666666 0.04471354166666666 0.035583333333333335
2 0.21211458333333333 0.14714814814814814 0.02908854166666667 0.03169444444444444
3 0.38551562500000003 0.22446296296296295 0.028463541666666665 0.030129629629629628
2 0.5042604166666667 0.5081018518518519 0.09359374999999999 0.2044814814814815
2 0.3725520833333333 0.8213425925925926 0.022885416666666665 0.0840462962962963
2 0.76925 0.6278055555555555 0.04196875 0.08586111111111111
3 0.7812760416666666 0.4876111111111111 0.05560416666666667 0.07708333333333334
3 0.8472708333333333 0.5459259259259259 0.04697395833333333 0.09801851851851852
3 0.96484375 0.6119074074074075 0.0703125 0.08492592592592592
3 0.7050625 0.2526388888888889 0.13234375 0.14725
3 0.860953125 0.3363333333333333 0.098640625 0.12327777777777776
3 0.43751562499999996 0.2596759259259259 0.033177083333333336 0.04260185185185185
3 0.4797291666666667 0.28928703703703706 0.037598958333333335 0.05171296296296297
3 0.52703125 0.3249166666666667 0.044598958333333334 0.059296296296296305
3 0.22409375 0.11437962962962964 0.026880208333333332 0.03100925925925926
3 0.206078125 0.10503703703703704 0.027421875 0.03263888888888889
3 0.187140625 0.0910648148148148 0.02763541666666667 0.0317962962962963
3 0.17021354166666666 0.07737037037037037 0.024255208333333333 0.0315
3 0.15411458333333333 0.0405925925925926 0.02025 0.02700925925925926
3 0.3071302083333334 0.16787962962962963 0.032203125 0.04184259259259259
3 0.2847864583333333 0.04425 0.06015625 0.08649074074074074
3 0.36128645833333334 0.07743518518518518 0.049937499999999996 0.07052777777777777
3 0.457265625 0.1216388888888889 0.08093229166666666 0.09166666666666666