3 0.7103437499999999 0.33658333333333335 0.028140625 0.05627777777777778
3 0.34006770833333333 0.1270740740740741 0.010401041666666666 0.030546296296296297
3 0.5352395833333333 0.2563796296296296 0.03843229166666667 0.046648148148148154
3 0.37454166666666666 0.14591666666666667 0.015453125000000002 0.045537037037037036
3 0.4599479166666667 0.19387037037037036 0.017697916666666664 0.04984259259259259
3 0.37852604166666665 0.1415648148148148 0.019140625 0.03224074074074074
3 0.171421875 0.020833333333333332 0.005458333333333333 0.023018518518518518
3 0.18532291666666667 0.030740740740740742 0.007953125 0.02484259259259259
3 0.20013020833333334 0.03587962962962963 0.0057395833333333335 0.027398148148148147
3 0.4294895833333333 0.20187962962962963 0.03634375 0.0427037037037037
3 0.5138489583333333 0.21134259259259258 0.012078125 0.03975
3 0.2883802083333334 0.043694444444444445 0.058921875 0.08277777777777778