3 0.5569427083333333 0.34442592592592597 0.060812500000000005 0.05296296296296297
3 0.9032864583333333 0.5899074074074074 0.06736458333333334 0.0745
3 0.7135052083333334 0.3439537037037037 0.032125 0.048407407407407406
3 0.7728958333333333 0.3943611111111111 0.05972916666666667 0.05756481481481482
3 0.9848541666666667 0.48589814814814813 0.030260416666666668 0.05225
3 0.9309999999999999 0.44610185185185186 0.029151041666666665 0.051305555555555556
3 0.6884270833333334 0.4381203703703704 0.05591666666666666 0.045398148148148146
3 0.6225364583333334 0.37199074074074073 0.092171875 0.052314814814814814
3 0.892671875 0.4456296296296296 0.024932291666666665 0.04387962962962963
3 0.38302604166666665 0.1527037037037037 0.015182291666666665 0.035398148148148144
3 0.23469270833333333 0.12606481481481482 0.0418125 0.04173148148148148
3 0.653265625 0.4053981481481481 0.05726041666666667 0.03949999999999999
3 0.33753124999999995 0.19673148148148148 0.030708333333333334 0.04167592592592592
3 0.35708333333333336 0.1241111111111111 0.009692708333333333 0.03225
3 0.33957291666666667 0.1218425925925926 0.0059791666666666665 0.029944444444444447
3 0.31672395833333333 0.10912962962962963 0.006619791666666667 0.03234259259259259
3 0.2161614583333333 0.0500462962962963 0.007135416666666667 0.02662037037037037
3 0.19452083333333334 0.03439814814814815 0.006432291666666667 0.0265
3 0.165546875 0.03493518518518518 0.009229166666666667 0.03648148148148148
3 0.4822239583333333 0.29353703703703704 0.0449375 0.05742592592592593
3 0.7381197916666667 0.47333333333333333 0.04896875 0.07917592592592593
3 0.7923125 0.4996574074074074 0.050458333333333334 0.07375000000000001
3 0.8517291666666666 0.5396481481481482 0.06388020833333334 0.08247222222222221