3 0.7481875 0.24283333333333332 0.12543229166666667 0.12430555555555556
3 0.38847916666666665 0.08805555555555555 0.11768229166666666 0.07833333333333332
3 0.9046145833333333 0.3603240740740741 0.08006770833333333 0.07583333333333334
3 0.6254062499999999 0.2068611111111111 0.0811875 0.06799999999999999
2 0.5160989583333333 0.37515740740740744 0.05201041666666666 0.04533333333333334
2 0.7730208333333334 0.6276111111111111 0.050145833333333334 0.08182407407407408
2 0.7376770833333333 0.6852962962962963 0.01828645833333333 0.07477777777777778
2 0.6582447916666666 0.6900925925925926 0.0175 0.07785185185185185
2 0.6321822916666666 0.7070833333333333 0.024874999999999998 0.08449074074074074
2 0.6111197916666666 0.751 0.029625000000000002 0.08506481481481482
2 0.5500781250000001 0.7856111111111111 0.038057291666666666 0.10595370370370372
2 0.3450833333333333 0.8494074074074074 0.0381875 0.0735
2 0.2799947916666667 0.22330555555555553 0.012869791666666667 0.03768518518518519
2 0.13523958333333336 0.11292592592592592 0.006760416666666667 0.03311111111111111
2 0.07395833333333333 0.08112962962962963 0.010317708333333333 0.026824074074074073
3 0.14759895833333334 0.06771296296296296 0.025619791666666666 0.03253703703703704
3 0.30318229166666666 0.16877777777777778 0.03789583333333334 0.0510462962962963
3 0.4315 0.2619259259259259 0.04253645833333333 0.04719444444444444
3 0.5524479166666667 0.19360185185185186 0.03828125 0.04078703703703703
3 0.4848697916666667 0.15650925925925926 0.03352083333333333 0.04083333333333333
3 0.26564062499999996 0.02846296296296296 0.033734375 0.05157407407407408
3 0.30397916666666663 0.049851851851851856 0.03669791666666666 0.05156481481481481
3 0.239328125 0.02623148148148148 0.01984375 0.023712962962962963
3 0.21299479166666666 0.012898148148148148 0.04991145833333333 0.02578703703703704
3 0.9647447916666666 0.588 0.070515625 0.06628703703703705
3 0.984640625 0.6301296296296296 0.030723958333333336 0.052833333333333336