3 0.49470833333333336 0.2268703703703704 0.05009895833333333 0.028342592592592593
3 0.4595625 0.21330555555555555 0.045421874999999994 0.030111111111111113
2 0.6025520833333334 0.8229814814814815 0.12261979166666667 0.05824074074074074
2 0.7972239583333334 0.6964537037037036 0.07314583333333333 0.09215740740740741
3 0.5288333333333334 0.2553796296296296 0.052140625 0.03542592592592592
3 0.5804583333333333 0.26408333333333334 0.043770833333333335 0.02987037037037037
3 0.653109375 0.3238240740740741 0.06071354166666666 0.054092592592592595
2 0.12074479166666667 0.9208148148148149 0.09586979166666666 0.08455555555555555
3 0.37979687500000003 0.15953703703703706 0.05984375 0.034574074074074077
2 0.6083697916666666 0.44454629629629633 0.016072916666666666 0.051138888888888887
2 0.5823437499999999 0.4139351851851852 0.022447916666666668 0.04594444444444444
3 0.9522447916666666 0.49907407407407406 0.06958333333333333 0.038537037037037036
2 0.8329166666666666 0.607 0.053609375 0.08163888888888889
2 0.12787500000000002 0.09766666666666667 0.010796875000000001 0.031074074074074077
2 0.64253125 0.4365462962962963 0.016557291666666665 0.04973148148148148
3 0.41699479166666664 0.18700925925925926 0.05181770833333333 0.027694444444444445
2 0.5051302083333333 0.3774351851851852 0.017067708333333334 0.031518518518518515
2 0.7415729166666666 0.6593240740740741 0.018651041666666666 0.0703425925925926
2 0.3414114583333333 0.9097870370370371 0.10219270833333334 0.08
2 0.5409635416666667 0.3911759259259259 0.020192708333333333 0.03677777777777778
2 0.4094166666666667 0.27724074074074073 0.017161458333333334 0.043250000000000004
3 0.7005260416666667 0.3488425925925926 0.05266666666666667 0.036537037037037035
2 0.326875 0.8329166666666666 0.027067708333333333 0.0638611111111111
2 0.7036927083333333 0.5063703703703704 0.01584375 0.053342592592592594
2 0.7050052083333332 0.6515833333333334 0.020161458333333333 0.07487037037037036
3 0.28843749999999996 0.11323148148148149 0.026151041666666666 0.02451851851851852
3 0.38467187500000005 0.15477777777777776 0.03578645833333333 0.02477777777777778
2 0.16088541666666664 0.1011574074074074 0.03966145833333334 0.03308333333333333
2 0.6113072916666666 0.3809444444444445 0.01923958333333333 0.039074074074074074
2 0.24445312500000002 0.17942592592592593 0.09029166666666667 0.12195370370370372
3 0.7466770833333333 0.37443518518518515 0.06233333333333334 0.04329629629629629
2 0.7510520833333333 0.47364814814814815 0.019963541666666664 0.06287962962962963
3 0.7983333333333333 0.42269444444444443 0.059125 0.04086111111111111
3 0.8088229166666667 0.37401851851851853 0.019781249999999997 0.042583333333333334
2 0.41419791666666667 0.27089814814814817 0.012479166666666668 0.041777777777777775
3 0.3588854166666666 0.16077777777777777 0.04811979166666667 0.03462037037037037
2 0.37094791666666665 0.2562037037037037 0.011729166666666667 0.023851851851851853
3 0.9881875 0.2870462962962963 0.023630208333333333 0.03860185185185185
2 0.989375 0.7217222222222223 0.021249999999999998 0.09501851851851852
2 0.529 0.33061111111111113 0.051973958333333334 0.05500925925925926
3 0.371734375 0.22374074074074074 0.035265624999999995 0.028935185185185185
2 0.31411979166666665 0.23672222222222222 0.04190625 0.10062962962962964
3 0.349984375 0.2333611111111111 0.01403125 0.024009259259259258
3 0.7204791666666667 0.35341666666666666 0.09822916666666666 0.044787037037037035
2 0.172609375 0.12583333333333332 0.005916666666666666 0.02736111111111111
2 0.10242187500000001 0.07969444444444444 0.004916666666666666 0.023935185185185188
2 0.123546875 0.08655555555555557 0.005479166666666666 0.022611111111111113
2 0.5703177083333333 0.33475925925925926 0.013125 0.0509537037037037
2 0.5829062500000001 0.7646574074074074 0.08486979166666667 0.1022962962962963