2 0.8368229166666666 0.5999814814814814 0.05997916666666667 0.07603703703703704
3 0.6633489583333334 0.3371388888888889 0.05263020833333333 0.047453703703703706
2 0.552375 0.7662222222222222 0.05696875 0.07541666666666667
3 0.8195364583333333 0.42083333333333334 0.058104166666666665 0.04025
3 0.7115260416666668 0.36448148148148146 0.05410416666666666 0.03768518518518519
3 0.6192447916666667 0.3024444444444444 0.0495 0.04357407407407408
3 0.7748802083333334 0.3706203703703704 0.050854166666666666 0.04434259259259259
2 0.5241458333333333 0.3720925925925926 0.026197916666666664 0.05219444444444444
2 0.32809375 0.21700925925925926 0.016182291666666668 0.04041666666666666
2 0.45401562500000003 0.3229259259259259 0.0234375 0.04401851851851852
3 0.9638333333333333 0.5343055555555555 0.06092708333333333 0.033074074074074075
2 0.7259427083333333 0.6093703703703703 0.022234374999999997 0.06580555555555555
3 0.9430885416666667 0.49938888888888894 0.04811979166666667 0.03175
3 0.36148437499999997 0.1552222222222222 0.04091145833333333 0.04016666666666667
3 0.7601666666666667 0.3858240740740741 0.054364583333333334 0.03643518518518519
2 0.7550208333333334 0.5635833333333333 0.024677083333333336 0.053518518518518514
3 0.88328125 0.42687037037037034 0.06392708333333333 0.04986111111111111
3 0.966734375 0.49102777777777773 0.05913541666666667 0.03639814814814815
2 0.60259375 0.37992592592592594 0.0559375 0.0592037037037037
2 0.6353697916666667 0.7322685185185185 0.017812500000000002 0.08725925925925926
2 0.676453125 0.6756388888888889 0.01171875 0.0745462962962963
2 0.699203125 0.6958703703703704 0.017791666666666664 0.07844444444444444
2 0.6797760416666667 0.5039814814814815 0.01677604166666667 0.06032407407407408
2 0.6510833333333333 0.46294444444444444 0.0193125 0.0620462962962963
2 0.7578229166666667 0.6302685185185186 0.014192708333333333 0.07064814814814814
2 0.4002864583333333 0.26990740740740743 0.013848958333333333 0.04619444444444445
2 0.3534322916666667 0.2735740740740741 0.012697916666666666 0.042851851851851856
2 0.2613958333333333 0.19585185185185186 0.006880208333333334 0.03671296296296296
2 0.2825833333333333 0.19315740740740742 0.009880208333333333 0.03437037037037037
2 0.045765625000000004 0.05232407407407407 0.05158854166666667 0.03247222222222222
3 0.14874479166666665 0.030037037037037036 0.013109375000000001 0.023805555555555555
3 0.164765625 0.03654629629629629 0.020109375 0.028037037037037037
3 0.18554166666666666 0.04883333333333333 0.019005208333333336 0.025685185185185182
3 0.20516145833333335 0.0612037037037037 0.026453125 0.021833333333333333
3 0.22969791666666667 0.07800925925925926 0.022817708333333336 0.016999999999999998
3 0.25078125 0.08837037037037036 0.027015624999999998 0.019574074074074074
3 0.27219791666666665 0.10221296296296296 0.026838541666666667 0.02087962962962963
3 0.29438020833333334 0.11807407407407407 0.024817708333333334 0.021277777777777777
3 0.3112447916666667 0.1280277777777778 0.011182291666666667 0.02415740740740741
3 0.33818750000000003 0.14546296296296296 0.020354166666666666 0.04033333333333333
3 0.34791666666666665 0.11969444444444445 0.02841145833333333 0.019037037037037036
3 0.3207864583333333 0.10526851851851851 0.0270625 0.02535185185185185
3 0.2927135416666667 0.09062962962962963 0.026864583333333334 0.031231481481481478
3 0.26954687499999996 0.0785462962962963 0.021333333333333333 0.021916666666666668
3 0.25419270833333335 0.0676574074074074 0.019994791666666668 0.01825925925925926
3 0.23591666666666666 0.05893518518518518 0.017442708333333334 0.022805555555555555
3 0.217359375 0.048796296296296296 0.019281250000000003 0.02725925925925926
3 0.19791666666666666 0.03788888888888889 0.019338541666666667 0.024120370370370372
3 0.39026562499999995 0.17793518518518517 0.026619791666666667 0.03438888888888889
3 0.410875 0.19125925925925927 0.02765625 0.024685185185185185
3 0.43749479166666666 0.2045833333333333 0.035953125 0.038796296296296294
3 0.470828125 0.22885185185185186 0.04130729166666667 0.037314814814814815
3 0.511609375 0.24464814814814817 0.041041666666666664 0.03704629629629629
3 0.5481354166666667 0.2677037037037037 0.037848958333333335 0.03533333333333333
3 0.8225781249999999 0.3964814814814815 0.051390625 0.06485185185185185
3 0.7249791666666667 0.3351296296296296 0.04908333333333333 0.06467592592592591
3 0.6763541666666666 0.31373148148148144 0.044875 0.045518518518518514
3 0.640578125 0.2859351851851852 0.043182291666666664 0.050916666666666666
3 0.591359375 0.26146296296296295 0.03685416666666667 0.04262962962962963
3 0.5597031250000001 0.24785185185185185 0.033505208333333335 0.0390462962962963
3 0.519140625 0.2228148148148148 0.034609375000000005 0.05051851851851852
3 0.48623958333333334 0.20346296296296298 0.029083333333333336 0.03928703703703704
3 0.4551875 0.18685185185185185 0.0275625 0.03794444444444444
3 0.401890625 0.15310185185185185 0.027302083333333334 0.032
3 0.3755572916666667 0.1410462962962963 0.022546875 0.02876851851851852
2 0.124875 0.7696759259259259 0.22954166666666667 0.22846296296296298