3 0.6989270833333333 0.4392037037037037 0.05238541666666666 0.06105555555555555
3 0.6517916666666667 0.40675 0.061911458333333336 0.05673148148148149
3 0.5544843749999999 0.3466388888888889 0.061244791666666666 0.044972222222222226
2 0.5363020833333334 0.4644444444444445 0.07004687500000001 0.1439814814814815
3 0.8528958333333333 0.5526944444444444 0.06699479166666666 0.09426851851851852
3 0.5286093749999999 0.3189444444444444 0.041692708333333335 0.04489814814814815
3 0.49478645833333335 0.2990925925925926 0.03988020833333333 0.04215740740740741
3 0.4534947916666667 0.2750925925925926 0.041921875 0.047824074074074074
3 0.419328125 0.25077777777777777 0.03989583333333333 0.0484537037037037
3 0.31740104166666666 0.17400925925925925 0.027567708333333333 0.043611111111111114
3 0.271875 0.14905555555555555 0.027583333333333335 0.039453703703703706
3 0.19163541666666667 0.09856481481481481 0.02694791666666667 0.03612962962962963
3 0.13621354166666666 0.05975925925925926 0.022015625 0.02362962962962963
2 0.2048697916666667 0.15249074074074073 0.011416666666666667 0.03224074074074074
2 0.16799479166666667 0.1408425925925926 0.007880208333333335 0.03797222222222222
2 0.088390625 0.08860185185185185 0.007322916666666667 0.039074074074074074
3 0.4594739583333334 0.11777777777777779 0.078625 0.086
3 0.7044895833333332 0.2595 0.10493749999999999 0.10285185185185185
3 0.54040625 0.18382407407407408 0.13543750000000002 0.10458333333333333
3 0.8811302083333333 0.3601574074074074 0.05646875 0.045509259259259256