2 0.118421875 0.9168611111111111 0.05455729166666667 0.09606481481481481
2 0.6069114583333334 0.7343888888888889 0.028057291666666664 0.09533333333333333
2 0.7420260416666667 0.6513425925925926 0.018770833333333334 0.07429629629629629
2 0.8156197916666666 0.7024814814814815 0.08263020833333333 0.09632407407407408
2 0.8604375 0.5883981481481482 0.05420833333333333 0.09346296296296296
2 0.7192135416666667 0.5073981481481482 0.014817708333333334 0.07653703703703703
2 0.6582864583333333 0.476787037037037 0.019703125 0.052333333333333336
2 0.45498437500000005 0.29297222222222224 0.008927083333333334 0.045814814814814815
2 0.35996875 0.2594814814814815 0.011609375 0.03749074074074074
2 0.3833072916666667 0.25707407407407407 0.0079375 0.045009259259259256
2 0.4163854166666667 0.2730462962962963 0.009848958333333333 0.04300925925925926
2 0.28491666666666665 0.22105555555555556 0.07157291666666667 0.11802777777777777
2 0.36361979166666664 0.21574074074074073 0.039739583333333335 0.03641666666666667
2 0.22939062500000001 0.1291851851851852 0.028223958333333334 0.03924074074074074
2 0.16973958333333333 0.10942592592592593 0.011354166666666667 0.033666666666666664
2 0.08085416666666667 0.04544444444444444 0.008932291666666667 0.01990740740740741
2 0.11222395833333333 0.039851851851851854 0.021322916666666667 0.028324074074074074
3 0.6600416666666666 0.32669444444444445 0.05072395833333333 0.06211111111111111
3 0.9454010416666667 0.5018240740740741 0.063046875 0.0937037037037037