2 0.12276041666666666 0.05258333333333333 0.028098958333333333 0.031564814814814816
2 0.158359375 0.1260185185185185 0.011000000000000001 0.03375925925925926
2 0.22740625 0.1835185185185185 0.012307291666666666 0.03888888888888889
2 0.33218229166666663 0.24162037037037035 0.012552083333333333 0.04228703703703704
2 0.140421875 0.898212962962963 0.06089583333333334 0.09040740740740741
2 0.6383489583333334 0.7506666666666667 0.03546875 0.07674074074074073
2 0.6844427083333334 0.49713888888888885 0.01838020833333333 0.06530555555555556
2 0.7953229166666667 0.7227314814814815 0.094453125 0.09806481481481481
3 0.45326041666666667 0.13983333333333334 0.06883854166666666 0.11128703703703703
3 0.5624791666666666 0.19123148148148147 0.1055625 0.1467314814814815
3 0.7994322916666667 0.30403703703703705 0.15711979166666667 0.18899074074074076