3 0.4948385416666667 0.1504814814814815 0.09657291666666666 0.13731481481481483
3 0.6088072916666667 0.19724074074074074 0.11929687500000001 0.1160925925925926
2 0.69875 0.7843240740740741 0.095296875 0.07560185185185185
2 0.2689583333333333 0.9521388888888889 0.12771875 0.09571296296296297
2 0.5510833333333333 0.3862407407407407 0.021953125 0.05702777777777778
2 0.49915625 0.35205555555555557 0.015895833333333335 0.048768518518518524
2 0.6168489583333333 0.7392962962962963 0.029541666666666667 0.07787037037037037
3 0.9860833333333333 0.42750925925925926 0.02783333333333333 0.054907407407407405
3 0.76315625 0.304537037037037 0.08221354166666667 0.1360462962962963
3 0.3905052083333333 0.118 0.115546875 0.11171296296296297
2 0.4492083333333333 0.3347777777777778 0.015041666666666667 0.03719444444444445
3 0.2515364583333333 0.04036111111111111 0.11827604166666666 0.08071296296296296
3 0.41828645833333333 0.10997222222222222 0.061640625 0.11728703703703704
3 0.9874791666666667 0.28637037037037033 0.025036458333333334 0.03905555555555556
2 0.3540104166666667 0.2696574074074074 0.0153125 0.05165740740740741
2 0.39016666666666666 0.2704814814814815 0.014015625 0.03622222222222222
3 0.9428593749999999 0.23912037037037037 0.11428124999999999 0.13498148148148148
3 0.010119791666666666 0.2323425925925926 0.020234375000000002 0.04085185185185185
2 0.294953125 0.23628703703703705 0.013515625 0.04974074074074074
2 0.5810833333333334 0.43997222222222226 0.012859375000000001 0.0497037037037037
2 0.6151979166666667 0.4323611111111111 0.016854166666666667 0.046824074074074074
2 0.7024270833333334 0.5496574074074074 0.012489583333333333 0.06536111111111112
2 0.744609375 0.5481574074074074 0.013520833333333334 0.04385185185185185