3 0.9338645833333333 0.35880555555555554 0.12803645833333335 0.14362037037037037
3 0.516234375 0.23337037037037037 0.018546875 0.0439537037037037
3 0.9687760416666666 0.48059259259259257 0.025046875000000003 0.04075925925925926
3 0.5230989583333333 0.23364814814814816 0.02068229166666667 0.04750925925925926
2 0.02852604166666667 0.8304814814814815 0.056255208333333334 0.10032407407407407
2 0.7233020833333333 0.6195462962962963 0.014645833333333334 0.07557407407407409
3 0.6504947916666667 0.23319444444444443 0.06726562500000001 0.12277777777777778
3 0.726703125 0.27505555555555555 0.07396354166666666 0.12514814814814815
3 0.8080520833333333 0.3105740740740741 0.07650520833333332 0.14694444444444443
3 0.46975 0.19541666666666668 0.009239583333333332 0.04187037037037037
3 0.44546354166666663 0.19319444444444445 0.011843749999999998 0.04707407407407408
3 0.403328125 0.16224074074074074 0.011869791666666666 0.036537037037037035
3 0.35068229166666665 0.12394444444444445 0.005322916666666667 0.033805555555555554
3 0.8100208333333333 0.4231759259259259 0.05755729166666667 0.061731481481481484