3 0.3699375 0.21469444444444444 0.032692708333333334 0.04825925925925926
3 0.40008854166666663 0.23725925925925928 0.03471354166666667 0.035611111111111114
3 0.4286822916666667 0.25715740740740745 0.038203125 0.040574074074074075
3 0.45759375 0.2808703703703703 0.039609374999999995 0.04119444444444444
3 0.49663541666666666 0.30095370370370367 0.029906250000000002 0.03940740740740741
3 0.523640625 0.3248240740740741 0.040067708333333334 0.04437037037037037
3 0.5707708333333333 0.3525462962962963 0.053828125 0.057583333333333334
3 0.6716927083333334 0.42262962962962963 0.047864583333333335 0.06301851851851852
3 0.7173958333333333 0.44751851851851854 0.05938020833333334 0.07113888888888889
3 0.761703125 0.4858333333333334 0.05655729166666667 0.05255555555555556
3 0.8002812499999999 0.5086944444444444 0.06194270833333334 0.05402777777777778
3 0.8501145833333333 0.5488240740740741 0.060369791666666665 0.07662037037037037
3 0.9146666666666667 0.5980092592592593 0.06384375 0.07723148148148148
3 0.8770104166666666 0.4336759259259259 0.017 0.04499074074074074
3 0.8046614583333334 0.40730555555555553 0.019104166666666665 0.051638888888888894
3 0.909609375 0.4615 0.023421874999999998 0.07563888888888888
3 0.9387447916666667 0.4643148148148148 0.03386979166666667 0.09331481481481482
3 0.7454010416666667 0.2839537037037037 0.10809895833333334 0.14385185185185187
3 0.7478854166666667 0.3708703703703704 0.018020833333333333 0.0500462962962963
3 0.7338854166666666 0.35003703703703704 0.015182291666666665 0.048574074074074075
3 0.6433072916666667 0.25600925925925927 0.048989583333333336 0.060194444444444446
3 0.562515625 0.2492314814814815 0.017838541666666666 0.033546296296296296
3 0.5152187500000001 0.2514074074074074 0.010317708333333333 0.026583333333333334
3 0.510953125 0.22035185185185185 0.011802083333333333 0.025907407407407407
3 0.47760416666666666 0.21106481481481482 0.016859375 0.026601851851851852
3 0.4401510416666667 0.17741666666666667 0.020609375 0.019324074074074073
3 0.42533333333333334 0.1850925925925926 0.012109375 0.02510185185185185
3 0.24913020833333333 0.03692592592592593 0.04725 0.0738425925925926
3 0.19490625 0.05037962962962963 0.00596875 0.022527777777777775
3 0.200328125 0.04336111111111111 0.006177083333333333 0.016444444444444446
3 0.3064427083333333 0.09758333333333333 0.012385416666666668 0.027101851851851853
3 0.3413802083333334 0.13314814814814815 0.010828125 0.03883333333333333
3 0.3605052083333333 0.1390648148148148 0.00846875 0.033185185185185186
3 0.3868958333333333 0.15623148148148147 0.009911458333333335 0.025305555555555553
3 0.41024479166666666 0.16679629629629628 0.014421875 0.018694444444444444
3 0.4062708333333333 0.14997222222222223 0.008947916666666667 0.022074074074074072