2 0.12165625000000001 0.05385185185185185 0.019807291666666667 0.030638888888888893
2 0.13872395833333334 0.08618518518518518 0.007880208333333335 0.023064814814814816
2 0.15780208333333334 0.09319444444444445 0.008114583333333333 0.029861111111111113
2 0.21202083333333333 0.17067592592592593 0.014958333333333332 0.03912037037037037
2 0.25525 0.1818611111111111 0.008619791666666666 0.034999999999999996
2 0.28572395833333336 0.20490740740740743 0.009296875000000001 0.037750000000000006
2 0.39209375 0.23367592592592593 0.03509895833333333 0.0387037037037037
2 0.4200885416666667 0.29857407407407405 0.008458333333333333 0.04207407407407407
2 0.6109635416666667 0.4496759259259259 0.024468749999999997 0.060111111111111115
2 0.6520729166666667 0.473712962962963 0.0159375 0.054
2 0.6964583333333334 0.507787037037037 0.02342708333333333 0.06555555555555555
2 0.7260885416666666 0.5791759259259259 0.01834895833333333 0.07106481481481482
2 0.7020833333333333 0.6341296296296296 0.014364583333333332 0.07261111111111111
2 0.72865625 0.6712962962962963 0.021223958333333334 0.07229629629629629
2 0.6702708333333334 0.7290277777777778 0.027270833333333334 0.08541666666666667
2 0.7739635416666667 0.5670740740740742 0.019807291666666667 0.0728425925925926
2 0.7529791666666666 0.4835925925925926 0.05628125 0.06163888888888888
2 0.14416666666666667 0.9711851851851853 0.16779166666666667 0.05762037037037037
2 0.20401562499999998 0.8917685185185186 0.0456875 0.06919444444444445
2 0.251140625 0.8694722222222222 0.04232291666666667 0.0878425925925926
2 0.37109375 0.8292129629629629 0.03202083333333333 0.0835
3 0.38321354166666666 0.11489814814814815 0.045671875 0.06368518518518519
3 0.23926562499999998 0.06230555555555556 0.010182291666666668 0.03548148148148148