3 0.9686979166666667 0.51675 0.062609375 0.06119444444444445
2 0.6966197916666667 0.6694722222222222 0.022880208333333332 0.06576851851851852
2 0.5527708333333333 0.34810185185185183 0.04578645833333333 0.05060185185185185
3 0.3335 0.13777777777777778 0.03930729166666667 0.034555555555555555
3 0.29152083333333334 0.11423148148148149 0.035557291666666664 0.022537037037037036
2 0.6786666666666666 0.47625 0.01865625 0.05424074074074074
2 0.33275 0.23894444444444446 0.014750000000000001 0.04310185185185185
2 0.058812500000000004 0.8387314814814815 0.11763020833333333 0.14842592592592593
2 0.131390625 0.8021018518518518 0.22954166666666667 0.1837222222222222
3 0.429 0.16676851851851854 0.039713541666666664 0.04312962962962963
3 0.9881770833333333 0.2896944444444444 0.023640625000000002 0.03337037037037037
2 0.1713125 0.14752777777777779 0.013302083333333332 0.03047222222222222
2 0.5629270833333333 0.5284351851851852 0.08594791666666667 0.18649074074074073
2 0.5017083333333333 0.4296203703703704 0.053760416666666665 0.13393518518518518
2 0.4345364583333333 0.32533333333333336 0.09302604166666667 0.17227777777777778