3 0.97784375 0.5353703703703704 0.04431770833333334 0.062296296296296294
3 0.8817760416666667 0.42992592592592593 0.05485416666666666 0.03680555555555556
3 0.671359375 0.32355555555555554 0.08123958333333332 0.04102777777777778
3 0.6288750000000001 0.28098148148148144 0.04886458333333333 0.03540740740740741
3 0.7663958333333334 0.3669722222222222 0.05691145833333333 0.043898148148148144
3 0.5428020833333334 0.26554629629629634 0.045083333333333336 0.031101851851851856
3 0.8192604166666667 0.40047222222222223 0.059578125 0.043916666666666666
3 0.513140625 0.2249722222222222 0.06104166666666667 0.03690740740740741
2 0.556359375 0.7549351851851852 0.030322916666666665 0.07646296296296295
3 0.44033333333333335 0.2069537037037037 0.04590104166666666 0.029805555555555554
3 0.976046875 0.4804259259259259 0.04791145833333333 0.05061111111111111
3 0.343171875 0.1189537037037037 0.034859375000000005 0.020388888888888887
3 0.5600885416666667 0.2389537037037037 0.048046875 0.035759259259259255
3 0.2871875 0.08499999999999999 0.034192708333333335 0.02139814814814815
3 0.343171875 0.15176851851851852 0.034770833333333334 0.02560185185185185
3 0.3889947916666667 0.13975925925925925 0.041005208333333334 0.027324074074074077
3 0.9767291666666666 0.4667222222222222 0.04653645833333333 0.03272222222222222
3 0.9333072916666667 0.45496296296296296 0.0533125 0.03588888888888889
3 0.7471718749999999 0.38299074074074074 0.062322916666666665 0.03088888888888889
3 0.46580208333333334 0.18932407407407406 0.03646354166666667 0.025249999999999998
3 0.21861979166666667 0.04897222222222222 0.030473958333333332 0.01961111111111111
2 0.4218072916666667 0.2790648148148148 0.013598958333333333 0.042499999999999996
2 0.485046875 0.3377777777777778 0.021583333333333333 0.04525925925925926
3 0.7049739583333333 0.34882407407407406 0.06178125 0.03401851851851852
3 0.9785989583333333 0.516175925925926 0.042796875 0.032
3 0.20440624999999998 0.0405925925925926 0.027619791666666667 0.017638888888888888
2 0.6270208333333334 0.4563055555555556 0.021885416666666668 0.05455555555555556
3 0.8934427083333334 0.47355555555555556 0.06452083333333333 0.03191666666666666
2 0.5566666666666666 0.35510185185185184 0.015802083333333335 0.046740740740740735
3 0.927796875 0.5094166666666666 0.068875 0.03364814814814815
3 0.59009375 0.2717222222222222 0.04381770833333333 0.026416666666666668
3 0.21713541666666666 0.06686111111111111 0.038703125 0.018787037037037036
2 0.35374479166666667 0.26928703703703705 0.017619791666666666 0.043731481481481475
2 0.8215208333333333 0.6524444444444444 0.06383854166666666 0.09408333333333334
2 0.8428072916666667 0.5366018518518518 0.019052083333333334 0.05333333333333334
3 0.5549999999999999 0.24894444444444447 0.06141145833333333 0.035611111111111114
2 0.512171875 0.3732592592592593 0.020286458333333333 0.04472222222222222
2 0.5148177083333334 0.3547314814814815 0.024354166666666666 0.06124074074074074
3 0.179984375 0.023898148148148148 0.02228645833333333 0.018712962962962962
3 0.24105208333333333 0.07832407407407407 0.04052083333333333 0.020037037037037037
3 0.26600520833333335 0.06714814814814815 0.030328124999999997 0.019592592592592592
3 0.28329166666666666 0.11125 0.029625000000000002 0.02436111111111111
3 0.21756770833333333 0.05541666666666667 0.037744791666666666 0.022296296296296293
3 0.290421875 0.09258333333333332 0.038364583333333334 0.018712962962962962
2 0.7284635416666667 0.5788518518518518 0.019166666666666665 0.05555555555555555
3 0.43726041666666665 0.1740648148148148 0.03508854166666667 0.02514814814814815
3 0.36806770833333335 0.1310925925925926 0.03540625 0.01935185185185185
3 0.3713020833333333 0.1623888888888889 0.037473958333333335 0.02297222222222222
3 0.24463020833333332 0.07062962962962963 0.03352083333333333 0.01787037037037037
3 0.41431250000000003 0.1575925925925926 0.030682291666666663 0.020638888888888887
2 0.25841145833333334 0.18637962962962962 0.00965625 0.027092592592592595
3 0.2443854166666667 0.06135185185185186 0.027093750000000003 0.01933333333333333
3 0.4036770833333333 0.17783333333333334 0.060296875 0.029694444444444443
2 0.273375 0.8613240740740741 0.05144791666666667 0.08074999999999999
3 0.33505729166666665 0.11385185185185184 0.04328645833333333 0.023712962962962963
3 0.2613697916666667 0.09331481481481482 0.02725 0.016685185185185185
2 0.5194635416666666 0.34524074074074074 0.0165 0.04139814814814815
2 0.11967187500000001 0.10248148148148149 0.032213541666666665 0.041277777777777774
3 0.5815989583333334 0.2638425925925926 0.05131770833333334 0.026203703703703705
3 0.19734374999999998 0.03375 0.026546875 0.01723148148148148
2 0.7138333333333333 0.4459074074074074 0.020135416666666666 0.05527777777777778
3 0.4937916666666667 0.19900925925925927 0.050557291666666664 0.029287037037037035
3 0.4728333333333333 0.19430555555555554 0.052119791666666665 0.025657407407407407
2 0.5621510416666666 0.3632870370370371 0.025161458333333334 0.049
3 0.17509895833333333 0.027148148148148147 0.02423958333333333 0.018250000000000002
2 0.2621145833333333 0.1817037037037037 0.012651041666666666 0.03232407407407407
3 0.15692708333333333 0.039824074074074074 0.014375 0.017666666666666664
3 0.15764583333333335 0.03317592592592592 0.021739583333333333 0.017453703703703704
3 0.27217708333333335 0.10524074074074073 0.050317708333333336 0.022555555555555554
3 0.789546875 0.41464814814814815 0.06177083333333333 0.029564814814814815
3 0.296359375 0.11338888888888889 0.042734375 0.02112962962962963
3 0.8040468749999999 0.40953703703703703 0.07573437499999999 0.031092592592592592
2 0.6447447916666668 0.7291111111111112 0.016916666666666667 0.07860185185185185
2 0.6788385416666666 0.6972685185185185 0.017322916666666667 0.08588888888888889
2 0.5995833333333334 0.775712962962963 0.042921875 0.11006481481481482
2 0.12056249999999999 0.9269259259259259 0.053625 0.05355555555555556
2 0.13338541666666667 0.8917592592592593 0.059619791666666665 0.07672222222222222
2 0.04591666666666667 0.935574074074074 0.055734375 0.07175925925925926
2 0.2879791666666666 0.17835185185185184 0.008932291666666667 0.03362037037037037
2 0.30077604166666666 0.18693518518518518 0.009859375 0.03450925925925926
2 0.21605208333333334 0.1384074074074074 0.00665625 0.02512037037037037
2 0.18481770833333336 0.13476851851851854 0.007911458333333333 0.020990740740740744
2 0.16684374999999999 0.1151851851851852 0.00896875 0.02499074074074074
2 0.18141666666666667 0.10823148148148148 0.005005208333333333 0.02112037037037037
2 0.19673958333333333 0.10975 0.010296875 0.03040740740740741
2 0.214328125 0.10822222222222222 0.007432291666666666 0.02735185185185185
2 0.15353124999999998 0.08605555555555555 0.011223958333333334 0.03185185185185185
2 0.13765104166666667 0.06731481481481481 0.006229166666666667 0.0332037037037037
2 0.11350520833333334 0.046 0.005703125 0.02203703703703704
2 0.09798958333333332 0.047629629629629626 0.007848958333333333 0.024333333333333335
2 0.07569270833333334 0.04822222222222222 0.0081875 0.02274074074074074
2 0.06342708333333333 0.0502962962962963 0.0075625 0.025962962962962962
2 0.7574635416666666 0.5885925925925926 0.014489583333333333 0.0807037037037037