3 0.5261666666666667 0.24271296296296296 0.056338541666666665 0.03947222222222223
2 0.6280572916666666 0.716 0.023385416666666665 0.05868518518518519
2 0.6172187499999999 0.4348611111111111 0.01765625 0.04786111111111111
2 0.27403125 0.8615092592592593 0.05021875 0.07662962962962963
2 0.7095572916666666 0.5371018518518519 0.014682291666666668 0.046314814814814816
2 0.30232291666666666 0.16925925925925928 0.03503645833333333 0.03830555555555555
2 0.7345677083333333 0.6956851851851852 0.019072916666666665 0.076
2 0.5149791666666667 0.34374074074074074 0.011739583333333333 0.034888888888888886
2 0.014125 0.9661574074074074 0.02825 0.06425
2 0.3358333333333333 0.8404814814814815 0.020666666666666667 0.06448148148148149
2 0.7617395833333334 0.6100092592592592 0.019958333333333335 0.05588888888888889
2 0.15783854166666667 0.07227777777777777 0.020354166666666666 0.026851851851851852
2 0.7271197916666666 0.633888888888889 0.013390625 0.05125925925925926
2 0.737390625 0.46541666666666665 0.06517708333333333 0.07702777777777778
2 0.3494427083333333 0.8224722222222222 0.045989583333333334 0.07225925925925926
2 0.16783333333333333 0.8968055555555555 0.03802083333333333 0.08680555555555555
2 0.34165625 0.2286388888888889 0.0133125 0.03400925925925925
2 0.766296875 0.6554907407407407 0.023197916666666665 0.07902777777777777
2 0.092140625 0.060138888888888895 0.008385416666666668 0.020055555555555556
2 0.57825 0.4244351851851852 0.017328125000000003 0.04473148148148148
2 0.5289479166666667 0.3851759259259259 0.017067708333333334 0.042305555555555555
2 0.42648958333333337 0.30030555555555555 0.015041666666666667 0.035472222222222224
2 0.763453125 0.6331481481481481 0.021364583333333336 0.07234259259259258
2 0.19902083333333334 0.14401851851851852 0.067171875 0.09980555555555556
3 0.7519583333333333 0.388037037037037 0.06279166666666666 0.049601851851851855
2 0.17074999999999999 0.8768518518518519 0.03638541666666666 0.052648148148148145
2 0.4588229166666667 0.31366666666666665 0.011635416666666667 0.03673148148148148
2 0.3690572916666667 0.8300925925925926 0.024510416666666666 0.05918518518518519
2 0.8355989583333333 0.6330648148148148 0.05231770833333334 0.082
2 0.6338385416666666 0.7134444444444444 0.018552083333333334 0.05039814814814815
2 0.51053125 0.34217592592592594 0.014463541666666666 0.034999999999999996
2 0.13041666666666668 0.07725000000000001 0.008697916666666666 0.021944444444444444
2 0.06888020833333333 0.052648148148148145 0.006145833333333334 0.01637037037037037
2 0.18638020833333335 0.8673796296296297 0.017833333333333333 0.028787037037037038
2 0.34532291666666665 0.8966203703703703 0.08553125 0.05824074074074074
2 0.160359375 0.9143055555555556 0.024328125 0.060259259259259255
2 0.25971354166666666 0.1662962962962963 0.014666666666666666 0.02548148148148148
2 0.261109375 0.8511203703703704 0.028421875 0.05382407407407408
2 0.70403125 0.6256759259259259 0.014140624999999999 0.058444444444444445
2 0.7318020833333333 0.47914814814814816 0.019932291666666668 0.05296296296296297
3 0.2436927083333333 0.13505555555555557 0.016296875 0.027703703703703706
3 0.6081770833333333 0.28924074074074074 0.03680208333333333 0.027240740740740742
2 0.6694114583333334 0.6901203703703704 0.015723958333333333 0.07360185185185185
2 0.532890625 0.7427777777777779 0.035203125 0.045361111111111116