3 0.6072135416666666 0.37639814814814815 0.06745312499999999 0.06230555555555556
3 0.32947916666666666 0.18773148148148147 0.03744270833333333 0.03782407407407407
3 0.5521458333333332 0.33770370370370373 0.06790625 0.06232407407407407
3 0.9725729166666667 0.5340925925925927 0.054859375 0.07537962962962963
3 0.2581041666666667 0.15197222222222223 0.01972916666666667 0.02736111111111111
2 0.7751979166666667 0.6090925925925926 0.05065625 0.08137962962962964
3 0.6869999999999999 0.42766666666666664 0.04978125 0.059870370370370365
3 0.7278125000000001 0.45723148148148146 0.04734895833333333 0.06186111111111111
3 0.7834114583333334 0.4895092592592592 0.06708854166666667 0.08248148148148148
3 0.8399479166666667 0.5364444444444445 0.061494791666666666 0.06939814814814815
3 0.9171354166666668 0.5871574074074074 0.08155208333333334 0.08586111111111111
3 0.9121354166666666 0.4844074074074074 0.0600625 0.06641666666666667
3 0.8187656249999999 0.43662962962962965 0.05131770833333334 0.04995370370370371
3 0.7337812499999999 0.38687037037037036 0.053572916666666665 0.047129629629629625
3 0.8000989583333333 0.2894074074074074 0.09715625 0.13787037037037037
3 0.6764791666666666 0.22323148148148148 0.09466145833333334 0.0977962962962963
3 0.5966406249999999 0.1892685185185185 0.07671875 0.1002037037037037
3 0.474421875 0.13835185185185184 0.077015625 0.12582407407407406
3 0.5375677083333333 0.19631481481481483 0.041796875 0.08206481481481481
3 0.4429895833333333 0.2589166666666667 0.04268229166666667 0.048888888888888885
3 0.47734375 0.28851851851851856 0.05002604166666667 0.04475
3 0.51815625 0.31471296296296297 0.0435625 0.045231481481481484
3 0.36890104166666665 0.21339814814814814 0.03159375 0.044083333333333335
3 0.3619010416666667 0.1584537037037037 0.03491145833333333 0.03624074074074074
3 0.37822916666666667 0.08975000000000001 0.07301041666666667 0.0967962962962963
2 0.15808333333333333 0.11499074074074074 0.054864583333333335 0.0795462962962963
3 0.20983333333333334 0.1142962962962963 0.028703125 0.044148148148148145