2 0.6796822916666667 0.4485925925925926 0.05543229166666667 0.06358333333333334
2 0.5886510416666667 0.4319351851851852 0.016932291666666665 0.06096296296296297
2 0.5871822916666667 0.37593518518518515 0.05427083333333334 0.05561111111111111
2 0.7214322916666667 0.7747777777777778 0.09629166666666666 0.09610185185185185
2 0.525046875 0.7479537037037036 0.025984375 0.03635185185185185
2 0.5828697916666666 0.8503703703703703 0.090609375 0.1055925925925926
2 0.3004375 0.9475370370370371 0.13381770833333334 0.10491666666666667
2 0.16653645833333333 0.8982407407407408 0.06055208333333333 0.0916388888888889
2 0.7253385416666667 0.5917777777777777 0.0165 0.07289814814814816
2 0.22416666666666665 0.1505462962962963 0.011265625 0.03294444444444444
2 0.38338020833333336 0.2755092592592593 0.00025 0.0010185185185185186
3 0.16518229166666665 0.02050925925925926 0.009848958333333333 0.027305555555555555
3 0.5749270833333333 0.1898888888888889 0.09232812500000001 0.14362962962962963
3 0.684453125 0.24626851851851855 0.121984375 0.16649999999999998
3 0.7885520833333334 0.32785185185185184 0.04908333333333333 0.0737037037037037
3 0.8446041666666667 0.3593703703703704 0.07035416666666668 0.07362037037037038
3 0.937921875 0.3550092592592593 0.12415104166666667 0.17374074074074072
3 0.9687760416666666 0.5271018518518519 0.06244791666666667 0.08826851851851851
3 0.7370885416666667 0.3777962962962963 0.05842708333333334 0.06999999999999999