3 0.4574947916666667 0.12100925925925926 0.08474479166666667 0.056740740740740744
3 0.61734375 0.2036388888888889 0.11784375 0.15533333333333332
3 0.758171875 0.48315740740740737 0.06365625 0.05889814814814815
3 0.6794947916666667 0.421 0.054572916666666665 0.05451851851851852
3 0.6300260416666668 0.38887962962962963 0.05416145833333333 0.05999074074074075
3 0.5683333333333334 0.3525925925925926 0.048421874999999996 0.058722222222222224
3 0.8145677083333334 0.5150185185185185 0.058041666666666665 0.04764814814814815
3 0.856359375 0.5567407407407408 0.05734895833333333 0.0645462962962963
3 0.918765625 0.5901296296296297 0.0706875 0.0632037037037037
3 0.9790572916666667 0.6167777777777778 0.04188020833333333 0.0768888888888889
3 0.17801041666666664 0.030824074074074073 0.007531250000000001 0.025194444444444446
3 0.20900520833333333 0.06709259259259259 0.02941145833333333 0.02960185185185185
3 0.21549479166666666 0.052314814814814814 0.008526041666666668 0.01749074074074074
3 0.24669791666666668 0.07470370370370372 0.00765625 0.028981481481481483
3 0.294140625 0.04786111111111111 0.03925520833333333 0.07512037037037037
3 0.35131249999999997 0.08475 0.059416666666666666 0.05225
3 0.3879322916666667 0.15119444444444444 0.014692708333333334 0.03302777777777778
3 0.8563802083333333 0.3191851851851852 0.176203125 0.18521296296296297
3 0.7682447916666667 0.3702870370370371 0.02221875 0.060833333333333336
3 0.8808177083333334 0.44275000000000003 0.022692708333333332 0.053648148148148146
3 0.9653125 0.45841666666666664 0.022411458333333335 0.06913888888888889
3 0.98934375 0.4765185185185185 0.017760416666666667 0.05463888888888889
3 0.5246458333333334 0.23208333333333334 0.0110625 0.039574074074074074