3 0.7916666666666666 0.3988425925925926 0.07865104166666666 0.06171296296296297
3 0.8694895833333334 0.5628055555555556 0.05902083333333333 0.07624074074074075
3 0.8213020833333334 0.5190925925925925 0.06126041666666667 0.0727037037037037
3 0.7691614583333333 0.47601851851851856 0.045723958333333335 0.05418518518518519
3 0.6429322916666667 0.39775925925925926 0.044734375 0.0592037037037037
3 0.6015104166666667 0.3693148148148148 0.043604166666666666 0.06616666666666667
3 0.4470989583333333 0.2699722222222222 0.034140625 0.049055555555555554
3 0.5910833333333334 0.21342592592592594 0.07627604166666666 0.10126851851851852
3 0.5528385416666667 0.15985185185185183 0.06882291666666666 0.07675925925925926
3 0.6885416666666667 0.26781481481481484 0.093671875 0.12806481481481483
3 0.8531666666666666 0.31756481481481486 0.13352604166666668 0.15127777777777776
3 0.9323750000000001 0.4960092592592593 0.05236458333333334 0.07537037037037038
3 0.88178125 0.45705555555555555 0.05331770833333334 0.07136111111111111
3 0.9369895833333334 0.6012129629629629 0.08202083333333333 0.08542592592592593
3 0.9913072916666666 0.6220092592592592 0.01738020833333333 0.07317592592592592
3 0.37229166666666663 0.08387037037037037 0.07400520833333334 0.09009259259259259
3 0.15809895833333334 0.0727962962962963 0.023875 0.04416666666666667
3 0.190390625 0.09889814814814815 0.022244791666666666 0.04126851851851852
3 0.2283072916666667 0.12591666666666668 0.022713541666666667 0.04145370370370371
3 0.24944270833333335 0.13224074074074074 0.026588541666666667 0.03782407407407407
3 0.3653541666666667 0.20804629629629628 0.03125 0.042916666666666665
2 0.145484375 0.12341666666666666 0.027526041666666667 0.040212962962962964