2 0.743171875 0.4795277777777778 0.0623125 0.06397222222222222
2 0.3402604166666666 0.20350925925925925 0.034687499999999996 0.049
2 0.7335364583333334 0.6796944444444445 0.029458333333333333 0.0665462962962963
2 0.727609375 0.6059351851851852 0.01944791666666667 0.06373148148148149
2 0.6651458333333333 0.6797314814814815 0.025614583333333333 0.0909537037037037
2 0.6701197916666667 0.8021388888888888 0.11288020833333333 0.09810185185185186
2 0.374890625 0.8276944444444444 0.018875 0.08749074074074073
2 0.07004687500000001 0.05047222222222222 0.00921875 0.027083333333333334
3 0.42739583333333336 0.12728703703703703 0.04721875 0.08798148148148148
3 0.4831197916666667 0.15455555555555556 0.050479166666666665 0.10459259259259258
3 0.52834375 0.17793518518518517 0.03731770833333334 0.08498148148148148
3 0.5818489583333334 0.20258333333333334 0.062036458333333336 0.11667592592592593
3 0.6639947916666666 0.23908333333333331 0.08768229166666666 0.14226851851851852
3 0.754046875 0.2892037037037037 0.08188541666666667 0.14905555555555555
3 0.9020729166666667 0.35061111111111115 0.1958541666666667 0.20957407407407408