2 0.18365104166666668 0.8970277777777778 0.05891145833333333 0.08281481481481481
3 0.5865833333333333 0.20339814814814813 0.13340625 0.14884259259259258
2 0.7746197916666666 0.7160833333333333 0.07538020833333332 0.09476851851851852
2 0.33377083333333335 0.8390925925925926 0.04234375 0.07771296296296297
2 0.7264010416666667 0.6024074074074074 0.019713541666666667 0.06244444444444444
3 0.6987760416666667 0.3588888888888889 0.05663541666666667 0.047009259259259265
2 0.3211614583333333 0.9643240740740741 0.036296875 0.07136111111111111
3 0.7791093750000001 0.3668148148148148 0.029578125 0.06196296296296296
2 0.3349739583333333 0.9221203703703703 0.11695833333333333 0.10967592592592593
2 0.53809375 0.7429629629629629 0.033026041666666665 0.05475
2 0.6785781249999999 0.7303981481481482 0.017322916666666667 0.05121296296296297
2 0.2636145833333333 0.20655555555555558 0.037640625 0.053370370370370374
2 0.173671875 0.12498148148148147 0.014005208333333333 0.03514814814814815
2 0.140375 0.06605555555555556 0.02450520833333333 0.028407407407407406
2 0.30428645833333334 0.16982407407407407 0.035171875 0.030722222222222224
3 0.35624479166666667 0.08272222222222222 0.08123958333333332 0.11730555555555555
3 0.445375 0.20755555555555555 0.04491666666666667 0.0484537037037037
2 0.726546875 0.5170462962962963 0.015588541666666667 0.06000925925925926