3 0.954046875 0.5072314814814814 0.06820833333333334 0.06683333333333334
3 0.7717395833333334 0.2845925925925926 0.15632812499999998 0.16947222222222222
3 0.4438020833333333 0.20274999999999999 0.04020833333333333 0.04164814814814814
3 0.28641666666666665 0.06783333333333334 0.02802083333333333 0.030342592592592595
2 0.724171875 0.6219259259259259 0.019302083333333334 0.0635
3 0.2543125 0.05516666666666666 0.037515625000000004 0.029796296296296296
2 0.41946354166666666 0.29194444444444445 0.04583854166666667 0.050638888888888886
3 0.3271614583333333 0.05687037037037037 0.055838541666666665 0.08044444444444444
2 0.771203125 0.6085092592592594 0.020984375 0.0590462962962963
2 0.10591666666666667 0.07282407407407408 0.029541666666666667 0.029166666666666667
3 0.23089583333333333 0.029064814814814814 0.08426041666666667 0.0577962962962963
3 0.16519791666666667 0.015564814814814814 0.05603645833333334 0.03112037037037037
3 0.9675729166666667 0.34532407407407406 0.064859375 0.1255925925925926
3 0.7518333333333334 0.39651851851851855 0.059640625 0.05031481481481482
2 0.6605052083333334 0.48637037037037034 0.011369791666666665 0.040888888888888884
2 0.5041302083333333 0.49288888888888893 0.08501041666666667 0.20562037037037037
2 0.29747916666666663 0.21283333333333335 0.028130208333333333 0.04101851851851852
3 0.3853125 0.08697222222222223 0.06590104166666667 0.07235185185185185
3 0.43869791666666663 0.11528703703703704 0.06524479166666666 0.0842962962962963
3 0.478171875 0.15346296296296297 0.04672916666666667 0.07817592592592593
3 0.5459010416666668 0.1927685185185185 0.081234375 0.12335185185185185
3 0.63890625 0.22262037037037039 0.10294270833333334 0.1505