3 0.5271302083333333 0.2465092592592593 0.050317708333333336 0.03373148148148148
3 0.9756927083333333 0.5261759259259259 0.048614583333333336 0.07375000000000001
2 0.161609375 0.11387037037037037 0.06627604166666666 0.12588888888888888
2 0.17041666666666666 0.11331481481481481 0.070015625 0.11826851851851852
2 0.6520416666666667 0.4530740740740741 0.018046875 0.05332407407407408
2 0.027453125000000002 0.9506203703703704 0.05445833333333334 0.08625000000000001
3 0.8171093749999999 0.42064814814814816 0.055187499999999994 0.033611111111111105
2 0.7237395833333333 0.6588518518518518 0.021026041666666665 0.07407407407407407
3 0.7665260416666667 0.3988611111111111 0.059812500000000005 0.03863888888888889
2 0.7089114583333332 0.48774074074074075 0.020562499999999997 0.055629629629629626
3 0.8707499999999999 0.4543888888888889 0.06005208333333333 0.03967592592592593
2 0.2753541666666666 0.1495462962962963 0.036812500000000005 0.06452777777777778
3 0.272640625 0.08391666666666667 0.027453125000000002 0.026351851851851852
3 0.901078125 0.48862962962962964 0.08855208333333334 0.05106481481481481
3 0.7273385416666667 0.36412037037037037 0.057078125 0.04740740740740741
3 0.18009895833333334 0.013046296296296295 0.03877083333333333 0.026101851851851852
2 0.3501614583333333 0.2763611111111111 0.048609374999999996 0.06299074074074074
2 0.5885416666666666 0.7423055555555556 0.02958854166666667 0.08105555555555556
2 0.5713645833333333 0.3743796296296296 0.016572916666666666 0.043583333333333335
2 0.5165104166666666 0.33358333333333334 0.015213541666666667 0.039990740740740736
3 0.988375 0.28753703703703704 0.023255208333333333 0.03692592592592593
2 0.18465625000000002 0.9002870370370369 0.060953125000000004 0.07390740740740741
3 0.627859375 0.28305555555555556 0.05753125 0.031203703703703706
2 0.6547291666666666 0.33149074074074075 0.05078125 0.05187962962962963
3 0.6743541666666667 0.34394444444444444 0.044890624999999997 0.04281481481481482
2 0.211671875 0.14240740740740743 0.010682291666666668 0.04407407407407408
2 0.449984375 0.3675277777777778 0.061427083333333334 0.11160185185185185