2 0.11394270833333334 0.9137592592592593 0.06611979166666666 0.07825925925925925
3 0.35946874999999995 0.07198148148148148 0.059911458333333334 0.07127777777777779
3 0.4551822916666667 0.13362037037037036 0.06994270833333333 0.08120370370370371
3 0.5168645833333333 0.1645462962962963 0.09391145833333334 0.0645
3 0.344296875 0.20607407407407408 0.030770833333333334 0.027037037037037037
2 0.7214791666666667 0.5989444444444445 0.019348958333333333 0.059
2 0.7633489583333334 0.6000925925925926 0.017526041666666665 0.06471296296296296
2 0.25276041666666665 0.2184814814814815 0.038510416666666665 0.05115740740740741
2 0.08146354166666667 0.08091666666666666 0.008411458333333333 0.026027777777777778
2 0.06493750000000001 0.8677222222222222 0.12988020833333333 0.05333333333333334
2 0.033937499999999995 0.9557037037037038 0.055390625 0.08424999999999999
2 0.6617864583333334 0.4813425925925926 0.012812500000000001 0.03059259259259259
2 0.611609375 0.4406666666666667 0.059770833333333336 0.04492592592592593
2 0.43133854166666663 0.32676851851851857 0.015796875 0.03625
3 0.13825520833333332 0.05260185185185185 0.015755208333333333 0.03175925925925926
3 0.15563541666666666 0.04262037037037037 0.016541666666666666 0.02021296296296296
3 0.17932291666666667 0.0574537037037037 0.006713541666666667 0.01411111111111111
3 0.19025520833333334 0.0631574074074074 0.006348958333333333 0.013768518518518518
3 0.21283333333333332 0.0816574074074074 0.007828125 0.015342592592592593
3 0.22697395833333334 0.08646296296296296 0.006276041666666667 0.017527777777777778
3 0.238625 0.09806481481481481 0.0066302083333333334 0.017611111111111112
3 0.38529166666666664 0.1754351851851852 0.011317708333333334 0.03510185185185185
3 0.3715104166666666 0.168 0.009442708333333332 0.027342592592592592
3 0.6131302083333333 0.290712962962963 0.012213541666666666 0.024287037037037038
3 0.7619791666666667 0.3940740740740741 0.014369791666666666 0.03797222222222222
3 0.7231093749999999 0.35632407407407407 0.01896875 0.03250925925925926
3 0.8843020833333333 0.4752314814814815 0.020526041666666665 0.039296296296296294
3 0.39988541666666666 0.09808333333333334 0.05091145833333333 0.03482407407407408
3 0.3073802083333333 0.03769444444444445 0.05734895833333333 0.058527777777777776
3 0.30486979166666667 0.10976851851851852 0.009744791666666667 0.015240740740740742
3 0.24918229166666667 0.03236111111111111 0.020760416666666667 0.016648148148148148
3 0.218265625 0.016916666666666667 0.016015625 0.01624074074074074
3 0.23509895833333333 0.023342592592592592 0.0215625 0.014444444444444444
3 0.2677083333333333 0.04665740740740741 0.0213125 0.01825925925925926
3 0.9713489583333333 0.5225648148148149 0.023755208333333333 0.05540740740740741
3 0.9357760416666667 0.4764814814814815 0.014572916666666666 0.059842592592592586
3 0.8004895833333333 0.42550925925925925 0.011869791666666666 0.02737962962962963
3 0.6925 0.31246296296296294 0.011546875000000002 0.03347222222222222