3 0.6026510416666666 0.16561111111111113 0.108984375 0.08433333333333333
3 0.49497395833333335 0.1822962962962963 0.09506770833333333 0.13448148148148148
3 0.41781770833333337 0.08267592592592593 0.07185416666666668 0.0563425925925926
3 0.9173489583333333 0.3939166666666667 0.16264062499999998 0.10391666666666667
3 0.7307760416666667 0.31599999999999995 0.14397395833333335 0.0991851851851852
3 0.7048854166666667 0.45002777777777775 0.061369791666666666 0.05991666666666666
3 0.500375 0.29991666666666666 0.048640625 0.05402777777777778
3 0.7346458333333333 0.2348796296296296 0.1434375 0.08869444444444445
3 0.4596354166666667 0.28108333333333335 0.04577083333333333 0.04376851851851852
3 0.37562500000000004 0.22022222222222224 0.0391875 0.04231481481481482
3 0.6343229166666667 0.39783333333333337 0.056005208333333334 0.05784259259259259
3 0.7790364583333333 0.4966759259259259 0.06290625 0.07313888888888888
3 0.40173437500000003 0.12153703703703703 0.08344791666666666 0.07407407407407407
3 0.4112604166666667 0.24305555555555555 0.04365104166666667 0.04333333333333333
3 0.5517187499999999 0.3350092592592593 0.043354166666666666 0.05452777777777778
3 0.9116875 0.5967037037037037 0.077625 0.08069444444444444
3 0.89890625 0.4833888888888888 0.06108333333333334 0.06458333333333334
3 0.7975416666666667 0.42466666666666664 0.059093749999999994 0.06341666666666666
3 0.33716145833333333 0.19012962962962962 0.028130208333333333 0.049444444444444444
3 0.25166666666666665 0.10133333333333333 0.020656249999999998 0.04027777777777778
3 0.23592708333333334 0.04039814814814815 0.04105729166666667 0.06475
3 0.32893229166666665 0.0861574074074074 0.051140625 0.08008333333333333
3 0.28253645833333335 0.06888888888888889 0.037286458333333335 0.05959259259259259
3 0.1884947916666667 0.025444444444444443 0.04655729166666667 0.050898148148148144
3 0.15586979166666665 0.037453703703703704 0.018520833333333334 0.03682407407407408
2 0.23165624999999998 0.1755 0.009958333333333335 0.04225
2 0.272078125 0.18105555555555555 0.04005729166666667 0.027296296296296298
2 0.28413541666666664 0.2107314814814815 0.03619791666666667 0.04766666666666666
2 0.5315833333333333 0.3841851851851852 0.050453125 0.05664814814814815
2 0.7052708333333333 0.5114537037037037 0.052140625 0.06374074074074075
3 0.67625 0.3524259259259259 0.04431770833333334 0.04524074074074074