2 0.5492135416666667 0.4047037037037037 0.015005208333333332 0.049046296296296296
2 0.32760416666666664 0.23539814814814813 0.0113125 0.04348148148148148
2 0.16327604166666668 0.11121296296296296 0.009541666666666667 0.03484259259259259
2 0.11930208333333334 0.08128703703703705 0.008927083333333334 0.02899074074074074
3 0.36026562500000003 0.06999074074074074 0.06645833333333333 0.07040740740740742
3 0.302171875 0.037009259259259256 0.05747395833333333 0.06743518518518518
3 0.49254166666666666 0.13644444444444445 0.04947395833333333 0.08390740740740742
3 0.5644270833333334 0.16678703703703704 0.10610416666666667 0.10603703703703703
3 0.8652447916666667 0.3345185185185185 0.154921875 0.11523148148148149
3 0.9954375 0.36330555555555555 0.009125 0.052444444444444446
3 0.99540625 0.4090092592592593 0.007338541666666667 0.016925925925925928
3 0.9622552083333333 0.4516296296296296 0.009645833333333333 0.035416666666666666
3 0.9725677083333333 0.4263888888888889 0.007 0.015018518518518518
3 0.9786354166666666 0.4482777777777778 0.011265625 0.02212037037037037
3 0.949140625 0.45775 0.012067708333333335 0.02884259259259259
3 0.9251354166666667 0.42442592592592593 0.005604166666666666 0.013898148148148147
3 0.9415364583333333 0.42569444444444443 0.00665625 0.012685185185185185
3 0.9306979166666667 0.4160740740740741 0.009822916666666666 0.016009259259259258
3 0.9191614583333333 0.4061296296296296 0.004333333333333333 0.010231481481481482
3 0.7668958333333333 0.35047222222222224 0.009510416666666667 0.018324074074074072
3 0.7667343750000001 0.3845648148148148 0.009833333333333333 0.018814814814814815
3 0.7366875 0.34364814814814815 0.008578124999999999 0.01500925925925926
3 0.7540260416666666 0.3615462962962963 0.011973958333333333 0.02449074074074074
3 0.7123958333333333 0.3681111111111111 0.0095625 0.02538888888888889
3 0.6990156249999999 0.3534259259259259 0.015692708333333333 0.02611111111111111
3 0.654578125 0.29810185185185184 0.009901041666666667 0.014194444444444445
3 0.6357604166666667 0.28588888888888886 0.008395833333333333 0.016083333333333335
3 0.617234375 0.27835185185185185 0.010546875 0.015120370370370369
3 0.594640625 0.26469444444444445 0.009713541666666665 0.013203703703703704