3 0.680640625 0.4211481481481481 0.07320312500000001 0.04772222222222222
3 0.7250624999999999 0.45994444444444443 0.05822395833333334 0.061259259259259256
3 0.7405989583333333 0.3581944444444445 0.018781250000000003 0.049249999999999995
3 0.94509375 0.4618333333333333 0.04515104166666666 0.06041666666666667
3 0.3268697916666667 0.06821296296296296 0.08113020833333334 0.07596296296296297
3 0.5070208333333334 0.3137685185185185 0.04903125 0.05949074074074074
3 0.5566614583333334 0.3396203703703704 0.064859375 0.06314814814814815
3 0.754125 0.27414814814814814 0.13210416666666666 0.1789351851851852
3 0.7439479166666667 0.351712962962963 0.016057291666666664 0.03348148148148148
3 0.46432291666666664 0.1977685185185185 0.01973958333333333 0.050944444444444445
3 0.56275 0.25142592592592594 0.017510416666666664 0.0347037037037037
3 0.9863802083333333 0.49020370370370364 0.025932291666666666 0.0648611111111111
3 0.5246145833333333 0.2418703703703704 0.03243229166666667 0.04850925925925926
3 0.7640364583333333 0.4787314814814815 0.05082291666666667 0.07462037037037038
3 0.8133802083333334 0.5152037037037037 0.04263541666666667 0.05923148148148148
3 0.8439218749999999 0.5442870370370371 0.05759895833333333 0.08140740740740741
3 0.7921927083333333 0.4248703703703704 0.05475 0.06123148148148148
3 0.9042916666666667 0.4921944444444445 0.05425520833333333 0.07033333333333333
3 0.9158072916666666 0.5999259259259259 0.07028125 0.08553703703703704
3 0.40421875 0.21594444444444444 0.04246354166666667 0.07443518518518519
3 0.3550989583333333 0.20185185185185187 0.029130208333333334 0.049916666666666665
3 0.15856770833333333 0.07322222222222222 0.030114583333333333 0.04030555555555556
2 0.22180208333333334 0.16216666666666665 0.009395833333333332 0.03278703703703703
2 0.6585208333333333 0.48264814814814816 0.010338541666666668 0.03566666666666667
2 0.7518229166666667 0.6692037037037037 0.06042708333333333 0.0788425925925926
3 0.6313802083333333 0.38330555555555557 0.050020833333333334 0.07458333333333333
2 0.5873281250000001 0.3632037037037037 0.03953645833333333 0.05201851851851852
3 0.9651354166666667 0.40499999999999997 0.06972916666666666 0.07544444444444445
3 0.9740364583333334 0.5404722222222222 0.05192708333333333 0.08387962962962964
3 0.6449895833333333 0.2359351851851852 0.06090625 0.12223148148148147