3 0.3820729166666667 0.07273148148148148 0.07928125 0.06367592592592593
3 0.9736666666666667 0.4164814814814815 0.052661458333333334 0.08749074074074073
3 0.3310625 0.13253703703703704 0.036265624999999996 0.03397222222222222
3 0.7589427083333333 0.29829629629629634 0.09920833333333333 0.13240740740740742
2 0.7853489583333333 0.6638888888888889 0.06388541666666667 0.08523148148148148
3 0.31838541666666664 0.053759259259259264 0.06253125 0.07864814814814815
2 0.3417291666666667 0.25253703703703706 0.08441666666666667 0.12266666666666666
2 0.45571875 0.3867129629629629 0.04930208333333333 0.07412037037037036
2 0.11194791666666666 0.08374074074074074 0.009645833333333333 0.03797222222222222
3 0.20625 0.06589814814814815 0.023421874999999998 0.03428703703703704
3 0.2760520833333333 0.04296296296296296 0.055942708333333334 0.08500925925925926
3 0.22518229166666667 0.028407407407407406 0.048390625 0.05041666666666667
3 0.17545833333333333 0.03805555555555556 0.0029895833333333332 0.01937962962962963
3 0.1525 0.027324074074074077 0.006484375 0.01712962962962963
3 0.45506250000000004 0.12925925925925924 0.07517708333333334 0.11008333333333334
3 0.5174270833333333 0.1737037037037037 0.06634374999999999 0.11538888888888889
3 0.56315625 0.19649074074074074 0.05541666666666667 0.07547222222222223
3 0.69715625 0.2781388888888889 0.020046875000000002 0.08505555555555555