2 0.603453125 0.4128981481481482 0.01784375 0.051583333333333335
2 0.67409375 0.46575925925925926 0.02059895833333333 0.055462962962962964
3 0.24211458333333333 0.0683425925925926 0.031234374999999998 0.025342592592592594
2 0.7240468750000001 0.6286296296296295 0.01728645833333333 0.04118518518518518
2 0.3563958333333333 0.26410185185185187 0.06933854166666667 0.098
2 0.511828125 0.34020370370370373 0.015447916666666667 0.04277777777777778
2 0.5172864583333333 0.3417685185185185 0.014135416666666668 0.040018518518518516
3 0.9880885416666667 0.28785185185185186 0.02382291666666667 0.036537037037037035
2 0.8060104166666666 0.5613425925925926 0.056984375 0.08424074074074074
2 0.5298385416666667 0.37706481481481485 0.0173125 0.050083333333333334
2 0.24339583333333334 0.16557407407407407 0.0880625 0.1282962962962963
2 0.98465625 0.9415092592592593 0.030682291666666663 0.11073148148148149
2 0.15965625 0.08755555555555555 0.051953125 0.08868518518518519
2 0.06169270833333333 0.0604074074074074 0.062375 0.04894444444444444
2 0.3364947916666667 0.8351851851851851 0.0393125 0.06851851851851852