3 0.5453802083333333 0.33772222222222226 0.08127604166666667 0.06696296296296296
3 0.504265625 0.1374351851851852 0.10472395833333333 0.09212962962962963
3 0.396890625 0.23283333333333334 0.055015625 0.049435185185185186
3 0.2819114583333333 0.15760185185185185 0.032380208333333334 0.04571296296296296
3 0.7453749999999999 0.4558611111111111 0.07622395833333333 0.07298148148148148
3 0.8440364583333333 0.32612037037037034 0.156859375 0.12672222222222224
3 0.34020312500000005 0.2078148148148148 0.03833333333333333 0.04501851851851851
3 0.6801614583333334 0.23208333333333334 0.11299479166666666 0.07653703703703703
3 0.47100520833333337 0.2829351851851852 0.04793229166666667 0.07072222222222221
3 0.6411614583333333 0.3995462962962963 0.048749999999999995 0.06515740740740741
3 0.6821145833333334 0.43246296296296294 0.04816666666666667 0.053342592592592594
3 0.8016562500000001 0.5044444444444444 0.05546875 0.07864814814814815
2 0.7373177083333334 0.7288611111111111 0.06713020833333333 0.08360185185185186
3 0.8651822916666667 0.5673055555555556 0.07344270833333333 0.0754537037037037
3 0.28318750000000004 0.04577777777777778 0.04888541666666667 0.06078703703703704
3 0.3431197916666667 0.07415740740740741 0.05503125 0.08678703703703704
3 0.41801041666666666 0.09907407407407408 0.05566145833333334 0.07362962962962963
3 0.19353125 0.09583333333333334 0.023666666666666666 0.030518518518518518
3 0.151875 0.031703703703703706 0.017812500000000002 0.029722222222222223
2 0.2589270833333333 0.20716666666666667 0.011072916666666667 0.040768518518518516