2 0.12761979166666668 0.9158148148148149 0.06949479166666667 0.08439814814814815
3 0.7816770833333333 0.40598148148148144 0.06034375 0.04752777777777777
3 0.8927864583333334 0.4755370370370371 0.057708333333333334 0.04568518518518519
3 0.460390625 0.13117592592592592 0.06974999999999999 0.07450925925925926
2 0.35449479166666664 0.844462962962963 0.049734375 0.08862037037037036
3 0.9770677083333333 0.5509722222222222 0.045869791666666666 0.06958333333333334
2 0.6290520833333333 0.4568611111111111 0.026395833333333334 0.051398148148148144
3 0.7431770833333334 0.3446111111111111 0.04507291666666667 0.04228703703703704
3 0.42435416666666664 0.15917592592592592 0.03675520833333333 0.02489814814814815
2 0.39058333333333334 0.2718333333333333 0.0203125 0.04259259259259259
3 0.93203125 0.5093333333333334 0.05773958333333333 0.038657407407407404
2 0.7734895833333333 0.6252037037037037 0.024609375 0.04763888888888889
3 0.5245729166666666 0.24437037037037038 0.049817708333333335 0.03655555555555555
3 0.36411458333333335 0.1582037037037037 0.03591145833333333 0.03766666666666667
3 0.6549166666666667 0.3224444444444445 0.06216145833333333 0.05662037037037037
2 0.48315625 0.34960185185185183 0.020041666666666666 0.05009259259259259
2 0.21768749999999998 0.8938518518518519 0.062098958333333336 0.06568518518518518
2 0.5222760416666666 0.36375 0.0123125 0.05092592592592592
2 0.57275 0.35812962962962963 0.051744791666666665 0.04928703703703703
2 0.33740625 0.26646296296296296 0.012307291666666666 0.03986111111111111
2 0.2789895833333333 0.20146296296296298 0.010578124999999999 0.037750000000000006
2 0.3089427083333333 0.19940740740740742 0.007932291666666667 0.03922222222222222
2 0.3306145833333333 0.23847222222222222 0.008520833333333333 0.037648148148148146
2 0.33832812500000004 0.20951851851851852 0.009421875 0.029777777777777775
2 0.23669791666666665 0.14937037037037038 0.00940625 0.03923148148148148
2 0.174921875 0.12382407407407406 0.009875 0.03262037037037037
2 0.121515625 0.08563888888888889 0.008255208333333333 0.03596296296296297
2 0.10975520833333333 0.07211111111111111 0.007854166666666667 0.029296296296296296
2 0.074125 0.04691666666666667 0.009197916666666667 0.021083333333333332
3 0.21515104166666665 0.06778703703703703 0.018817708333333336 0.025851851851851855
3 0.2309166666666667 0.07853703703703703 0.024880208333333334 0.027342592592592592
3 0.25903645833333333 0.07429629629629629 0.027177083333333334 0.025138888888888888
3 0.25792708333333336 0.09365740740740741 0.021421875 0.022435185185185186
3 0.2764947916666667 0.10851851851851853 0.028552083333333332 0.027870370370370372
3 0.29371875000000003 0.09053703703703704 0.024864583333333336 0.026768518518518518
3 0.30354166666666665 0.1121574074074074 0.027151041666666667 0.03914814814814815
3 0.32416666666666666 0.13830555555555557 0.03203645833333333 0.03258333333333333
3 0.3448333333333334 0.12107407407407407 0.02175 0.02783333333333333
3 0.36540625000000004 0.12816666666666665 0.03301041666666667 0.023157407407407408
3 0.39119270833333336 0.1474074074074074 0.025796875 0.023342592592592592
3 0.39151562500000003 0.17812962962962964 0.03175 0.028370370370370372
3 0.41769791666666667 0.19706481481481483 0.0375 0.0305
3 0.4544166666666667 0.21650925925925926 0.03700520833333333 0.031046296296296298
3 0.4497083333333334 0.18578703703703706 0.0360625 0.028101851851851854
3 0.481515625 0.20030555555555557 0.02999479166666667 0.01712962962962963
3 0.4846822916666667 0.2330462962962963 0.03484375 0.04026851851851852
3 0.5118125 0.21034259259259258 0.03659375 0.030342592592592595
3 0.517703125 0.253037037037037 0.036270833333333335 0.047712962962962964
3 0.5763020833333333 0.2496111111111111 0.035484375 0.041444444444444443
3 0.5522135416666667 0.26852777777777775 0.03425 0.056407407407407406
3 0.6192239583333333 0.2714814814814815 0.030348958333333335 0.03602777777777778
3 0.6407135416666667 0.3211851851851852 0.04151041666666667 0.05372222222222223
3 0.6517291666666666 0.29918518518518517 0.03234895833333333 0.03944444444444445
3 0.6939947916666667 0.32210185185185186 0.048734374999999996 0.05039814814814815
3 0.6773854166666666 0.3499629629629629 0.042515624999999994 0.03983333333333334
3 0.7247552083333333 0.3743148148148148 0.05144791666666667 0.053509259259259256
3 0.7835729166666667 0.37162962962962964 0.047859375 0.05401851851851852
3 0.8389895833333333 0.4084074074074074 0.06000520833333333 0.04186111111111111
3 0.8324010416666667 0.4492777777777778 0.04972395833333333 0.0387037037037037
3 0.8973072916666667 0.4443333333333333 0.05930729166666667 0.06684259259259259
3 0.957390625 0.47152777777777777 0.050557291666666664 0.056074074074074075
2 0.7542500000000001 0.5195 0.0171875 0.06936111111111111
2 0.7756041666666668 0.5523703703703703 0.020932291666666665 0.06407407407407407
2 0.715234375 0.5650925925925926 0.015307291666666667 0.05649074074074074
2 0.7220208333333333 0.6935 0.023109374999999998 0.09030555555555556
2 0.66475 0.6841296296296296 0.018713541666666667 0.07651851851851851
2 0.6472083333333334 0.745 0.036333333333333336 0.08097222222222222
2 0.5566770833333333 0.7844814814814814 0.03230729166666667 0.08230555555555556
2 0.514140625 0.7421481481481481 0.022927083333333334 0.03562037037037037