2 0.121890625 0.9186203703703704 0.06865625 0.07945370370370371
2 0.8333229166666667 0.568574074074074 0.04836979166666667 0.0819074074074074
3 0.7148020833333334 0.2904537037037037 0.05728645833333333 0.06703703703703705
3 0.6672499999999999 0.34699074074074077 0.07284895833333334 0.051250000000000004
2 0.6571302083333334 0.46338888888888885 0.018109375 0.04375
1 0.009828125 0.2346851851851852 0.019151041666666667 0.04872222222222222
2 0.5125260416666666 0.43316666666666664 0.07366145833333333 0.21201851851851852
2 0.41973958333333333 0.2994537037037037 0.013083333333333334 0.037175925925925925
2 0.6792083333333333 0.6738240740740741 0.016395833333333335 0.07604629629629629
2 0.7392447916666666 0.5749537037037038 0.0166875 0.06965740740740742
2 0.7250052083333334 0.4584074074074074 0.04896875 0.061879629629629625
2 0.629484375 0.7462407407407408 0.02459895833333333 0.08198148148148149
3 0.9497135416666667 0.5211296296296297 0.06088541666666667 0.06695370370370371
3 0.5391927083333333 0.25628703703703704 0.03671354166666666 0.04343518518518518