2 0.1436875 0.9218703703703703 0.053515625 0.06085185185185185
3 0.42684374999999997 0.12310185185185184 0.07523958333333333 0.0938888888888889
2 0.66421875 0.6910092592592593 0.032255208333333334 0.08194444444444444
2 0.506515625 0.34575925925925927 0.018552083333333334 0.04902777777777778
3 0.7086718750000001 0.34017592592592594 0.053453125 0.06396296296296296
2 0.40390625 0.6181018518518518 0.17586979166666666 0.23003703703703704
2 0.35618229166666665 0.26366666666666666 0.10819791666666667 0.17856481481481482
2 0.528078125 0.4003333333333333 0.015036458333333334 0.05516666666666666
2 0.7828072916666666 0.6283425925925926 0.023213541666666667 0.08103703703703703
2 0.710265625 0.6285092592592593 0.020802083333333332 0.06764814814814815
2 0.71415625 0.5432870370370371 0.019911458333333333 0.06344444444444444
2 0.183203125 0.12035185185185185 0.008046875 0.029851851851851855
2 0.20583854166666665 0.13497222222222224 0.008479166666666668 0.03143518518518519
2 0.28620833333333334 0.19624999999999998 0.009744791666666667 0.03699074074074074
2 0.08556770833333333 0.07288888888888889 0.055953125000000006 0.07280555555555555
2 0.024187499999999997 0.04489814814814815 0.048177083333333336 0.018842592592592595
3 0.15484375 0.033407407407407406 0.022593750000000003 0.031453703703703706
3 0.17061458333333332 0.011888888888888888 0.04497916666666667 0.023787037037037037
3 0.36086979166666666 0.10708333333333334 0.03214583333333333 0.044453703703703704
3 0.4507864583333333 0.20662037037037037 0.040213541666666665 0.04809259259259259
3 0.800359375 0.4276759259259259 0.058078125 0.06975925925925926