2 0.773953125 0.7308333333333333 0.09519791666666667 0.10888888888888888
2 0.709421875 0.6541018518518518 0.026286458333333332 0.08017592592592593
2 0.7182083333333333 0.5471203703703703 0.018796875 0.0640462962962963
2 0.7727916666666667 0.5771388888888889 0.027703125 0.07062037037037036
2 0.2899791666666667 0.8592962962962962 0.054614583333333334 0.09131481481481482
2 0.3052604166666667 0.28600925925925924 0.009989583333333333 0.0497962962962963
2 0.33033854166666665 0.22607407407407407 0.011041666666666667 0.040435185185185185
2 0.27584375 0.2577777777777778 0.02278125 0.032546296296296295
2 0.16773437500000002 0.11334259259259259 0.011640625 0.02884259259259259
2 0.18953645833333335 0.11050925925925925 0.008921875 0.03209259259259259
2 0.12740625 0.08820370370370371 0.013197916666666667 0.033824074074074076
2 0.14841145833333333 0.08817592592592594 0.006083333333333333 0.02484259259259259
2 0.07745833333333334 0.05962037037037037 0.06063541666666667 0.04474074074074074
3 0.2788020833333333 0.05026851851851852 0.05732291666666667 0.0737962962962963
3 0.3788489583333333 0.15681481481481482 0.04086979166666667 0.05697222222222222
3 0.7381354166666667 0.3821296296296296 0.05864583333333333 0.06914814814814815
3 0.8280572916666666 0.3815 0.023947916666666666 0.06075925925925926