3 0.5954635416666666 0.16917592592592592 0.13296354166666666 0.07549074074074075
2 0.5122864583333333 0.5087407407407408 0.03981770833333333 0.07488888888888888
3 0.45483854166666665 0.1375 0.13806770833333332 0.08826851851851851
3 0.29525 0.05906481481481481 0.148734375 0.10439814814814814
3 0.7207083333333333 0.22699074074074074 0.14093229166666665 0.10800925925925926
2 0.5833333333333334 0.4225833333333333 0.052671875 0.06673148148148147
3 0.6196145833333334 0.23137962962962963 0.10905208333333333 0.057972222222222224
3 0.27895833333333336 0.04849074074074074 0.08671875 0.09698148148148147
2 0.2063958333333333 0.17152777777777778 0.008234375 0.040916666666666664
2 0.7589479166666667 0.5873888888888888 0.01959375 0.06816666666666667
2 0.6600104166666667 0.6927592592592592 0.020859375 0.08056481481481483
3 0.7201145833333332 0.3147962962962963 0.11959895833333332 0.13410185185185186
3 0.8688854166666666 0.3764537037037037 0.15257812499999998 0.14053703703703704
3 0.9840572916666667 0.38019444444444445 0.031885416666666666 0.15611111111111112
3 0.521234375 0.2509444444444444 0.038390625 0.05516666666666666
3 0.5451250000000001 0.2345925925925926 0.037911458333333335 0.053537037037037036
3 0.5073541666666667 0.21314814814814814 0.03147916666666666 0.04814814814814815
3 0.42464583333333333 0.18062962962962964 0.018291666666666664 0.051694444444444446
3 0.37143229166666664 0.13808333333333334 0.030729166666666665 0.04446296296296297
3 0.23443229166666668 0.025027777777777777 0.049713541666666666 0.0500462962962963
3 0.17270312499999999 0.008342592592592592 0.0315625 0.016685185185185185