2 0.5322656250000001 0.5124444444444445 0.10641666666666666 0.21624074074074073
2 0.748625 0.5594444444444445 0.06003125 0.07254629629629629
2 0.8812291666666667 0.6541851851851852 0.07192708333333334 0.06937962962962964
2 0.8296614583333334 0.6693055555555556 0.02704166666666667 0.07552777777777778
2 0.7663020833333333 0.6796666666666666 0.037140625000000003 0.0950462962962963
2 0.7332708333333334 0.7007314814814815 0.022828124999999998 0.0842037037037037
2 0.7103750000000001 0.7306203703703704 0.031625 0.08737962962962964
3 0.8119999999999999 0.29564814814814816 0.15427083333333333 0.1758888888888889
3 0.63134375 0.21724074074074073 0.09232291666666666 0.09855555555555555
3 0.531921875 0.16835185185185184 0.06211979166666667 0.09467592592592593
3 0.444078125 0.11775000000000001 0.08624479166666667 0.10305555555555555