2 0.18799479166666666 0.8917777777777778 0.06642708333333333 0.09062037037037038
2 0.6995364583333333 0.7280092592592593 0.032765625 0.0845462962962963
2 0.7372552083333334 0.47816666666666663 0.030166666666666668 0.053925925925925926
2 0.5579427083333334 0.7599722222222222 0.061307291666666666 0.0856851851851852
2 0.193 0.13792592592592592 0.06441145833333334 0.08477777777777779
2 0.014921875 0.9557592592592593 0.029848958333333335 0.07699074074074075
2 0.25576041666666666 0.9541203703703705 0.15418229166666667 0.07150925925925926
2 0.28455729166666666 0.8682777777777778 0.044432291666666665 0.07450925925925926
2 0.7293177083333333 0.6725277777777778 0.026401041666666666 0.07373148148148148
2 0.32857291666666666 0.8389351851851852 0.049203125 0.07636111111111112
2 0.379890625 0.2724351851851852 0.02203125 0.04554629629629629
2 0.6720989583333333 0.6790833333333333 0.029348958333333335 0.06803703703703703
2 0.563625 0.41953703703703704 0.023817708333333333 0.05651851851851852
2 0.23952604166666666 0.14631481481481481 0.013755208333333333 0.03726851851851852
2 0.29796875 0.19064814814814815 0.019479166666666665 0.05589814814814815
2 0.498046875 0.3465555555555555 0.021760416666666667 0.04638888888888889
2 0.5776354166666666 0.7569999999999999 0.046328125000000005 0.07525
2 0.308859375 0.8613981481481481 0.08142708333333333 0.0860462962962963
2 0.1323645833333333 0.0870462962962963 0.06867708333333335 0.09966666666666667
2 0.6467239583333334 0.45844444444444443 0.01788020833333333 0.06139814814814815
2 0.6899635416666666 0.4776666666666667 0.015505208333333333 0.05416666666666667
2 0.67409375 0.48546296296296293 0.013744791666666667 0.04502777777777778
2 0.5696197916666667 0.36773148148148144 0.014088541666666668 0.026518518518518518
2 0.519640625 0.3668425925925926 0.019494791666666667 0.04092592592592593