2 0.33197916666666666 0.20250925925925928 0.030041666666666668 0.03610185185185185
2 0.7802239583333334 0.5055277777777778 0.055671875 0.07485185185185185
2 0.734 0.5923518518518519 0.01834895833333333 0.07753703703703703
2 0.7611875 0.7419259259259259 0.07741666666666666 0.09519444444444444
2 0.171765625 0.9649722222222223 0.17346354166666667 0.07005555555555555
2 0.22358333333333333 0.1356574074074074 0.028541666666666667 0.03973148148148148
2 0.10643229166666666 0.08422222222222221 0.006885416666666667 0.03088888888888889
2 0.11266666666666666 0.06004629629629629 0.008223958333333333 0.024101851851851853
2 0.12405729166666667 0.0777037037037037 0.007963541666666666 0.02674074074074074
3 0.050203125 0.048796296296296296 0.008552083333333333 0.02512962962962963
3 0.16356770833333334 0.03960185185185185 0.02596875 0.030703703703703702
3 0.23000520833333335 0.05626851851851852 0.007427083333333333 0.029416666666666667
3 0.7273385416666667 0.33164814814814814 0.015088541666666667 0.05266666666666667