2 0.31190625 0.6840833333333333 0.24146354166666667 0.22618518518518518
2 0.43322916666666667 0.31580555555555556 0.015765625 0.05136111111111111
2 0.36142708333333334 0.26180555555555557 0.017994791666666666 0.045222222222222226
2 0.13023958333333333 0.09749074074074075 0.012208333333333333 0.037564814814814815
3 0.19313541666666667 0.09841666666666667 0.024390625 0.04108333333333333
3 0.21370833333333333 0.10824074074074075 0.022083333333333333 0.029574074074074076
3 0.2320625 0.12551851851851853 0.022708333333333334 0.031629629629629626
3 0.25049479166666666 0.13266666666666665 0.02469270833333333 0.02965740740740741
3 0.2658020833333333 0.1504537037037037 0.021510416666666664 0.034083333333333334
3 0.2937083333333333 0.16480555555555557 0.02588020833333333 0.03975925925925926
3 0.31820312500000003 0.1830462962962963 0.028697916666666667 0.03562037037037037
3 0.3350989583333333 0.19782407407407407 0.026140624999999997 0.03266666666666667
3 0.35823958333333333 0.21937962962962965 0.027864583333333335 0.04325925925925926
3 0.38952604166666666 0.22909259259259257 0.0308125 0.03288888888888889
3 0.418515625 0.25283333333333335 0.026921874999999998 0.0410925925925926
3 0.4571614583333333 0.2783796296296296 0.04105208333333333 0.03936111111111111
3 0.4971770833333334 0.3040277777777778 0.031114583333333334 0.04325925925925926
3 0.5309166666666667 0.3257685185185185 0.03448958333333333 0.04204629629629629
3 0.5678958333333333 0.3450185185185185 0.04205208333333333 0.04938888888888889
3 0.6097812499999999 0.3796574074074074 0.05427083333333334 0.05500925925925926
3 0.6669322916666667 0.40778703703703706 0.05011979166666667 0.06794444444444445
3 0.7 0.4376203703703704 0.04830208333333333 0.06664814814814815
3 0.7461666666666668 0.4677407407407408 0.061864583333333334 0.09364814814814815
3 0.808453125 0.5002592592592592 0.056609374999999997 0.0808611111111111
3 0.8444947916666667 0.5492222222222222 0.061015625000000004 0.07449074074074075
3 0.85003125 0.674787037037037 0.034708333333333334 0.09808333333333334
3 0.7370520833333334 0.733037037037037 0.03895833333333333 0.09947222222222223
3 0.6951250000000001 0.7640925925925927 0.02834375 0.10198148148148148
3 0.664359375 0.7811851851851851 0.028921875 0.11043518518518518
3 0.7407968749999999 0.3792314814814815 0.04701041666666667 0.06364814814814815
3 0.7803854166666666 0.40921296296296295 0.042953125 0.04639814814814815
3 0.69809375 0.3655277777777778 0.03534895833333333 0.04165740740740741
3 0.6509479166666666 0.33509259259259255 0.04203645833333333 0.04714814814814815
3 0.35586979166666666 0.08498148148148148 0.04968229166666667 0.08057407407407408
3 0.19368229166666667 0.04485185185185185 0.009473958333333334 0.024685185185185185
3 0.21196354166666667 0.05551851851851852 0.008807291666666666 0.03112962962962963
3 0.17528645833333334 0.02426851851851852 0.009260416666666667 0.021444444444444443
3 0.20325000000000001 0.0385462962962963 0.006520833333333333 0.022907407407407408
3 0.23155208333333333 0.04792592592592593 0.00903125 0.04167592592592592
3 0.23470312499999998 0.08034259259259259 0.010760416666666666 0.02659259259259259
3 0.23483854166666665 0.08303703703703705 0.013322916666666665 0.028962962962962965
3 0.2645208333333333 0.0885 0.012640624999999999 0.02259259259259259
3 0.27634895833333334 0.09108333333333334 0.016411458333333333 0.023703703703703706
3 0.29878645833333334 0.09792592592592593 0.01953125 0.02790740740740741
3 0.24807291666666667 0.07787962962962963 0.012010416666666666 0.020314814814814817
3 0.44595833333333335 0.21346296296296297 0.03177083333333333 0.04226851851851852
3 0.8941979166666666 0.4478148148148148 0.027130208333333336 0.06401851851851852
3 0.9356041666666666 0.46325 0.019114583333333334 0.05289814814814815
3 0.9421979166666666 0.4906111111111111 0.017213541666666665 0.06032407407407408