2 0.27322395833333335 0.8780740740740741 0.057421875 0.06703703703703705
2 0.09158854166666666 0.9296851851851852 0.065421875 0.07596296296296297
2 0.0401875 0.049435185185185186 0.03870833333333333 0.028194444444444442
2 0.78453125 0.5910092592592592 0.019005208333333336 0.06695370370370371
2 0.7463802083333333 0.6571111111111111 0.023364583333333334 0.07862962962962963
2 0.45000520833333335 0.30846296296296294 0.014916666666666667 0.044083333333333335
2 0.6873958333333333 0.5075462962962963 0.010619791666666666 0.05212962962962963
2 0.7336197916666667 0.5143611111111112 0.01617708333333333 0.059416666666666666
2 0.16915104166666667 0.10798148148148148 0.011432291666666667 0.02925925925925926
2 0.4013958333333333 0.2720462962962963 0.011432291666666667 0.03639814814814815
3 0.7046510416666667 0.35826851851851854 0.059166666666666666 0.050555555555555555
2 0.522484375 0.3558888888888889 0.01728125 0.04016666666666667
2 0.36992708333333335 0.21955555555555556 0.03289583333333333 0.04174074074074074
2 0.12971354166666668 0.10837037037037038 0.009942708333333333 0.02851851851851852
2 0.27793229166666666 0.1891574074074074 0.01190625 0.024972222222222222
2 0.36719270833333334 0.2718981481481481 0.01484375 0.0424537037037037
2 0.26035416666666666 0.17668518518518517 0.010203125 0.030824074074074073
2 0.6645989583333333 0.4732037037037037 0.017796875 0.04407407407407408
2 0.009364583333333334 0.893925925925926 0.018177083333333333 0.0727962962962963
2 0.7238385416666666 0.5725092592592592 0.016916666666666667 0.04644444444444444
2 0.6008333333333333 0.739287037037037 0.019421874999999998 0.05859259259259259
3 0.6589270833333334 0.2469814814814815 0.06438020833333333 0.12359259259259259