2 0.4357135416666667 0.35748148148148146 0.05197916666666667 0.0791574074074074
2 0.5196458333333334 0.35376851851851854 0.020192708333333333 0.050138888888888886
2 0.7602239583333333 0.6290648148148148 0.017744791666666666 0.07295370370370372
2 0.7301145833333333 0.595212962962963 0.010260416666666666 0.07005555555555555
2 0.577125 0.7431203703703704 0.028046875000000002 0.07882407407407407
2 0.6926822916666667 0.7874907407407408 0.11983854166666667 0.11201851851851852
2 0.42390104166666664 0.26012962962962966 0.043984375 0.05112962962962963
2 0.12461458333333333 0.08748148148148148 0.009447916666666667 0.026814814814814816
2 0.03981770833333333 0.04578703703703704 0.010130208333333333 0.01862962962962963
2 0.08388020833333334 0.04875925925925926 0.024364583333333335 0.022712962962962963
2 0.086171875 0.07306481481481482 0.009250000000000001 0.02086111111111111
2 0.40868229166666664 0.2928425925925926 0.014578124999999999 0.038842592592592595
2 0.4456875 0.3146574074074074 0.019713541666666667 0.027046296296296297
3 0.9639114583333334 0.5246018518518519 0.07121875000000001 0.06737962962962962
3 0.7681979166666667 0.3627314814814815 0.025770833333333333 0.06275925925925926
3 0.7247447916666666 0.37784259259259256 0.061197916666666664 0.06853703703703704
3 0.20296875 0.060925925925925925 0.026651041666666667 0.029203703703703704