2 0.49225 0.3081111111111111 0.05300520833333333 0.047157407407407405
2 0.30724479166666663 0.23554629629629628 0.084953125 0.11414814814814815
2 0.62046875 0.4280555555555556 0.016973958333333334 0.06290740740740741
2 0.7333697916666666 0.4848148148148148 0.018817708333333336 0.056046296296296295
2 0.6810885416666667 0.49642592592592594 0.018421874999999997 0.06075925925925926
2 0.7560885416666667 0.6133703703703705 0.019125 0.08786111111111111
2 0.6583125 0.6942499999999999 0.01628125 0.06751851851851852
2 0.6899531250000001 0.6582777777777779 0.015921875 0.08507407407407407
2 0.08347916666666667 0.931037037037037 0.048906250000000005 0.08120370370370371
2 0.21156770833333333 0.1515462962962963 0.008208333333333333 0.05000925925925926
2 0.38296354166666663 0.2566481481481482 0.010718749999999999 0.050333333333333334
2 0.40703125 0.2807777777777778 0.013713541666666666 0.03994444444444444
3 0.20970833333333333 0.023740740740740743 0.032578125 0.04515740740740741