3 0.6385885416666667 0.3985925925925926 0.06836458333333333 0.062425925925925926
3 0.6813177083333334 0.43524074074074076 0.05140104166666667 0.05457407407407407
3 0.5501874999999999 0.34827777777777774 0.04705729166666666 0.06078703703703704
3 0.41071875 0.12230555555555556 0.12317708333333334 0.09417592592592593
3 0.8861666666666667 0.4396851851851852 0.026614583333333334 0.05860185185185185
3 0.7922499999999999 0.27644444444444444 0.07335937499999999 0.060564814814814814
3 0.9560416666666666 0.38481481481481483 0.08036979166666666 0.13078703703703703
3 0.7780625000000001 0.34724074074074074 0.13397916666666668 0.1015462962962963
3 0.7902604166666667 0.4226574074074074 0.06389583333333333 0.059
3 0.8105052083333334 0.5070277777777779 0.064953125 0.04493518518518519
3 0.9746041666666667 0.5451388888888888 0.050796875 0.10214814814814814
3 0.591171875 0.3683611111111111 0.03819270833333333 0.04955555555555556
3 0.515 0.31835185185185183 0.036645833333333336 0.046537037037037036
3 0.48191666666666666 0.28888888888888886 0.038421875 0.04616666666666667
3 0.45002604166666665 0.2714814814814815 0.03486458333333333 0.03514814814814815
3 0.42235416666666664 0.2397962962962963 0.041276041666666666 0.054120370370370374
3 0.3946354166666667 0.22783333333333333 0.024958333333333336 0.038425925925925926
3 0.367515625 0.2134537037037037 0.028880208333333334 0.03711111111111111
3 0.3465052083333333 0.19637962962962963 0.027520833333333335 0.037731481481481484
3 0.31508854166666667 0.17952777777777776 0.02850520833333333 0.040629629629629634
3 0.2796458333333333 0.1547222222222222 0.029677083333333333 0.039518518518518515
3 0.25703125 0.13572222222222224 0.028192708333333334 0.0399537037037037
3 0.23306770833333335 0.11883333333333333 0.029166666666666667 0.038203703703703705
3 0.2060364583333333 0.10716666666666666 0.024510416666666666 0.030416666666666668
3 0.322203125 0.07353703703703704 0.07206770833333334 0.07478703703703703
3 0.2566041666666667 0.02924074074074074 0.04278645833333334 0.05391666666666666
3 0.22146875000000002 0.03334259259259259 0.025010416666666667 0.037398148148148146
3 0.40722916666666664 0.1827037037037037 0.028088541666666668 0.030787037037037036
3 0.5878489583333334 0.2049537037037037 0.038968749999999996 0.08142592592592593
3 0.6351614583333334 0.32181481481481483 0.03544270833333333 0.04993518518518519
3 0.9412291666666667 0.5011111111111112 0.06252604166666667 0.0698425925925926
3 0.9024739583333333 0.47775 0.04934375 0.04275925925925926
3 0.7394479166666666 0.3903888888888889 0.047552083333333335 0.05609259259259259
3 0.682984375 0.3477037037037037 0.04321875 0.051250000000000004
3 0.5212135416666667 0.24891666666666665 0.03158333333333333 0.03940740740740741
3 0.853265625 0.5529907407407407 0.06080208333333333 0.07964814814814815