3 0.5702552083333334 0.20729629629629628 0.115140625 0.09349074074074074
3 0.35667708333333337 0.08451851851851852 0.07479166666666666 0.1035648148148148
3 0.34252604166666667 0.13420370370370371 0.03896354166666667 0.043944444444444446
2 0.6847447916666667 0.811787037037037 0.11584375 0.09774999999999999
3 0.987671875 0.28637037037037033 0.024661458333333334 0.03741666666666666
2 0.28064583333333337 0.20249074074074075 0.09602083333333335 0.16115740740740742
2 0.27938541666666666 0.2084351851851852 0.09257291666666667 0.15711111111111112
3 0.9426979166666667 0.2556759259259259 0.11459895833333333 0.0947037037037037
3 0.447453125 0.13062037037037036 0.08664583333333334 0.10518518518518517
2 0.42153125 0.6049351851851852 0.13693750000000002 0.16012962962962962
3 0.794015625 0.2979259259259259 0.19220312499999997 0.21931481481481482
3 0.7253020833333333 0.4734537037037037 0.053031249999999995 0.06111111111111111
2 0.12773958333333332 0.1082962962962963 0.06797916666666667 0.11165740740740741
2 0.16975 0.0869074074074074 0.018135416666666668 0.031842592592592596