3 0.37206770833333336 0.22237962962962962 0.046510416666666665 0.04259259259259259
3 0.6100885416666666 0.37680555555555556 0.05825 0.062064814814814816
3 0.962984375 0.49757407407407406 0.020442708333333334 0.0532962962962963
2 0.40531770833333336 0.30100925925925925 0.015239583333333334 0.04646296296296296
2 0.13270833333333334 0.11110185185185184 0.007114583333333333 0.020962962962962964
2 0.09008854166666666 0.06066666666666666 0.008578124999999999 0.028194444444444442
3 0.20450520833333333 0.11103703703703705 0.029072916666666667 0.03581481481481481
3 0.28997395833333334 0.047870370370370376 0.062734375 0.05185185185185185
3 0.35276041666666663 0.07693518518518519 0.035369791666666664 0.033990740740740745
3 0.38591145833333335 0.1067962962962963 0.023401041666666667 0.032685185185185185
3 0.40856770833333333 0.11991666666666666 0.023416666666666665 0.02360185185185185
3 0.46515625 0.12476851851851851 0.08795833333333333 0.09325
3 0.765625 0.2843611111111111 0.09641666666666666 0.10524074074074073
3 0.884921875 0.32115740740740745 0.13872395833333334 0.12744444444444444