2 0.8294010416666667 0.6577685185185185 0.055234374999999995 0.07850925925925926
2 0.6399114583333334 0.46039814814814817 0.019203124999999998 0.061120370370370374
2 0.5730520833333334 0.39862037037037035 0.018093750000000002 0.05859259259259259
2 0.5609427083333334 0.7592222222222222 0.032765625 0.0851574074074074
2 0.37295833333333334 0.8416203703703704 0.025432291666666666 0.06449074074074075
2 0.5337760416666666 0.793787037037037 0.028828125 0.08512962962962962
2 0.07470312500000001 0.9329999999999999 0.06824479166666667 0.0811851851851852
2 0.29740104166666664 0.2162685185185185 0.011859375 0.044453703703703704
2 0.14966145833333336 0.10643518518518519 0.009223958333333334 0.03292592592592593
2 0.06275 0.046953703703703706 0.008651041666666666 0.023175925925925926
3 0.5261770833333334 0.2571111111111111 0.04072916666666667 0.04375
3 0.9806822916666668 0.5476203703703704 0.038640625 0.08019444444444444