2 0.2772760416666667 0.8783333333333333 0.05200520833333333 0.06012037037037038
2 0.18392187499999998 0.9121296296296296 0.04384375 0.05221296296296296
2 0.5888697916666668 0.7505185185185185 0.03505208333333333 0.08001851851851852
2 0.024119791666666668 0.9600555555555554 0.04721354166666667 0.07286111111111111
3 0.22828125000000002 0.06421296296296296 0.024583333333333336 0.027083333333333334
2 0.16614583333333333 0.9107777777777778 0.07555729166666666 0.05921296296296297
2 0.596765625 0.38878703703703704 0.017125 0.0402962962962963
2 0.5050208333333334 0.3912777777777778 0.10098958333333334 0.17417592592592593
2 0.5631145833333334 0.3852685185185185 0.012260416666666666 0.052453703703703704
2 0.6410364583333333 0.4091111111111111 0.010557291666666666 0.04530555555555556
2 0.733859375 0.4881296296296296 0.014005208333333333 0.043972222222222225
2 0.5844322916666667 0.8555462962962963 0.09686979166666668 0.07272222222222223
2 0.0903125 0.05387037037037037 0.008067708333333333 0.028907407407407406
2 0.26301562500000003 0.1930740740740741 0.010296875 0.03652777777777778
2 0.3099895833333333 0.18344444444444444 0.007838541666666667 0.03098148148148148
2 0.3634427083333333 0.24847222222222223 0.011598958333333333 0.04108333333333333
3 0.5465364583333333 0.18089814814814814 0.08376041666666666 0.11328703703703703
3 0.20496875 0.039185185185185184 0.006302083333333333 0.029694444444444443
3 0.881234375 0.3572314814814815 0.23294270833333333 0.16581481481481483