3 0.6110364583333333 0.2803333333333333 0.06634895833333333 0.03489814814814814
3 0.3283802083333333 0.11375925925925925 0.04830729166666667 0.024074074074074074
2 0.36809895833333334 0.7298796296296296 0.10705208333333333 0.1215648148148148
3 0.21559895833333334 0.04594444444444444 0.031286458333333336 0.018444444444444447
2 0.6971302083333334 0.46008333333333334 0.05203125 0.06084259259259259
2 0.5827552083333334 0.4082222222222222 0.023177083333333334 0.04800925925925926
2 0.5235885416666667 0.5626388888888889 0.11565625 0.19322222222222224
3 0.1829375 0.04758333333333333 0.030312500000000003 0.018462962962962966
3 0.5715104166666667 0.2631574074074074 0.059557291666666665 0.024398148148148148
2 0.21540104166666665 0.14941666666666667 0.04465104166666667 0.03468518518518519
3 0.979375 0.553287037037037 0.04125 0.07862037037037037
2 0.45882812500000003 0.29008333333333336 0.047171874999999995 0.04794444444444444
3 0.24058854166666668 0.07760185185185185 0.05133854166666666 0.021453703703703704
3 0.6547447916666667 0.3159814814814815 0.070921875 0.03465740740740741
2 0.7548697916666666 0.5839166666666666 0.01940625 0.04100925925925926
2 0.490546875 0.4046018518518519 0.07831250000000001 0.13945370370370372
2 0.522625 0.35600925925925925 0.017432291666666665 0.046953703703703706
3 0.942703125 0.4997685185185185 0.07494791666666667 0.04055555555555555
3 0.45708333333333334 0.2134537037037037 0.05080208333333334 0.03997222222222222
3 0.8017916666666667 0.3854444444444444 0.054411458333333336 0.03560185185185186
3 0.5297968750000001 0.2444722222222222 0.05599479166666667 0.028037037037037037
3 0.7316510416666666 0.366 0.057046875000000004 0.030925925925925926
3 0.6954739583333333 0.3239074074074074 0.08930729166666666 0.045009259259259256
3 0.36602604166666663 0.12492592592592591 0.03530208333333333 0.019796296296296294
3 0.4878854166666667 0.19572222222222221 0.03532291666666666 0.026537037037037036
3 0.19073958333333335 0.032916666666666664 0.024973958333333334 0.015231481481481481
3 0.208421875 0.060953703703703704 0.037265625 0.017648148148148145
3 0.15764583333333335 0.023944444444444445 0.03652604166666666 0.019268518518518518
3 0.161390625 0.07096296296296296 0.0240625 0.022287037037037036
3 0.23654166666666668 0.05642592592592592 0.03686979166666667 0.01873148148148148
3 0.36640104166666665 0.15939814814814815 0.04477604166666667 0.025935185185185186
3 0.524640625 0.2531203703703704 0.05629166666666666 0.034027777777777775
2 0.7874322916666666 0.47485185185185186 0.020770833333333336 0.041685185185185186
3 0.38934895833333333 0.14280555555555555 0.03515625 0.024564814814814817
3 0.41696875 0.15813888888888888 0.034213541666666666 0.024342592592592593
2 0.13027083333333334 0.08862037037037036 0.009286458333333332 0.026287037037037036
2 0.35050000000000003 0.23725925925925928 0.015541666666666667 0.04017592592592593
3 0.97971875 0.5259814814814814 0.040562499999999994 0.04009259259259259
2 0.8246354166666666 0.5117314814814814 0.017812500000000002 0.058509259259259254
3 0.960453125 0.4809259259259259 0.07034375 0.04472222222222222
3 0.200609375 0.05737037037037037 0.04076041666666667 0.017277777777777777
3 0.30599479166666665 0.037509259259259256 0.049765625 0.02684259259259259
2 0.789453125 0.5971111111111111 0.0208125 0.06466666666666666
2 0.8327760416666667 0.6632777777777779 0.04988541666666667 0.07076851851851852
3 0.188453125 0.04337962962962963 0.0309375 0.019342592592592592
3 0.21334375 0.052472222222222226 0.041609375 0.02263888888888889
3 0.5156562499999999 0.2202685185185185 0.03785416666666667 0.023157407407407408
3 0.2895364583333333 0.09438888888888888 0.031140624999999998 0.018842592592592595
3 0.90896875 0.44862037037037034 0.05493229166666667 0.04632407407407407
3 0.40996875 0.19041666666666668 0.04116666666666667 0.027564814814814813
2 0.38146354166666663 0.28941666666666666 0.014020833333333335 0.03974074074074074
3 0.2739895833333333 0.10237962962962963 0.043770833333333335 0.02275
3 0.7555885416666667 0.3566574074074074 0.06108333333333334 0.025972222222222223
3 0.24645833333333333 0.0709537037037037 0.04348958333333333 0.026583333333333334
3 0.30800520833333334 0.049601851851851855 0.05191666666666667 0.04432407407407407
3 0.6684427083333334 0.30000925925925925 0.04682291666666667 0.038768518518518515
3 0.38609374999999996 0.13594444444444445 0.034755208333333336 0.02150925925925926
3 0.40338541666666666 0.17728703703703705 0.056067708333333334 0.025333333333333333
3 0.27073437499999997 0.07144444444444444 0.0366875 0.02352777777777778
3 0.9002291666666667 0.46309259259259256 0.06816666666666667 0.023055555555555555
3 0.5444947916666667 0.25726851851851856 0.094296875 0.03851851851851852
3 0.3291510416666667 0.14216666666666666 0.04422916666666667 0.030342592592592595
3 0.20277604166666666 0.03752777777777778 0.027010416666666665 0.018555555555555554
3 0.09838541666666667 0.027185185185185184 0.030723958333333336 0.021305555555555557
3 0.2802447916666667 0.07528703703703704 0.027796875 0.01991666666666667
3 0.24731770833333336 0.06216666666666667 0.038234375 0.023916666666666666
2 0.3485052083333333 0.2912222222222222 0.01576041666666667 0.040212962962962964
3 0.78278125 0.3726759259259259 0.09527083333333333 0.047462962962962964
2 0.696 0.713574074074074 0.022203125 0.08147222222222222
2 0.6091979166666667 0.7460462962962963 0.034375 0.07541666666666667
3 0.254046875 0.20808333333333331 0.007536458333333333 0.03136111111111111
2 0.24861979166666667 0.16971296296296295 0.008604166666666666 0.026537037037037036
2 0.2456458333333333 0.13182407407407407 0.008442708333333333 0.03514814814814815
2 0.25731770833333334 0.14892592592592593 0.009322916666666665 0.03231481481481481
2 0.42109375 0.24878703703703703 0.007869791666666666 0.03535185185185185
2 0.403890625 0.28775 0.009817708333333335 0.038981481481481485