2 0.24030729166666667 0.8878888888888888 0.053296875 0.06708333333333334
2 0.5892031249999999 0.7429629629629629 0.03544791666666667 0.07802777777777778
2 0.7067135416666667 0.48992592592592593 0.02519270833333333 0.06400925925925925
3 0.38368749999999996 0.14937037037037038 0.04638020833333333 0.04777777777777778
2 0.5485208333333333 0.7890555555555555 0.03875 0.08388888888888889
2 0.6707760416666667 0.6900092592592593 0.027067708333333333 0.06321296296296296
3 0.22785416666666666 0.06186111111111111 0.04465104166666667 0.0404537037037037
3 0.7732656250000001 0.367462962962963 0.0265625 0.062064814814814816
2 0.10285416666666666 0.06360185185185185 0.048531250000000005 0.061481481481481484
2 0.715109375 0.7087222222222221 0.023703125 0.05906481481481481
2 0.17566666666666667 0.08662037037037036 0.026020833333333333 0.030638888888888893
2 0.14966145833333336 0.10245370370370371 0.006093749999999999 0.025861111111111112
2 0.23834375 0.1607962962962963 0.007875 0.02847222222222222
2 0.25314583333333335 0.19171296296296297 0.006286458333333333 0.03167592592592593
2 0.2959375 0.19421296296296298 0.007203125 0.02874074074074074
2 0.3270104166666667 0.2355925925925926 0.011760416666666666 0.04020370370370371
2 0.7240729166666667 0.6141388888888889 0.014338541666666668 0.06994444444444445
2 0.7450416666666667 0.6457777777777778 0.017249999999999998 0.07865740740740741