3 0.6697760416666667 0.4201944444444444 0.07147395833333332 0.07315740740740741
3 0.7834166666666668 0.48952777777777784 0.05884895833333333 0.06066666666666666
3 0.7282135416666667 0.44532407407407404 0.06646875000000001 0.07126851851851852
3 0.7611145833333333 0.2678333333333333 0.124859375 0.11957407407407405
3 0.8450208333333333 0.5446666666666666 0.053515625 0.08878703703703704
3 0.9167447916666667 0.6137407407407408 0.078296875 0.07750925925925925
3 0.3904635416666667 0.10589814814814816 0.06484375 0.07994444444444444
3 0.5143489583333333 0.14985185185185185 0.104953125 0.12243518518518517
3 0.28868229166666665 0.051472222222222225 0.051625000000000004 0.06045370370370371
3 0.24378645833333332 0.04265740740740741 0.021994791666666666 0.036981481481481476
3 0.21776562500000002 0.054981481481481485 0.0076458333333333335 0.025833333333333333
3 0.23050520833333332 0.067 0.006140624999999999 0.022055555555555557
3 0.2542291666666667 0.08202777777777778 0.007828125 0.02638888888888889
3 0.29078645833333333 0.09988888888888889 0.008192708333333333 0.021777777777777778
3 0.30887499999999996 0.10608333333333332 0.010338541666666668 0.033462962962962965
3 0.329859375 0.12283333333333334 0.007135416666666667 0.0315
3 0.3832447916666667 0.16994444444444443 0.009494791666666667 0.025592592592592594
3 0.46430208333333334 0.21034259259259258 0.017291666666666667 0.03546296296296296
2 0.7570208333333334 0.6292962962962962 0.048828125 0.06622222222222222
3 0.9209270833333334 0.4803055555555556 0.016182291666666668 0.046046296296296294
3 0.9557291666666666 0.5055648148148149 0.023640625000000002 0.0472037037037037
3 0.9845416666666666 0.5076111111111111 0.015135416666666667 0.03364814814814815
3 0.9537916666666667 0.455212962962963 0.01446875 0.037009259259259256
3 0.93603125 0.4301111111111111 0.016645833333333335 0.039712962962962964
3 0.9819010416666667 0.43748148148148147 0.013161458333333332 0.038
3 0.8035781249999999 0.42703703703703705 0.014911458333333332 0.041777777777777775
3 0.7733697916666666 0.385537037037037 0.01003125 0.035472222222222224
3 0.8035416666666666 0.38903703703703707 0.016817708333333334 0.03161111111111111