3 0.5897239583333334 0.20308333333333334 0.14014583333333333 0.13817592592592592
3 0.4475104166666667 0.1326111111111111 0.13392708333333334 0.1144537037037037
3 0.7033697916666667 0.2680462962962963 0.10141145833333334 0.12672222222222224
3 0.7083802083333333 0.36421296296296296 0.05938020833333334 0.052842592592592594
3 0.5250260416666667 0.24660185185185185 0.05211458333333333 0.0587037037037037
3 0.40575 0.1287777777777778 0.0726875 0.10676851851851853
2 0.4470989583333333 0.33652777777777776 0.01882291666666667 0.059509259259259255
3 0.8392552083333332 0.31936111111111115 0.173828125 0.19717592592592592
3 0.24244791666666668 0.0908611111111111 0.026312500000000003 0.02907407407407407
3 0.1572447916666667 0.03765740740740741 0.022723958333333336 0.028731481481481483
3 0.19657291666666668 0.019814814814814813 0.05103645833333333 0.039629629629629626
3 0.235421875 0.032074074074074074 0.021859375 0.05987962962962963
3 0.26728124999999997 0.03858333333333334 0.039052083333333334 0.07717592592592593
3 0.3243489583333333 0.06413888888888888 0.07307812500000001 0.1027037037037037
3 0.33954687499999997 0.12680555555555553 0.011166666666666667 0.032907407407407406