2 0.26251041666666663 0.952962962962963 0.14253645833333334 0.09407407407407407
2 0.6477083333333333 0.46405555555555555 0.05916145833333333 0.05224074074074074
3 0.593265625 0.20185185185185187 0.11915625 0.14337037037037037
2 0.47803645833333336 0.34299999999999997 0.0456875 0.04572222222222223
3 0.9484427083333333 0.37810185185185186 0.10311458333333333 0.14824074074074073
3 0.32721875 0.0526574074074074 0.07272395833333332 0.07832407407407407
3 0.15716666666666665 0.014138888888888888 0.031421875 0.028277777777777777
3 0.7631145833333334 0.24826851851851853 0.096984375 0.06408333333333333
3 0.4434427083333333 0.11972222222222223 0.17078645833333334 0.14032407407407407
2 0.749234375 0.7296851851851851 0.0761875 0.1013425925925926
2 0.10520833333333333 0.09362962962962963 0.028125 0.04837037037037037
2 0.07326041666666666 0.05583333333333333 0.02499479166666667 0.03450925925925926
2 0.14341666666666666 0.09613888888888888 0.014270833333333333 0.03178703703703704
3 0.263984375 0.043194444444444445 0.052270833333333336 0.07712962962962963