3 0.3623854166666666 0.08362962962962962 0.046609374999999995 0.05713888888888889
3 0.416515625 0.10822222222222222 0.04724479166666666 0.05588888888888889
3 0.36406770833333335 0.10418518518518519 0.050734375 0.033694444444444444
3 0.5715468749999999 0.17035185185185184 0.07955208333333334 0.08583333333333333
2 0.6467968749999999 0.8099166666666667 0.11640625 0.07965740740740741
2 0.5054583333333333 0.49650000000000005 0.08221354166666667 0.1884537037037037
3 0.3102604166666667 0.055157407407407405 0.067484375 0.08632407407407408
3 0.9498697916666666 0.5078425925925926 0.05667708333333333 0.059416666666666666
3 0.4686458333333333 0.11483333333333333 0.06046354166666667 0.04934259259259259
3 0.693234375 0.24097222222222223 0.13378645833333333 0.14960185185185185
3 0.174234375 0.04923148148148148 0.02344791666666667 0.023138888888888886
3 0.7586145833333333 0.3957777777777778 0.052375 0.04434259259259259
2 0.6232187499999999 0.7176111111111111 0.028692708333333334 0.08193518518518518
2 0.3678072916666667 0.2648981481481481 0.08499479166666667 0.13653703703703704