3 0.610046875 0.16377777777777777 0.11430729166666667 0.06155555555555556
3 0.603625 0.23326851851851851 0.12058854166666667 0.09352777777777778
3 0.34651041666666665 0.08392592592592593 0.164671875 0.07157407407407407
3 0.7760989583333333 0.3435740740740741 0.1747864583333333 0.13028703703703703
2 0.48475 0.5288333333333333 0.14160937499999998 0.25210185185185185
2 0.6790468749999999 0.8038148148148149 0.102890625 0.08294444444444445
3 0.9336354166666666 0.5856203703703704 0.07734375 0.10025925925925926
3 0.7293385416666667 0.2620277777777778 0.12177083333333334 0.11525925925925927
3 0.47344270833333335 0.15867592592592594 0.08323958333333333 0.1129537037037037
3 0.4975729166666667 0.167287037037037 0.08953645833333333 0.1550277777777778
3 0.245625 0.041611111111111106 0.057453125 0.08088888888888889
3 0.19238541666666667 0.031324074074074074 0.049526041666666666 0.05560185185185185
3 0.31909375 0.06364814814814815 0.06140104166666667 0.09836111111111112