3 0.037328125000000004 0.8624537037037038 0.07465104166666667 0.14466666666666667
2 0.031125 0.8547222222222223 0.061723958333333336 0.1557962962962963
2 0.6001927083333333 0.43584259259259256 0.018651041666666666 0.04901851851851852
3 0.7683697916666666 0.3950555555555556 0.05990625 0.047324074074074074
3 0.9451614583333333 0.5067685185185185 0.06708854166666667 0.06812037037037036
3 0.987609375 0.2891018518518519 0.02477604166666667 0.0347037037037037
3 0.9738749999999999 0.44913888888888887 0.024942708333333334 0.051759259259259255
3 0.6700052083333333 0.2488240740740741 0.10016145833333333 0.11408333333333333
3 0.23752083333333335 0.04273148148148148 0.12656770833333333 0.08546296296296296
2 0.6248697916666667 0.3085462962962963 0.03272395833333333 0.05227777777777778
3 0.6290677083333333 0.31054629629629626 0.041625 0.039101851851851846
3 0.4772239583333333 0.23103703703703704 0.04084375 0.035759259259259255
3 0.42007812499999997 0.19433333333333333 0.033375 0.038685185185185184
3 0.49045833333333333 0.23328703703703701 0.03325 0.03724074074074074
3 0.010067708333333333 0.23351851851851851 0.020130208333333333 0.042833333333333334
2 0.53759375 0.2575 0.030046874999999997 0.0489537037037037