2 0.11966666666666666 0.9266111111111112 0.052421875 0.07360185185185185
3 0.6956458333333334 0.2527407407407407 0.14255208333333333 0.1552314814814815
3 0.3360989583333333 0.05234259259259259 0.12125000000000001 0.09323148148148148
3 0.4486458333333333 0.12797222222222224 0.07294791666666667 0.11989814814814816
3 0.5862083333333333 0.19312037037037036 0.09103125 0.14176851851851854
3 0.16940625 0.014203703703703703 0.0501875 0.028407407407407406
3 0.27265625 0.10255555555555557 0.031104166666666665 0.030712962962962966
3 0.9388020833333334 0.3930092592592592 0.12239583333333333 0.12243518518518517
3 0.5200104166666667 0.2311111111111111 0.00928125 0.04367592592592593
3 0.4734583333333333 0.21507407407407408 0.011645833333333333 0.037953703703703705
2 0.5007864583333334 0.40125925925925926 0.08328645833333333 0.20480555555555555