2 0.23396354166666666 0.886712962962963 0.05874479166666667 0.07533333333333334
2 0.68359375 0.44499074074074074 0.060953125000000004 0.054740740740740736
2 0.057890625 0.928537037037037 0.07448437499999999 0.08562962962962964
2 0.168515625 0.08463888888888889 0.008463541666666666 0.024527777777777777
2 0.09934895833333333 0.06594444444444444 0.012260416666666666 0.028907407407407406
2 0.44877083333333334 0.29839814814814813 0.014984375 0.0405925925925926
2 0.4843541666666667 0.34473148148148147 0.014718750000000001 0.04210185185185185
2 0.29856770833333335 0.2039351851851852 0.010328124999999999 0.03440740740740741
2 0.327140625 0.21522222222222223 0.01096875 0.030638888888888893
2 0.7098177083333332 0.5468796296296297 0.015932291666666668 0.04321296296296297
2 0.121453125 0.0849074074074074 0.008885416666666666 0.02475
2 0.7845260416666666 0.5517407407407408 0.014958333333333332 0.040740740740740744
2 0.19151041666666666 0.11537037037037036 0.010963541666666667 0.020453703703703703
2 0.7375260416666667 0.4921944444444445 0.011708333333333333 0.044055555555555556
2 0.7315208333333333 0.4928240740740741 0.011828125 0.039342592592592596
2 0.186796875 0.14408333333333334 0.021510416666666664 0.04063888888888889
2 0.7011927083333334 0.7019814814814814 0.022177083333333333 0.06516666666666666
2 0.7496354166666667 0.6682037037037036 0.016635416666666666 0.0647962962962963
2 0.7006302083333333 0.6355925925925926 0.018880208333333332 0.052055555555555556
2 0.6086666666666667 0.7267962962962964 0.027453125000000002 0.07705555555555556
2 0.562578125 0.7842870370370371 0.043250000000000004 0.08710185185185185
3 0.94075 0.43580555555555556 0.027338541666666667 0.04137037037037037
3 0.45386979166666663 0.2064814814814815 0.03794270833333333 0.05803703703703704