2 0.7438177083333334 0.6645555555555556 0.021661458333333335 0.06541666666666668
2 0.2958385416666667 0.8434722222222223 0.023166666666666665 0.07790740740740741
2 0.20283854166666665 0.16102777777777777 0.034005208333333335 0.04611111111111111
2 0.04280208333333334 0.9495370370370371 0.08107291666666666 0.0753425925925926
2 0.5550312500000001 0.7576111111111111 0.039875 0.07676851851851851
2 0.16432291666666668 0.9129444444444444 0.06511979166666666 0.05881481481481482
2 0.23801041666666667 0.15043518518518517 0.012598958333333334 0.03
2 0.17277083333333335 0.11488888888888889 0.011942708333333333 0.030638888888888893
3 0.6522135416666667 0.3287037037037037 0.057442708333333335 0.04708333333333333
2 0.505015625 0.3546018518518519 0.023328124999999998 0.06123148148148148
2 0.29570833333333335 0.20729629629629628 0.012265625 0.029185185185185186
2 0.5669270833333333 0.41860185185185184 0.016796875 0.05187962962962963
2 0.14255729166666667 0.09929629629629629 0.010083333333333333 0.027962962962962964
3 0.5279010416666667 0.2364074074074074 0.0486875 0.039574074074074074
2 0.43041666666666667 0.3076851851851852 0.01940625 0.04660185185185185
2 0.6302968750000001 0.4405648148148148 0.019802083333333335 0.055092592592592596
2 0.3461197916666666 0.22871296296296295 0.009958333333333335 0.03278703703703703
2 0.316078125 0.2316851851851852 0.011078125 0.02564814814814815
2 0.2392395833333333 0.8520277777777778 0.03245833333333333 0.057555555555555554
2 0.7439270833333332 0.5092685185185185 0.019640625000000002 0.058750000000000004
2 0.6353802083333334 0.4419537037037037 0.014645833333333334 0.04987037037037037
2 0.6634895833333334 0.43980555555555556 0.017536458333333334 0.056962962962962965
2 0.3183697916666667 0.8543518518518519 0.029713541666666666 0.07751851851851851
2 0.089328125 0.05501851851851852 0.009182291666666667 0.024324074074074074
2 0.16782291666666668 0.8677592592592592 0.031276041666666664 0.042898148148148144
2 0.08417708333333333 0.061759259259259264 0.0111875 0.029361111111111112
3 0.8697447916666667 0.46573148148148147 0.046781249999999996 0.06417592592592593
3 0.40554166666666663 0.18030555555555555 0.034656250000000006 0.05201851851851852
2 0.697140625 0.6428703703703703 0.013828125 0.08681481481481482
2 0.730078125 0.5846851851851852 0.018807291666666667 0.06845370370370371
2 0.6469010416666666 0.7416018518518518 0.0165625 0.09037037037037036