3 0.7460572916666667 0.3920740740740741 0.05513020833333333 0.0531574074074074
3 0.953015625 0.5141666666666667 0.07951562499999999 0.08114814814814815
3 0.3377291666666667 0.06794444444444445 0.07996874999999999 0.10811111111111112
3 0.38536979166666663 0.17030555555555557 0.033229166666666664 0.04614814814814815
3 0.5234322916666667 0.19462037037037036 0.039072916666666666 0.061092592592592594
3 0.21790625 0.0701574074074074 0.027911458333333337 0.04070370370370371
3 0.652953125 0.3257129629629629 0.04843229166666666 0.06398148148148147
3 0.8843802083333333 0.4606203703703704 0.040817708333333334 0.04666666666666667
3 0.7896354166666666 0.3061111111111111 0.09766145833333333 0.14783333333333332
2 0.8062135416666667 0.725287037037037 0.08352604166666668 0.09155555555555556
2 0.649234375 0.720462962962963 0.02518229166666667 0.08762037037037036
2 0.7646145833333333 0.6228981481481481 0.022838541666666667 0.07684259259259259
2 0.726578125 0.5488518518518518 0.019911458333333333 0.07308333333333333
2 0.660109375 0.47654629629629625 0.017197916666666667 0.06708333333333334
2 0.5134739583333333 0.3730277777777778 0.0133125 0.052972222222222226
2 0.4528177083333333 0.3320648148148148 0.016588541666666668 0.04678703703703704
2 0.419203125 0.3028611111111111 0.012057291666666666 0.04410185185185186
2 0.432484375 0.2624444444444444 0.04022916666666666 0.04473148148148148
2 0.34985937500000003 0.2543055555555555 0.015645833333333335 0.04560185185185185
2 0.39159375 0.6199259259259259 0.195578125 0.25637037037037036
2 0.08809895833333334 0.9208703703703703 0.07124479166666667 0.10180555555555555
2 0.31807812500000004 0.8616111111111111 0.052348958333333334 0.06491666666666666
2 0.37286458333333333 0.8298796296296296 0.028098958333333333 0.08543518518518518
2 0.07776041666666668 0.0545 0.012401041666666666 0.03646296296296297