3 0.7296354166666668 0.45625925925925925 0.06177604166666666 0.07158333333333333
3 0.484328125 0.2980185185185185 0.05335416666666667 0.06065740740740741
3 0.4296302083333333 0.2591481481481481 0.035765625 0.04630555555555555
3 0.6700833333333333 0.42687037037037034 0.053494791666666666 0.060222222222222226
3 0.5978697916666668 0.3784166666666667 0.050875000000000004 0.060138888888888895
3 0.697875 0.2717685185185185 0.14422916666666669 0.11668518518518518
3 0.7927447916666667 0.38352777777777775 0.03696875 0.07073148148148148
3 0.8003697916666667 0.5014814814814815 0.0484375 0.0717962962962963
3 0.8569635416666667 0.5482222222222223 0.05468229166666667 0.08606481481481482
3 0.93878125 0.6124814814814815 0.07545833333333334 0.0776111111111111
3 0.9493802083333333 0.5167777777777778 0.06516145833333334 0.07242592592592592
3 0.8829166666666667 0.4606018518518518 0.029677083333333333 0.04473148148148148
3 0.9541822916666667 0.4603055555555556 0.015421875 0.05586111111111111
3 0.9891875 0.4670740740740741 0.011442708333333333 0.04335185185185185
3 0.7512552083333334 0.3597962962962963 0.016145833333333335 0.041074074074074075
3 0.7114375000000001 0.371787037037037 0.050791666666666666 0.046824074074074074
3 0.8233437499999999 0.3942407407407407 0.011614583333333334 0.04875
3 0.5841666666666666 0.24412962962962964 0.009427083333333334 0.023324074074074077
3 0.619796875 0.2626759259259259 0.008890625000000001 0.026564814814814815
3 0.6001875 0.2756296296296296 0.016557291666666665 0.03292592592592593
3 0.51340625 0.24615740740740744 0.042979166666666666 0.05343518518518518
3 0.46040625 0.21180555555555555 0.025625000000000002 0.05505555555555556
3 0.359515625 0.2081851851851852 0.03261979166666667 0.04912037037037037
3 0.39958333333333335 0.22893518518518519 0.03436979166666666 0.05025
3 0.33142708333333337 0.18830555555555556 0.02771875 0.031490740740740736
3 0.30958854166666666 0.16475 0.028734375 0.03256481481481482
3 0.28272395833333336 0.1542777777777778 0.023348958333333333 0.032462962962962964
3 0.26157291666666665 0.14396296296296296 0.022078125 0.02876851851851852
3 0.23929166666666665 0.12975925925925924 0.030260416666666668 0.030314814814814815
3 0.21969791666666666 0.1165462962962963 0.023307291666666667 0.02862037037037037
3 0.201640625 0.1075462962962963 0.01941666666666667 0.02625925925925926
3 0.18847395833333333 0.0969537037037037 0.01871875 0.025898148148148146
3 0.16968229166666668 0.08548148148148148 0.021437499999999998 0.032916666666666664
3 0.15338020833333335 0.0717962962962963 0.016666666666666666 0.025083333333333332
3 0.13434375 0.053814814814814815 0.015223958333333334 0.02949074074074074
3 0.16248437500000001 0.03925 0.009229166666666667 0.017296296296296296
3 0.1775625 0.0500462962962963 0.012281249999999999 0.01936111111111111
3 0.27060937500000004 0.10528703703703703 0.018895833333333334 0.01913888888888889
3 0.24429166666666668 0.08992592592592594 0.0168125 0.02227777777777778
3 0.3110572916666667 0.13136111111111112 0.013354166666666667 0.027
3 0.40681770833333336 0.18924999999999997 0.027598958333333333 0.02816666666666667
3 0.6376510416666666 0.32151851851851854 0.04386979166666667 0.05048148148148148