2 0.6873125000000001 0.2676388888888889 0.028932291666666665 0.03371296296296296
2 0.746515625 0.14933333333333335 0.017036458333333334 0.022694444444444444
2 0.7652135416666667 0.40570370370370373 0.016359375 0.042138888888888885
2 0.7258072916666667 0.1691574074074074 0.026312500000000003 0.03103703703703704
2 0.8840312499999999 0.49659259259259264 0.01932291666666667 0.04314814814814815
2 0.7418177083333333 0.3510462962962963 0.011666666666666665 0.03431481481481482
2 0.8431197916666666 0.1215648148148148 0.009234375 0.02137037037037037
2 0.762640625 0.15940740740740741 0.02263541666666667 0.024231481481481482
2 0.8109583333333333 0.45169444444444445 0.017437499999999998 0.041824074074074076
2 0.7134531249999999 0.31980555555555557 0.007125 0.03589814814814815
2 0.7210208333333333 0.3439907407407407 0.0060416666666666665 0.035027777777777776
2 0.7353385416666666 0.38442592592592595 0.007541666666666667 0.031324074074074074
2 0.7396614583333334 0.2685 0.007755208333333334 0.04033333333333333