2 0.7652916666666666 0.4019351851851852 0.01321875 0.06003703703703704
2 0.6998854166666667 0.20796296296296296 0.028244791666666665 0.04246296296296296
2 0.8067083333333334 0.13157407407407407 0.016192708333333333 0.04092592592592593
3 0.3352552083333334 0.38587962962962963 0.019473958333333333 0.037203703703703704
3 0.22186458333333334 0.5320648148148148 0.016338541666666668 0.057962962962962966
3 0.27213020833333335 0.5156759259259259 0.016505208333333334 0.06222222222222223
3 0.1908645833333333 0.6130925925925926 0.021052083333333336 0.07494444444444444
3 0.13221354166666666 0.5963333333333333 0.0185625 0.06612037037037037
3 0.1655 0.5413981481481481 0.015026041666666667 0.053
3 0.17066666666666666 0.48487037037037034 0.016677083333333335 0.04072222222222222
3 0.07924479166666668 0.58525 0.019598958333333336 0.06556481481481481
3 0.118859375 0.5494259259259259 0.015036458333333334 0.06211111111111111
3 0.08421875 0.6656851851851853 0.018557291666666666 0.06925925925925926
3 0.045046875 0.7067314814814815 0.021625000000000002 0.07951851851851852