2 0.8181614583333333 0.5141111111111111 0.08633854166666667 0.03930555555555556
2 0.76890625 0.4856018518518519 0.04765625 0.03721296296296296
2 0.7300364583333334 0.4536851851851852 0.045197916666666664 0.04238888888888889
2 0.6571197916666667 0.4383240740740741 0.037703125 0.05114814814814815
2 0.8181927083333334 0.5657037037037037 0.100875 0.054564814814814816
2 0.7211979166666667 0.22516666666666668 0.030218750000000003 0.02573148148148148
2 0.691953125 0.3958333333333333 0.03829166666666666 0.04075925925925926
2 0.7106041666666666 0.4224074074074074 0.04242708333333333 0.0442037037037037
2 0.6852395833333333 0.46368518518518514 0.042192708333333336 0.04769444444444444
2 0.6636354166666667 0.35439814814814813 0.0320625 0.027648148148148147
2 0.8585208333333333 0.5497777777777778 0.06665625 0.04518518518518518
2 0.6910937500000001 0.26793518518518517 0.0348125 0.03133333333333334
2 0.7094427083333333 0.4991666666666667 0.049630208333333335 0.04178703703703704
2 0.6228802083333334 0.3860462962962963 0.030171875 0.027490740740740743
2 0.7571718749999999 0.51375 0.050499999999999996 0.03233333333333333
2 0.70509375 0.24371296296296294 0.03249479166666667 0.030138888888888885
2 0.886421875 0.5958055555555556 0.08959895833333334 0.0610462962962963
2 0.6827239583333333 0.2732685185185185 0.03705208333333333 0.028537037037037038
2 0.6626666666666666 0.33145370370370375 0.031572916666666666 0.03119444444444444
2 0.6718385416666667 0.2894351851851852 0.035432291666666664 0.03155555555555555
2 0.7617239583333333 0.5421574074074074 0.0660625 0.036472222222222225
2 0.6923645833333333 0.21133333333333335 0.026432291666666666 0.02148148148148148