3 0.5308333333333334 0.656462962962963 0.11559375 0.08257407407407408
3 0.2776666666666667 0.6309629629629631 0.14865104166666668 0.10512962962962964
3 0.17035937499999998 0.6461574074074075 0.031067708333333333 0.0645
3 0.09638020833333334 0.581425925925926 0.014395833333333333 0.049185185185185186
3 0.14947395833333335 0.5309537037037036 0.00928125 0.05733333333333333
3 0.17477604166666666 0.536675925925926 0.01575 0.06369444444444446
3 0.230578125 0.46152777777777776 0.012598958333333334 0.05800925925925926
3 0.3344479166666667 0.39262962962962966 0.011067708333333334 0.04958333333333333
2 0.6573802083333333 0.35790740740740745 0.029432291666666666 0.05625
2 0.7333020833333334 0.30064814814814816 0.00825 0.03812962962962963
2 0.6935885416666667 0.23807407407407408 0.024432291666666665 0.04236111111111111