2 0.7795625 0.49748148148148147 0.05503125 0.07550000000000001
3 0.2941197916666667 0.4557037037037037 0.046640625 0.06186111111111111
2 0.6792447916666667 0.39149074074074075 0.030723958333333336 0.06419444444444444
2 0.8315520833333333 0.456 0.012723958333333334 0.051722222222222225
2 0.79234375 0.4418240740740741 0.00896875 0.04087962962962963
2 0.77184375 0.3975740740740741 0.008130208333333333 0.04005555555555555
2 0.73121875 0.3563981481481482 0.012109375 0.045342592592592594
2 0.7146458333333333 0.3399814814814815 0.009958333333333335 0.04507407407407407
2 0.7343489583333334 0.2806574074074074 0.007697916666666666 0.042888888888888886
2 0.7483541666666667 0.2833703703703704 0.007161458333333333 0.04580555555555556
2 0.7571718749999999 0.25283333333333335 0.00571875 0.04359259259259259
2 0.8998958333333333 0.5698055555555556 0.058546875 0.07771296296296297
2 0.7811614583333333 0.1238888888888889 0.014802083333333334 0.02237962962962963
2 0.7294583333333333 0.20148148148148148 0.021697916666666664 0.03480555555555556
2 0.6849843750000001 0.20689814814814814 0.021901041666666666 0.03937962962962963