2 0.71853125 0.5067870370370371 0.05393229166666667 0.06722222222222221
2 0.728296875 0.45325925925925925 0.05066145833333333 0.05162037037037037
2 0.7416666666666667 0.3947407407407407 0.017677083333333333 0.041962962962962966
2 0.8297239583333333 0.47497222222222224 0.01758854166666667 0.037453703703703704
3 0.08073958333333334 0.570462962962963 0.020473958333333334 0.0564537037037037
2 0.780984375 0.4316851851851852 0.020895833333333332 0.04217592592592592
2 0.7735260416666667 0.4127592592592592 0.015692708333333333 0.03602777777777778
2 0.7478854166666667 0.391712962962963 0.01923958333333333 0.047157407407407405
2 0.8351145833333333 0.47400000000000003 0.017098958333333334 0.04094444444444444
2 0.9236927083333334 0.5302314814814815 0.021239583333333333 0.03137962962962963
2 0.7170520833333334 0.35103703703703704 0.0076875 0.042212962962962966
2 0.73890625 0.33978703703703705 0.010713541666666666 0.039185185185185184
2 0.71278125 0.3168240740740741 0.0061875 0.036361111111111115
2 0.7214166666666666 0.2926388888888889 0.006270833333333333 0.03875
2 0.7367239583333334 0.259462962962963 0.007333333333333333 0.040546296296296296
2 0.7474531249999999 0.24066666666666667 0.006208333333333333 0.030055555555555558
2 0.7371927083333334 0.2987592592592593 0.0072968749999999995 0.031518518518518515
2 0.745125 0.2858703703703704 0.005395833333333333 0.035638888888888894
2 0.7524739583333333 0.26343518518518516 0.005171875 0.03805555555555556
2 0.7634114583333333 0.21275000000000002 0.004583333333333333 0.0319537037037037
2 0.7765520833333334 0.21678703703703703 0.0047239583333333335 0.03028703703703704