2 0.8216458333333333 0.5671481481481482 0.07869270833333333 0.06365740740740741
2 0.7574947916666667 0.5423518518518519 0.071421875 0.06041666666666667
2 0.7956666666666667 0.5063796296296296 0.06280729166666667 0.0445462962962963
2 0.9095416666666666 0.5747314814814816 0.07067708333333332 0.056388888888888884
2 0.7557239583333334 0.4688611111111111 0.059369791666666664 0.05082407407407408
2 0.7259010416666667 0.44381481481481483 0.049515624999999994 0.041435185185185186
2 0.7192395833333334 0.510712962962963 0.06651041666666667 0.06549999999999999
3 0.29287500000000005 0.40985185185185186 0.01375 0.04627777777777777
3 0.26425 0.44075 0.016213541666666668 0.03503703703703704
2 0.67825 0.2876944444444444 0.026875 0.03677777777777778
2 0.6603854166666667 0.33063888888888887 0.02165625 0.03624074074074074
2 0.657234375 0.30744444444444446 0.024453125000000003 0.02203703703703704
2 0.66996875 0.348 0.02608854166666667 0.043398148148148144
2 0.6643854166666666 0.3718518518518519 0.023234374999999998 0.036620370370370366
2 0.6663645833333334 0.44202777777777774 0.038968749999999996 0.05616666666666666
2 0.6964947916666666 0.4890740740740741 0.036598958333333334 0.06289814814814816
2 0.639 0.4238888888888889 0.031875 0.05128703703703704
2 0.682765625 0.3977685185185185 0.03153645833333333 0.03520370370370371
2 0.6990468750000001 0.4252222222222222 0.029479166666666667 0.050138888888888886
2 0.7222604166666666 0.44333333333333336 0.03123958333333333 0.04925925925925926
2 0.7907604166666666 0.44275925925925924 0.013697916666666667 0.037648148148148146
2 0.811453125 0.4470462962962963 0.016109375 0.04525925925925926
2 0.7816302083333333 0.1428425925925926 0.01821875 0.025175925925925928
2 0.8163177083333333 0.10577777777777778 0.011109375 0.016898148148148148
2 0.8126302083333333 0.15326851851851853 0.006151041666666667 0.02312962962962963