2 0.6573281249999999 0.3793888888888889 0.033505208333333335 0.06181481481481482
2 0.7331562500000001 0.31963888888888886 0.013229166666666665 0.04426851851851852
2 0.717484375 0.306462962962963 0.008609375 0.0364537037037037
2 0.769546875 0.41459259259259257 0.016802083333333332 0.04696296296296296
2 0.9179270833333334 0.5164629629629629 0.018494791666666666 0.046796296296296294
2 0.749765625 0.24703703703703705 0.017541666666666667 0.04549074074074074
2 0.8366875 0.08524999999999999 0.014494791666666666 0.025925925925925925
3 0.04425 0.6178888888888889 0.025942708333333335 0.0661388888888889
3 0.203609375 0.6015 0.06302604166666667 0.06302777777777777
3 0.26286458333333335 0.4955462962962964 0.04669270833333334 0.05871296296296296
3 0.183765625 0.5217777777777778 0.020317708333333333 0.07967592592592593
3 0.22222916666666667 0.47394444444444445 0.013276041666666665 0.0637037037037037
3 0.3135 0.41156481481481483 0.010791666666666666 0.05572222222222222
3 0.32761979166666666 0.3895 0.0151875 0.04214814814814815
3 0.25379166666666664 0.4297870370370371 0.015828125000000002 0.04953703703703704