3 0.096375 0.5813425925925926 0.016791666666666667 0.06615740740740741
3 0.1298125 0.5454166666666667 0.01653125 0.06775925925925927
3 0.231171875 0.48089814814814813 0.013572916666666665 0.052287037037037035
3 0.2943489583333333 0.42014814814814816 0.012447916666666666 0.05101851851851852
2 0.7163802083333334 0.2125277777777778 0.0206875 0.0332037037037037
2 0.7315 0.30037037037037034 0.00896875 0.03744444444444444
2 0.746578125 0.37357407407407406 0.010322916666666666 0.044703703703703704
2 0.8255520833333333 0.45616666666666666 0.010473958333333333 0.05625925925925926
2 0.8546458333333333 0.48631481481481487 0.008536458333333333 0.0452962962962963
2 0.9081875 0.5101388888888889 0.010239583333333333 0.04396296296296296
2 0.8120989583333333 0.14767592592592593 0.010494791666666666 0.028175925925925927