2 0.6702760416666667 0.29991666666666666 0.02754166666666667 0.03737962962962963
2 0.7040520833333334 0.22972222222222222 0.025963541666666666 0.038092592592592595
2 0.6901562499999999 0.49081481481481487 0.04624479166666667 0.0658611111111111
2 0.7938958333333334 0.44339814814814815 0.011427083333333334 0.03738888888888889
2 0.8181562499999999 0.46542592592592597 0.015515625 0.041546296296296296
2 0.8477395833333333 0.4731574074074074 0.01528125 0.05544444444444445
2 0.8687083333333334 0.4928981481481482 0.014057291666666666 0.03235185185185185
2 0.9076145833333332 0.5108611111111111 0.007953125 0.04872222222222222
2 0.76484375 0.40250925925925923 0.0074375 0.04399074074074074
2 0.728234375 0.37844444444444447 0.007244791666666667 0.036537037037037035
2 0.7559166666666666 0.39064814814814813 0.008057291666666667 0.04607407407407407
2 0.749984375 0.3654907407407408 0.007197916666666667 0.03877777777777778
2 0.7391041666666667 0.33871296296296294 0.004791666666666666 0.04075925925925926
2 0.7346510416666666 0.3141111111111111 0.006442708333333333 0.038481481481481485
2 0.7134791666666668 0.3127037037037037 0.008098958333333333 0.03959259259259259
2 0.719515625 0.34714814814814815 0.008864583333333334 0.030250000000000003
2 0.7499583333333334 0.2783796296296296 0.008531249999999999 0.03981481481481482
2 0.7286354166666666 0.278537037037037 0.008052083333333333 0.03600925925925926
2 0.719734375 0.2996944444444445 0.006276041666666667 0.03832407407407407
2 0.7384010416666666 0.2641851851851852 0.006651041666666666 0.03712962962962963
2 0.78803125 0.2003425925925926 0.008812500000000001 0.031296296296296294
2 0.7629947916666667 0.21577777777777776 0.0073750000000000005 0.03672222222222222
2 0.801609375 0.15299074074074073 0.005317708333333334 0.026657407407407407
2 0.8043697916666667 0.17148148148148148 0.006333333333333333 0.02211111111111111
2 0.8108072916666667 0.14325925925925925 0.006911458333333333 0.026027777777777778
2 0.7468072916666666 0.14655555555555555 0.019588541666666667 0.028731481481481483
2 0.7145520833333333 0.17447222222222222 0.021223958333333334 0.032601851851851854
2 0.652109375 0.26099074074074075 0.029130208333333334 0.040629629629629634