2 0.6624895833333333 0.2520277777777778 0.03252083333333333 0.034916666666666665
2 0.7041197916666667 0.4325555555555556 0.042124999999999996 0.051472222222222225
2 0.6599375 0.33515740740740746 0.032734375 0.04577777777777778
3 0.11330208333333333 0.5513981481481481 0.018776041666666667 0.05201851851851852
2 0.752875 0.4766851851851852 0.038697916666666665 0.04241666666666667
3 0.19941666666666666 0.4704259259259259 0.016484375 0.050527777777777776
2 0.803859375 0.4568333333333333 0.012822916666666666 0.04186111111111111
2 0.7869895833333334 0.4110648148148148 0.012291666666666668 0.04178703703703704
2 0.7653854166666666 0.38964814814814813 0.012067708333333335 0.03600925925925926
2 0.7486093749999999 0.3578796296296296 0.012380208333333333 0.040777777777777774
2 0.7407916666666666 0.32043518518518516 0.013677083333333334 0.03536111111111111
2 0.7444635416666666 0.2873981481481481 0.014510416666666666 0.02949074074074074