3 0.08440625 0.5981481481481481 0.021052083333333336 0.054953703703703706
2 0.74209375 0.4604259259259259 0.03688020833333334 0.047703703703703706
2 0.709265625 0.40646296296296297 0.034078125 0.027787037037037037
3 0.32752604166666666 0.37675 0.01821875 0.03702777777777778
3 0.16134895833333335 0.5194629629629629 0.020942708333333334 0.05430555555555555
2 0.703015625 0.49584259259259256 0.04658854166666667 0.043194444444444445
3 0.27491145833333336 0.43801851851851853 0.018536458333333335 0.0500462962962963
2 0.6856979166666667 0.45544444444444443 0.038677083333333334 0.03125
2 0.656546875 0.3430277777777778 0.027270833333333334 0.03529629629629629
2 0.725046875 0.4336111111111111 0.036083333333333335 0.025879629629629627
2 0.820453125 0.522361111111111 0.054364583333333334 0.06049074074074074
2 0.69921875 0.3961388888888889 0.0353125 0.0385
2 0.7733333333333333 0.47965740740740737 0.04053645833333333 0.03512037037037037
2 0.8924375 0.5524166666666667 0.06339583333333333 0.06185185185185185
2 0.7260520833333334 0.3524907407407407 0.008812500000000001 0.04504629629629629
2 0.7401510416666667 0.3421296296296296 0.008838541666666666 0.04187037037037037
2 0.7240156249999999 0.28882407407407407 0.008963541666666667 0.040435185185185185
2 0.7141354166666667 0.22550925925925927 0.02090625 0.03652777777777778
2 0.7313437500000001 0.20443518518518516 0.020041666666666666 0.028185185185185185
2 0.7409114583333333 0.2894351851851852 0.011067708333333334 0.04290740740740741
2 0.7767604166666667 0.42329629629629634 0.010213541666666666 0.04140740740740741
2 0.8080833333333334 0.4430462962962963 0.01509375 0.0495925925925926
2 0.7503541666666667 0.5194074074074074 0.043328125 0.05313888888888889
2 0.8744427083333334 0.49020370370370364 0.011166666666666667 0.04123148148148148