2 0.7182916666666667 0.18189814814814814 0.026869791666666667 0.032388888888888884
2 0.784765625 0.4294074074074074 0.014859375000000001 0.04515740740740741
2 0.8481822916666667 0.49016666666666664 0.01827604166666667 0.037953703703703705
2 0.6958177083333333 0.20697222222222222 0.023953125000000002 0.034870370370370364
2 0.7300364583333334 0.3579814814814815 0.012317708333333333 0.034694444444444444
2 0.7570625 0.3976851851851852 0.011645833333333333 0.04518518518518518
2 0.7365416666666668 0.1565185185185185 0.018671875 0.027287037037037037
2 0.8870260416666667 0.5131296296296296 0.016557291666666665 0.041694444444444444
2 0.7393020833333334 0.28426851851851853 0.0073750000000000005 0.03381481481481482
2 0.7877604166666666 0.17255555555555557 0.005307291666666667 0.028601851851851854
2 0.8092135416666667 0.1456574074074074 0.004223958333333333 0.028175925925925927
2 0.78934375 0.13708333333333333 0.0153125 0.025814814814814815
2 0.821171875 0.14212037037037037 0.0037760416666666667 0.024277777777777777
2 0.84215625 0.12160185185185186 0.003234375 0.014416666666666666
2 0.8515937499999999 0.11139814814814815 0.004338541666666667 0.014611111111111111
2 0.7790052083333333 0.12287962962962963 0.01190625 0.01962037037037037