3 0.25950520833333335 0.5036203703703703 0.047796874999999996 0.0605462962962963
2 0.800421875 0.5605 0.08101562500000001 0.07160185185185185
2 0.755859375 0.47294444444444445 0.058270833333333334 0.04518518518518518
2 0.8314427083333332 0.5297685185185185 0.06558854166666667 0.06887962962962962
3 0.10913541666666667 0.6224166666666667 0.06634895833333333 0.06519444444444444
2 0.7503437500000001 0.531425925925926 0.05640104166666667 0.06364814814814815
2 0.6774270833333333 0.27835185185185185 0.03705208333333333 0.030796296296296294
2 0.702203125 0.4279907407407408 0.04502604166666667 0.039824074074074074
2 0.7261093750000001 0.4494444444444444 0.04811458333333333 0.04602777777777778
2 0.696125 0.4812592592592593 0.052619791666666665 0.043925925925925924
3 0.05331770833333334 0.5927870370370371 0.026546875 0.05589814814814815
2 0.9062083333333334 0.5599722222222222 0.079 0.04398148148148148
2 0.6919375 0.25882407407407404 0.0321875 0.027287037037037037
2 0.669140625 0.44806481481481486 0.040817708333333334 0.03559259259259259
2 0.7126510416666666 0.22957407407407407 0.027890625 0.02487962962962963
2 0.6768593749999999 0.38763888888888887 0.03506770833333333 0.04472222222222222
2 0.6498385416666667 0.2597592592592593 0.031802083333333335 0.029907407407407403
2 0.776203125 0.40175925925925926 0.014395833333333333 0.03426851851851852
3 0.15230208333333334 0.5322962962962963 0.01640625 0.05533333333333333
3 0.32248958333333333 0.39264814814814814 0.016510416666666666 0.04455555555555556
2 0.634921875 0.4234074074074074 0.033125 0.04612962962962963
2 0.6262500000000001 0.3905740740740741 0.025187499999999998 0.02436111111111111
2 0.664640625 0.36775 0.023901041666666668 0.037342592592592594
2 0.6656822916666666 0.3436203703703704 0.0271875 0.03213888888888889
2 0.8328854166666667 0.4559259259259259 0.011765625 0.050166666666666665
2 0.7935104166666667 0.435462962962963 0.010979166666666667 0.044564814814814814
2 0.7460364583333334 0.39579629629629626 0.008390625 0.03909259259259259
2 0.732421875 0.37983333333333336 0.010739583333333334 0.04034259259259259
2 0.7176666666666667 0.3413981481481481 0.005916666666666666 0.038407407407407404
2 0.734296875 0.3215925925925926 0.008994791666666667 0.05151851851851852
2 0.7166770833333334 0.3058240740740741 0.007552083333333333 0.036833333333333336
2 0.74103125 0.2498240740740741 0.006885416666666667 0.031870370370370375
2 0.7458177083333334 0.27882407407407406 0.006828125 0.03643518518518519
2 0.7626458333333334 0.23630555555555557 0.008890625000000001 0.03265740740740741
2 0.79828125 0.18155555555555555 0.010473958333333333 0.041990740740740745
2 0.6613385416666666 0.23567592592592593 0.018505208333333335 0.026046296296296297
2 0.6785885416666667 0.21776851851851853 0.022864583333333334 0.02663888888888889
2 0.6907604166666667 0.20652777777777778 0.018994791666666667 0.025564814814814815
2 0.69915625 0.19550925925925927 0.022072916666666668 0.02813888888888889
2 0.7277708333333333 0.21313888888888888 0.01903125 0.02486111111111111
2 0.7350052083333334 0.1984351851851852 0.020817708333333334 0.02115740740740741
2 0.7068177083333332 0.17685185185185184 0.021203125 0.026157407407407407
2 0.7396979166666667 0.18761111111111112 0.017458333333333336 0.017694444444444443
2 0.7173541666666666 0.17101851851851851 0.015177083333333334 0.024120370370370372
2 0.7486822916666667 0.17685185185185184 0.016171875 0.02401851851851852
2 0.726703125 0.16536111111111113 0.012130208333333333 0.0202962962962963
2 0.7593697916666666 0.16669444444444445 0.014666666666666666 0.019759259259259258
2 0.735703125 0.15444444444444447 0.014 0.020935185185185185
2 0.76671875 0.1537685185185185 0.014307291666666666 0.016388888888888887
2 0.8776458333333333 0.5096851851851852 0.017598958333333335 0.04422222222222222
2 0.91715625 0.5130092592592592 0.012921875 0.04658333333333334
2 0.9523802083333333 0.5201574074074073 0.012921875 0.027685185185185184
2 0.8789635416666666 0.5951759259259259 0.07261979166666667 0.05026851851851852
2 0.7418489583333333 0.14575 0.013151041666666667 0.018935185185185183
2 0.7491614583333334 0.13675925925925925 0.015390625 0.016564814814814817
2 0.7829635416666666 0.13758333333333334 0.017625000000000002 0.02148148148148148
2 0.8018229166666667 0.12736111111111112 0.015432291666666665 0.02137037037037037