2 0.8279218749999999 0.5787222222222222 0.06063020833333333 0.06153703703703703
2 0.7717447916666667 0.5393796296296296 0.054046875 0.07241666666666666
2 0.7351822916666666 0.5150277777777778 0.043390625 0.06163888888888888
2 0.6791302083333334 0.4753981481481481 0.047098958333333336 0.05687962962962963
2 0.645015625 0.4287222222222222 0.02991145833333333 0.05427777777777777
2 0.6818854166666667 0.39904629629629634 0.029744791666666666 0.050444444444444445
2 0.7228177083333333 0.45679629629629626 0.036953125 0.049462962962962966
2 0.7710104166666666 0.48559259259259263 0.04417708333333333 0.039342592592592596
2 0.8357395833333333 0.525611111111111 0.06633333333333333 0.04759259259259259
2 0.666703125 0.37119444444444444 0.026046875 0.029953703703703705
2 0.7225260416666667 0.37084259259259256 0.015442708333333333 0.03467592592592593
2 0.7177083333333333 0.3530277777777778 0.012885416666666667 0.027490740740740743
2 0.7138541666666666 0.3255 0.008354166666666666 0.03473148148148148
2 0.7340625000000001 0.30692592592592594 0.012203125 0.039574074074074074
2 0.7450833333333333 0.34394444444444444 0.012989583333333334 0.035055555555555555
2 0.7388750000000001 0.38714814814814813 0.012458333333333333 0.04696296296296296
2 0.7594635416666667 0.4147314814814815 0.013479166666666665 0.04253703703703703
2 0.7616041666666666 0.37689814814814815 0.009661458333333334 0.03188888888888889
2 0.7823541666666666 0.41300000000000003 0.012348958333333333 0.0417962962962963
2 0.8138229166666666 0.43871296296296297 0.012651041666666666 0.04174074074074074
2 0.9046875 0.5651944444444444 0.061661458333333335 0.06851851851851852
2 0.8954479166666667 0.6065462962962963 0.06805208333333333 0.06548148148148147
2 0.9282083333333334 0.5174907407407408 0.01576041666666667 0.05709259259259259
2 0.9431614583333333 0.5312962962962963 0.018333333333333333 0.03323148148148148
2 0.6646458333333333 0.3321944444444444 0.027307291666666667 0.039268518518518515