3 0.279078125 0.4731574074074074 0.044270833333333336 0.060509259259259256
3 0.02908854166666667 0.6514351851851852 0.019953125000000002 0.06830555555555555
3 0.054203125 0.5949166666666666 0.025270833333333336 0.08603703703703704
3 0.009208333333333334 0.6384166666666666 0.017604166666666664 0.07037962962962964
2 0.73425 0.15644444444444444 0.018072916666666668 0.03440740740740741
2 0.6551041666666666 0.24866666666666667 0.026921874999999998 0.04725925925925926
2 0.662484375 0.3236574074074074 0.027010416666666665 0.0337037037037037
2 0.6727552083333334 0.4615185185185185 0.04171875 0.050083333333333334
2 0.826640625 0.573212962962963 0.06619791666666666 0.07780555555555556
2 0.896578125 0.5651759259259259 0.063453125 0.07909259259259259
2 0.8464427083333333 0.5362592592592592 0.05435416666666667 0.05715740740740741
2 0.7941145833333334 0.5093981481481481 0.04933333333333333 0.062481481481481485
2 0.76628125 0.5451018518518519 0.05553645833333333 0.06904629629629629
2 0.722796875 0.5108333333333334 0.047374999999999994 0.06650925925925925
2 0.7623697916666666 0.4838333333333333 0.039901041666666665 0.048407407407407406
2 0.7397083333333333 0.45685185185185184 0.039515625000000006 0.04075
2 0.693609375 0.4942870370370371 0.035234375000000005 0.04762037037037037
2 0.7163802083333334 0.4317962962962963 0.037140625000000003 0.05778703703703703
2 0.6903958333333333 0.41865740740740737 0.032713541666666665 0.043083333333333335
2 0.682765625 0.39452777777777776 0.03047916666666667 0.03650925925925926
2 0.6705052083333333 0.3773333333333333 0.02744791666666667 0.038009259259259257
2 0.6664010416666667 0.35459259259259257 0.025760416666666668 0.02262037037037037
2 0.6469947916666666 0.4347962962962963 0.03188020833333333 0.0510462962962963
2 0.6302760416666667 0.40412037037037035 0.03295833333333333 0.05106481481481481