2 0.79975 0.5653888888888889 0.060421875 0.07460185185185185
3 0.04359895833333333 0.5930833333333333 0.023015624999999998 0.05860185185185185
3 0.0704375 0.6498055555555555 0.021015625 0.07026851851851852
3 0.18319791666666668 0.5611481481481481 0.019187500000000003 0.04622222222222223
3 0.12607291666666667 0.56125 0.020979166666666667 0.058555555555555555
2 0.7221770833333333 0.5085092592592593 0.04852083333333333 0.07258333333333333
2 0.87340625 0.4962129629629629 0.013317708333333334 0.04073148148148149
2 0.807921875 0.45180555555555557 0.013369791666666667 0.03830555555555555
2 0.7324739583333333 0.2698888888888889 0.00828125 0.03387037037037037
2 0.7570729166666667 0.2551111111111111 0.008734374999999999 0.03186111111111111
3 0.27782291666666664 0.4309259259259259 0.012557291666666666 0.04662962962962963
3 0.16719270833333333 0.5008055555555556 0.011078125 0.04489814814814815
3 0.17916666666666667 0.5132407407407407 0.019921875 0.04722222222222222