2 0.8080885416666667 0.5652314814814815 0.063609375 0.061907407407407404
2 0.861375 0.5944537037037037 0.08175 0.05552777777777778
2 0.7716875000000001 0.4785 0.06230729166666667 0.04406481481481482
2 0.827546875 0.5225833333333333 0.07233333333333333 0.05923148148148148
2 0.7329895833333333 0.18921296296296294 0.019317708333333336 0.03225
2 0.7711614583333334 0.5248148148148147 0.0536875 0.033490740740740745
2 0.7329791666666666 0.513787037037037 0.063375 0.06555555555555555
2 0.6671875 0.30853703703703705 0.040953125 0.029666666666666668
2 0.724 0.21585185185185185 0.022401041666666666 0.026157407407407407
2 0.6965312499999999 0.49075925925925923 0.04747395833333334 0.05412962962962963
2 0.738515625 0.19430555555555554 0.0205 0.03286111111111111
2 0.669171875 0.29709259259259263 0.040067708333333334 0.03559259259259259
2 0.6970989583333334 0.2546851851851852 0.034541666666666665 0.02727777777777778
2 0.6746458333333333 0.4498240740740741 0.046187500000000006 0.0385
2 0.6874322916666666 0.27411111111111114 0.030177083333333334 0.03322222222222222
2 0.7308333333333333 0.28737962962962965 0.0063593750000000004 0.04597222222222222
2 0.7095781250000001 0.4388703703703704 0.0355 0.04601851851851852
2 0.742125 0.45446296296296296 0.03186979166666667 0.02689814814814815
2 0.6335520833333333 0.4230185185185185 0.033453125 0.04214814814814815
2 0.6909583333333333 0.4133796296296296 0.03378645833333334 0.029305555555555553
2 0.6789947916666667 0.39425925925925925 0.03153645833333333 0.04672222222222222
2 0.6659479166666666 0.37036111111111114 0.03253645833333333 0.03960185185185185
2 0.670203125 0.38010185185185186 0.027802083333333335 0.03659259259259259
2 0.6668802083333334 0.3470277777777778 0.02219270833333333 0.021824074074074076
2 0.61865625 0.3929722222222222 0.0253125 0.03128703703703704
2 0.678203125 0.2225277777777778 0.021229166666666667 0.02330555555555556
2 0.66796875 0.23866666666666667 0.020927083333333332 0.033120370370370376
2 0.6548958333333333 0.2537685185185185 0.021270833333333336 0.03548148148148148
2 0.70325 0.24389814814814817 0.018036458333333335 0.0317962962962963
2 0.7097552083333334 0.23324074074074075 0.020744791666666665 0.029111111111111112
2 0.8103177083333333 0.12532407407407406 0.013604166666666667 0.019444444444444445
2 0.7953958333333334 0.11582407407407408 0.013260416666666667 0.01863888888888889