2 0.8876875 0.5571481481481482 0.08778645833333334 0.04763888888888889
2 0.66775 0.34553703703703703 0.046177083333333334 0.04575
2 0.6860520833333333 0.3988240740740741 0.04844791666666667 0.042712962962962966
2 0.7192604166666666 0.44375 0.050390625 0.0490925925925926
2 0.6930156249999999 0.48125 0.05682291666666666 0.0502962962962963
2 0.7528958333333333 0.4752314814814815 0.05396354166666666 0.03569444444444444
2 0.6656354166666667 0.44801851851851854 0.04625 0.03657407407407407
2 0.7207395833333333 0.5070925925925925 0.05475520833333333 0.045092592592592594
2 0.6435104166666666 0.4235462962962963 0.04392708333333333 0.03285185185185185
2 0.7616979166666666 0.5310648148148148 0.06740624999999999 0.05450925925925926
2 0.8239479166666667 0.5694074074074075 0.07777604166666667 0.07926851851851852
2 0.834875 0.5113333333333333 0.06809375000000001 0.03816666666666667
2 0.7823281249999999 0.49625 0.05765625 0.05684259259259259
2 0.7678072916666667 0.4822962962962963 0.08416666666666667 0.036500000000000005
2 0.6909427083333333 0.4256666666666667 0.04442708333333333 0.030685185185185187