3 0.22032291666666665 0.47333333333333333 0.014223958333333333 0.038398148148148147
3 0.09459895833333333 0.58575 0.021333333333333333 0.06250925925925926
2 0.741859375 0.34977777777777774 0.012078125 0.03757407407407407
3 0.029921875 0.6290277777777779 0.020614583333333332 0.06670370370370371
3 0.13556249999999997 0.5233055555555555 0.016546875 0.04212962962962963
3 0.18982291666666665 0.5087870370370371 0.014291666666666668 0.05285185185185185
3 0.197234375 0.5116018518518518 0.016307291666666664 0.05330555555555556
3 0.005557291666666667 0.6279351851851851 0.011114583333333334 0.057101851851851855
3 0.27735937499999996 0.45393518518518516 0.010890625 0.04554629629629629
3 0.23634895833333333 0.45831481481481484 0.012364583333333333 0.07715740740740741
3 0.150328125 0.5598240740740741 0.027567708333333333 0.06839814814814815
2 0.7281666666666666 0.31430555555555556 0.006302083333333333 0.03565740740740741
2 0.7252239583333334 0.2893981481481482 0.008130208333333333 0.030314814814814815
2 0.7441145833333334 0.274537037037037 0.009791666666666667 0.05238888888888889
2 0.7881666666666667 0.18513888888888888 0.008244791666666666 0.03205555555555555