3 0.05201041666666666 0.6512407407407408 0.07708854166666666 0.07051851851851852
2 0.7600052083333334 0.4683611111111111 0.083109375 0.04758333333333333
2 0.7396041666666666 0.5140462962962963 0.05566666666666666 0.058194444444444444
2 0.7086770833333333 0.42186111111111113 0.05005208333333333 0.05240740740740741
2 0.8076822916666667 0.5104074074074074 0.08009895833333333 0.048740740740740744
2 0.7904531250000001 0.545675925925926 0.07070833333333333 0.06116666666666667
2 0.8844479166666667 0.5556018518518518 0.10690104166666667 0.052314814814814814
2 0.8543385416666667 0.584675925925926 0.066515625 0.06358333333333334
3 0.232765625 0.46475925925925926 0.02090104166666667 0.05134259259259259
2 0.7856822916666667 0.43946296296296294 0.015796875 0.033694444444444444
2 0.687875 0.2728888888888889 0.027755208333333333 0.02603703703703704
2 0.681109375 0.47282407407407406 0.03745833333333334 0.05229629629629629
2 0.6629531249999999 0.43619444444444444 0.04597916666666667 0.04593518518518518
2 0.6816822916666666 0.3940462962962963 0.03216145833333333 0.03401851851851852
2 0.6982864583333334 0.26033333333333336 0.03731770833333334 0.03389814814814815
2 0.7320208333333333 0.3703425925925926 0.016416666666666666 0.03815740740740741
2 0.7084895833333333 0.23712962962962966 0.029807291666666666 0.028185185185185185
2 0.7151145833333333 0.49224074074074076 0.054171875 0.045518518518518514
2 0.7240520833333334 0.1660648148148148 0.028166666666666666 0.02312037037037037
2 0.66496875 0.33766666666666667 0.03366145833333333 0.031148148148148147
2 0.6952395833333332 0.2076388888888889 0.02742708333333333 0.02507407407407407
2 0.6689062499999999 0.35574074074074075 0.03761458333333333 0.0342962962962963
2 0.6681770833333334 0.3076481481481481 0.031203124999999998 0.022416666666666668
2 0.7618541666666666 0.17454629629629628 0.028484375 0.02975925925925926
2 0.7549427083333333 0.14462037037037037 0.018265625 0.02061111111111111
2 0.637671875 0.38622222222222224 0.037265625 0.031935185185185185
3 0.3375052083333333 0.37274074074074076 0.021052083333333336 0.03715740740740741
2 0.8095989583333334 0.45475 0.01659375 0.03808333333333334
2 0.6785104166666667 0.21939814814814815 0.029536458333333335 0.023555555555555555
2 0.8889895833333333 0.5158796296296296 0.016317708333333333 0.03550925925925926
2 0.7459375 0.18669444444444444 0.03516145833333333 0.024398148148148148
2 0.7583177083333333 0.40875925925925927 0.015776041666666667 0.03600925925925926
2 0.9378489583333334 0.5177407407407407 0.01765625 0.041324074074074076
2 0.7151197916666666 0.3239074074074074 0.006239583333333334 0.03025925925925926
2 0.7445520833333333 0.354287037037037 0.0066458333333333335 0.02967592592592592
2 0.7613749999999999 0.37507407407407406 0.0085625 0.02274074074074074
2 0.7393229166666667 0.32475925925925925 0.01121875 0.029981481481481484
2 0.716953125 0.29846296296296293 0.008786458333333334 0.022925925925925926
2 0.7289635416666667 0.28288888888888886 0.010057291666666666 0.03234259259259259
2 0.7417135416666666 0.28237962962962965 0.010718749999999999 0.03033333333333333
2 0.8306041666666667 0.45208333333333334 0.007291666666666667 0.05007407407407407
2 0.7537916666666666 0.23402777777777778 0.007307291666666666 0.023694444444444445
2 0.7236302083333332 0.2160277777777778 0.017374999999999998 0.020351851851851854
2 0.7584114583333333 0.2173425925925926 0.0059791666666666665 0.024972222222222222
2 0.780828125 0.21564814814814814 0.00571875 0.023546296296296294
2 0.7848072916666666 0.18600925925925924 0.005880208333333333 0.024648148148148148
2 0.7907031250000001 0.19410185185185186 0.0057083333333333335 0.02698148148148148
2 0.81421875 0.1531574074074074 0.008484374999999999 0.02723148148148148
2 0.794984375 0.1671111111111111 0.01440625 0.028416666666666666
2 0.8405468749999999 0.11942592592592592 0.008807291666666666 0.016185185185185184
2 0.7326666666666667 0.20275925925925925 0.019067708333333332 0.02548148148148148
2 0.705546875 0.19056481481481483 0.017156249999999998 0.01990740740740741
2 0.73753125 0.15000925925925926 0.013760416666666667 0.016972222222222222
2 0.7769375000000001 0.12770370370370368 0.005729166666666666 0.01690740740740741
2 0.8438177083333334 0.47387037037037033 0.006447916666666667 0.036259259259259255
2 0.852625 0.4869907407407408 0.010463541666666666 0.027870370370370372
2 0.8842656249999999 0.4870648148148148 0.011072916666666667 0.024046296296296295
2 0.9084166666666668 0.5139537037037037 0.007989583333333333 0.02736111111111111