3 0.2587760416666667 0.4893055555555556 0.05227604166666667 0.06812037037037036
3 0.34542708333333333 0.41214814814814815 0.04675520833333333 0.05268518518518518
2 0.8624114583333333 0.5939166666666666 0.062473958333333336 0.06582407407407408
2 0.9027083333333333 0.5777129629629629 0.06683854166666667 0.06300925925925925
2 0.9262864583333333 0.5127592592592592 0.015958333333333335 0.056574074074074075
2 0.818625 0.47047222222222224 0.018567708333333332 0.031824074074074074
2 0.8242447916666666 0.4420648148148148 0.015276041666666665 0.03637037037037037
2 0.7918125 0.4417592592592593 0.009322916666666665 0.035759259259259255
2 0.8003697916666667 0.42000000000000004 0.014421875 0.044833333333333336
2 0.7606979166666666 0.4089074074074074 0.00978125 0.04393518518518519
2 0.7704791666666666 0.39487037037037037 0.008208333333333333 0.03963888888888889
2 0.7421302083333334 0.39333333333333337 0.011390625 0.03908333333333333
2 0.7216979166666667 0.3556574074074074 0.006447916666666667 0.04512962962962963
2 0.7338020833333334 0.3381018518518518 0.007385416666666667 0.04633333333333333
2 0.7201510416666667 0.31015740740740744 0.006880208333333334 0.03676851851851852
2 0.73625 0.29868518518518516 0.009015625 0.03462962962962963
2 0.7308125000000001 0.27404629629629634 0.006791666666666666 0.0342037037037037
2 0.7415416666666667 0.2570925925925926 0.007427083333333333 0.035055555555555555
2 0.7530364583333333 0.23694444444444446 0.006625000000000001 0.03186111111111111
2 0.7608958333333333 0.25349074074074074 0.008348958333333333 0.036305555555555556
2 0.7787395833333334 0.19299074074074074 0.00965625 0.03443518518518518
2 0.721515625 0.2169074074074074 0.022109375 0.038037037037037036
2 0.6800833333333334 0.21067592592592593 0.020619791666666668 0.03403703703703703
2 0.7074322916666667 0.18564814814814815 0.021416666666666664 0.027953703703703706
2 0.6939531250000001 0.2565092592592592 0.02744791666666667 0.03323148148148148
2 0.6685625000000001 0.2369814814814815 0.020088541666666668 0.030824074074074073
2 0.6535416666666667 0.25080555555555556 0.023026041666666667 0.035925925925925924
2 0.672859375 0.3051574074074074 0.025822916666666664 0.034694444444444444
2 0.678734375 0.2793240740740741 0.026479166666666668 0.03375925925925926
2 0.6648125 0.3426388888888889 0.023687499999999997 0.050462962962962966
2 0.6728020833333334 0.3914074074074074 0.03395833333333333 0.04256481481481481
2 0.703125 0.43519444444444444 0.039552083333333335 0.04914814814814815
2 0.6828854166666667 0.47026851851851853 0.0414375 0.06273148148148149
2 0.7297760416666667 0.5105000000000001 0.04166145833333333 0.060870370370370366
2 0.7642656250000001 0.5372592592592592 0.056484375 0.07672222222222222
2 0.8014583333333333 0.5143796296296296 0.05186979166666667 0.0587962962962963
2 0.645703125 0.43349074074074073 0.0321875 0.04741666666666667
2 0.627640625 0.3961851851851852 0.027109374999999998 0.04236111111111111