2 0.8090416666666667 0.571324074074074 0.06980729166666667 0.054407407407407404
2 0.7698750000000001 0.5445648148148148 0.06452083333333333 0.05839814814814815
2 0.8032864583333333 0.5133240740740741 0.06300520833333333 0.04113888888888889
2 0.8685677083333334 0.5875648148148148 0.1046875 0.06545370370370371
2 0.759609375 0.4751018518518519 0.078515625 0.059564814814814813
2 0.7281354166666667 0.5091666666666667 0.06291666666666666 0.05605555555555555
3 0.22980729166666666 0.46575925925925926 0.019526041666666667 0.04013888888888889
2 0.8513229166666666 0.5392777777777777 0.06872916666666667 0.035444444444444445
3 0.20064062500000002 0.6500555555555555 0.03843229166666667 0.06862962962962964
2 0.6851302083333334 0.47824074074074074 0.040192708333333334 0.048768518518518524
2 0.6665416666666667 0.44607407407407407 0.03613020833333334 0.04544444444444444
2 0.64596875 0.4169074074074074 0.032921875 0.0470462962962963
2 0.6743958333333333 0.3682314814814815 0.028234375 0.05032407407407408
2 0.6615 0.3516481481481481 0.023036458333333332 0.03428703703703704
2 0.65478125 0.33006481481481487 0.02405208333333333 0.03713888888888889
2 0.6867395833333333 0.4005185185185185 0.025953125 0.03924074074074074
2 0.7038489583333334 0.42221296296296296 0.028255208333333334 0.04724074074074074
2 0.72103125 0.4326851851851852 0.031302083333333335 0.04971296296296296
2 0.790125 0.11883333333333333 0.013671875 0.022611111111111113
2 0.8107604166666668 0.12596296296296294 0.016203125 0.02203703703703704