2 0.7463385416666667 0.5374166666666667 0.04845833333333334 0.07574074074074073
3 0.09023958333333333 0.6034999999999999 0.024833333333333332 0.04788888888888889
3 0.009130208333333334 0.6285555555555555 0.017744791666666666 0.07214814814814816
3 0.17888020833333332 0.48550000000000004 0.017484375 0.06668518518518518
3 0.23509375 0.4688611111111111 0.011848958333333333 0.042666666666666665
3 0.24366145833333333 0.49977777777777777 0.014411458333333333 0.0582037037037037
3 0.2634583333333333 0.4563611111111111 0.014750000000000001 0.04098148148148148
3 0.32163020833333333 0.40650925925925924 0.012994791666666667 0.050666666666666665
3 0.3304739583333333 0.36450000000000005 0.019604166666666666 0.048777777777777774
3 0.012588541666666668 0.7356388888888888 0.025171875 0.09781481481481481
2 0.6623958333333333 0.3784074074074074 0.033130208333333334 0.0623611111111111
2 0.7359479166666667 0.26660185185185187 0.011828125 0.04246296296296296
2 0.8433958333333333 0.47175 0.018390625 0.04842592592592592