3 0.07152083333333333 0.5986111111111111 0.025479166666666667 0.04712037037037037
3 0.20530729166666667 0.46572222222222226 0.01596875 0.04049074074074074
2 0.7356302083333334 0.5210462962962963 0.05325 0.06762962962962964
2 0.8082708333333334 0.5149259259259259 0.05414583333333333 0.06649074074074074
2 0.6553072916666667 0.3427962962962963 0.027182291666666667 0.04705555555555556
2 0.6323385416666666 0.4033981481481482 0.03480208333333333 0.04883333333333333
2 0.6707447916666667 0.23860185185185184 0.024187499999999997 0.03671296296296296
2 0.7334375000000001 0.1859722222222222 0.022125 0.03762037037037037
2 0.7923802083333332 0.4346759259259259 0.0179375 0.04761111111111111
3 0.24779166666666666 0.477824074074074 0.013140625 0.05737962962962963
3 0.042453125 0.590962962962963 0.019869791666666668 0.06919444444444445