3 0.14541145833333333 0.5147870370370371 0.018140625 0.06372222222222222
3 0.10657291666666667 0.5608888888888889 0.018302083333333333 0.06568518518518518
3 0.08961979166666666 0.6334074074074074 0.07163020833333333 0.07802777777777778
2 0.9210989583333333 0.6145092592592593 0.040739583333333336 0.05018518518518519
2 0.9239010416666668 0.5685925925925926 0.03632291666666666 0.03928703703703704
2 0.85584375 0.5905277777777778 0.06826041666666667 0.06844444444444445
2 0.8605833333333333 0.5417407407407407 0.06575 0.06627777777777778
2 0.816453125 0.5173703703703704 0.05286458333333333 0.0612037037037037
2 0.796609375 0.5579074074074074 0.06115104166666666 0.07628703703703704
2 0.7804739583333333 0.49274999999999997 0.0414375 0.051555555555555556
2 0.7496562499999999 0.5323981481481481 0.053468749999999995 0.08009259259259259
2 0.7162604166666667 0.5161388888888888 0.041979166666666665 0.061
2 0.6996822916666667 0.495 0.04144270833333333 0.057212962962962965
2 0.7294583333333333 0.4536203703703704 0.04916145833333333 0.07038888888888889
2 0.67165625 0.46402777777777776 0.04057291666666667 0.062462962962962956
2 0.6969114583333333 0.4196111111111111 0.03468229166666667 0.05115740740740741
2 0.64746875 0.4313240740740741 0.03854166666666667 0.05235185185185185
2 0.6830572916666667 0.39211111111111113 0.03410416666666667 0.05955555555555555
2 0.6701927083333333 0.3704074074074074 0.027588541666666667 0.04488888888888889
2 0.6652447916666666 0.3521851851851852 0.02775 0.03825
2 0.6595104166666667 0.33335185185185184 0.025119791666666665 0.042851851851851856
2 0.6587604166666666 0.31487037037037036 0.026369791666666666 0.040046296296296295
2 0.6697239583333333 0.3101111111111111 0.024270833333333335 0.03613888888888889
2 0.6752916666666666 0.2950925925925926 0.024979166666666667 0.03897222222222223
2 0.6822864583333333 0.2817777777777778 0.028104166666666666 0.04457407407407407
2 0.7020572916666666 0.2511481481481482 0.0288125 0.037
2 0.7084583333333333 0.24300925925925926 0.019786458333333333 0.027898148148148148
2 0.7195885416666666 0.2247685185185185 0.023020833333333334 0.03609259259259259
2 0.7265937499999999 0.21267592592592593 0.022442708333333335 0.03693518518518519
2 0.7398281250000001 0.19141666666666665 0.018515624999999997 0.030527777777777775
2 0.7348854166666666 0.20483333333333334 0.01885416666666667 0.03025925925925926
2 0.7509374999999999 0.1789074074074074 0.02078645833333333 0.03478703703703704
2 0.7833958333333333 0.14335185185185184 0.016744791666666665 0.028703703703703703
2 0.7800572916666667 0.1502777777777778 0.0146875 0.021962962962962962
2 0.7649427083333333 0.156 0.008848958333333332 0.02799074074074074
2 0.757875 0.16464814814814815 0.01758854166666667 0.026861111111111113
2 0.7416197916666667 0.14453703703703702 0.015557291666666667 0.025111111111111112
2 0.7318802083333333 0.1546111111111111 0.020770833333333336 0.02087962962962963
2 0.726828125 0.1646388888888889 0.020734375000000003 0.02358333333333333
2 0.698890625 0.19261111111111112 0.02186979166666667 0.028574074074074075
2 0.704265625 0.18205555555555555 0.016703125 0.021555555555555557
2 0.7145572916666667 0.17462962962962963 0.02149479166666667 0.028824074074074075
2 0.6861093749999999 0.2073611111111111 0.019479166666666665 0.0337037037037037
2 0.6770520833333333 0.2146574074074074 0.020874999999999998 0.03365740740740741
2 0.6720364583333333 0.22897222222222222 0.02272916666666667 0.030305555555555554
2 0.6559062499999999 0.24732407407407409 0.022791666666666665 0.039907407407407405
2 0.6667500000000001 0.24199074074074076 0.014671875000000001 0.03146296296296296
2 0.6464270833333334 0.2684537037037037 0.0273125 0.03609259259259259
2 0.637921875 0.28277777777777774 0.017307291666666665 0.03763888888888889
2 0.6294270833333333 0.41300925925925924 0.031739583333333335 0.04619444444444445
2 0.8343125 0.12825 0.004218749999999999 0.01997222222222222
2 0.86965625 0.04558333333333333 0.0076614583333333335 0.016564814814814817
2 0.8675572916666667 0.06894444444444443 0.0030520833333333333 0.013379629629629628
2 0.8804531250000001 0.006148148148148148 0.010515625 0.012296296296296296