2 0.815453125 0.5726111111111111 0.08036979166666666 0.05483333333333333
2 0.8931718750000001 0.5623611111111111 0.09154166666666666 0.05290740740740741
2 0.7681302083333333 0.55 0.06782812499999999 0.05318518518518518
2 0.7872916666666666 0.5096388888888889 0.060911458333333335 0.049046296296296296
2 0.7278541666666667 0.4986574074074074 0.060875 0.02801851851851852
2 0.7389843749999999 0.47058333333333335 0.05931770833333334 0.046740740740740735
3 0.013822916666666666 0.6498333333333334 0.02655208333333333 0.06975925925925926
2 0.7308489583333333 0.43628703703703703 0.04371875 0.03194444444444444
3 0.23042187500000003 0.4626296296296296 0.01684375 0.05843518518518519
2 0.656296875 0.4348703703703704 0.029614583333333333 0.05437037037037037
2 0.6853020833333333 0.47147222222222224 0.04344270833333333 0.06257407407407407
2 0.7379583333333334 0.383 0.01009375 0.04544444444444444
2 0.7380416666666666 0.3457222222222222 0.008739583333333334 0.026425925925925926
2 0.730203125 0.2746018518518518 0.008296875 0.02775
2 0.7430572916666667 0.2580648148148148 0.007901041666666667 0.03512037037037037
2 0.7634687499999999 0.24553703703703705 0.008546875 0.01838888888888889
2 0.8451614583333333 0.4617314814814815 0.008125 0.03902777777777778
2 0.8816145833333333 0.49603703703703705 0.008661458333333334 0.04533333333333334
2 0.9126770833333333 0.5130740740740741 0.010734374999999999 0.04554629629629629
2 0.76184375 0.41507407407407404 0.011463541666666667 0.035111111111111114
2 0.7819270833333333 0.21200925925925926 0.005895833333333334 0.02822222222222222
2 0.7767395833333333 0.1930462962962963 0.005171875 0.023722222222222224
2 0.786296875 0.18182407407407408 0.006932291666666667 0.02266666666666667
2 0.807671875 0.1630185185185185 0.005354166666666666 0.021842592592592594
2 0.7636145833333334 0.13450925925925927 0.012385416666666668 0.020305555555555556
2 0.7774166666666668 0.1303888888888889 0.0062656249999999995 0.01674074074074074
2 0.7992083333333333 0.1175925925925926 0.015333333333333334 0.01387962962962963
2 0.8105677083333334 0.14494444444444443 0.0047552083333333335 0.01710185185185185