2 0.6793125 0.4567222222222222 0.038447916666666665 0.04859259259259259
2 0.6291822916666666 0.4013611111111111 0.03253645833333333 0.05040740740740741
2 0.7655677083333334 0.4057222222222222 0.015921875 0.025925925925925925
3 0.10716145833333333 0.5564166666666667 0.02159895833333333 0.05925925925925926
2 0.8196875 0.45039814814814816 0.014515625 0.05330555555555556
2 0.7232239583333333 0.35940740740740745 0.015661458333333333 0.048462962962962965
2 0.7508489583333334 0.36857407407407405 0.012958333333333332 0.05290740740740741
2 0.7380364583333333 0.3391574074074074 0.011427083333333334 0.040379629629629626
2 0.7235572916666667 0.29135185185185186 0.009067708333333334 0.03160185185185185
2 0.741765625 0.279212962962963 0.017583333333333333 0.047842592592592596
2 0.758953125 0.23124074074074075 0.009630208333333333 0.046842592592592595