2 0.8441614583333333 0.5783518518518519 0.093609375 0.06560185185185184
2 0.788796875 0.5469259259259259 0.06344270833333333 0.04739814814814815
2 0.7292343750000001 0.46016666666666667 0.041109375000000004 0.03716666666666667
2 0.7198593750000001 0.5092407407407408 0.051005208333333336 0.05062962962962963
2 0.7648072916666667 0.47563888888888894 0.060328124999999996 0.04309259259259259
2 0.6946718749999999 0.4809444444444444 0.05923958333333333 0.0427037037037037
2 0.8162083333333333 0.5072592592592593 0.08199479166666666 0.03185185185185185
2 0.7427604166666666 0.5269537037037038 0.046796874999999995 0.047435185185185184
2 0.7076875 0.42518518518518517 0.047453125 0.044287037037037034
2 0.9099739583333334 0.6142592592592593 0.07097395833333334 0.04407407407407408
3 0.027973958333333333 0.6378333333333334 0.02946875 0.06522222222222222
2 0.63740625 0.41253703703703704 0.03658333333333333 0.028685185185185185
2 0.687203125 0.39146296296296296 0.03700520833333333 0.03475
2 0.7853125 0.4957685185185185 0.04483854166666667 0.03574074074074074
2 0.8550364583333334 0.5380092592592592 0.08051562500000001 0.028787037037037038
2 0.6701875 0.45467592592592593 0.0369375 0.02639814814814815
2 0.6638020833333333 0.3272962962962963 0.03095833333333333 0.0255
2 0.6728541666666668 0.2892314814814815 0.03225 0.029583333333333333
2 0.6721822916666667 0.37257407407407406 0.03422395833333333 0.028777777777777777
2 0.6685989583333334 0.3635277777777778 0.03254166666666666 0.02775
2 0.7055572916666667 0.24440740740740738 0.032692708333333334 0.027166666666666665
2 0.6670625 0.3022037037037037 0.032703125 0.02487037037037037
2 0.8327760416666667 0.46039814814814817 0.018182291666666666 0.03198148148148148
2 0.6829375 0.27139814814814817 0.03336979166666666 0.027777777777777776
2 0.8517239583333333 0.46190740740740743 0.014755208333333332 0.0324537037037037
2 0.6571666666666667 0.43943518518518515 0.035619791666666664 0.041249999999999995
2 0.7205833333333334 0.2204074074074074 0.03179166666666667 0.026222222222222223
2 0.7280104166666667 0.21271296296296296 0.029713541666666666 0.025611111111111112
2 0.7367864583333333 0.19346296296296295 0.027546875000000002 0.02539814814814815
2 0.7667291666666666 0.1603888888888889 0.0208125 0.01852777777777778
2 0.6609322916666667 0.24205555555555558 0.018427083333333334 0.040824074074074075
2 0.6728645833333334 0.22728703703703704 0.018151041666666666 0.02864814814814815
2 0.6798385416666667 0.22075 0.01396875 0.025703703703703704
2 0.68478125 0.21150925925925926 0.013843749999999998 0.02675
2 0.689703125 0.20346296296296298 0.015802083333333335 0.024388888888888887
2 0.697921875 0.19357407407407407 0.016848958333333334 0.019796296296296294
2 0.7039791666666667 0.1893611111111111 0.013276041666666665 0.02510185185185185
2 0.7109687499999999 0.18246296296296297 0.012723958333333334 0.020722222222222222
2 0.714375 0.17537037037037037 0.014864583333333332 0.020990740740740744
2 0.7213854166666667 0.17052777777777778 0.014666666666666666 0.017805555555555557
2 0.7325989583333333 0.15965740740740741 0.013802083333333333 0.019212962962962963
2 0.748796875 0.17825 0.016161458333333333 0.02601851851851852
2 0.7392395833333333 0.14893518518518517 0.011276041666666665 0.013685185185185184
2 0.746078125 0.14251851851851852 0.0135625 0.017472222222222222
2 0.7748906249999999 0.14774074074074076 0.017072916666666667 0.017083333333333332
2 0.8053645833333333 0.42791666666666667 0.008885416666666666 0.022046296296296296
2 0.7534375 0.40512037037037035 0.007135416666666667 0.02925925925925926
2 0.7440364583333333 0.3969722222222222 0.007046874999999999 0.03247222222222222
2 0.7307447916666666 0.3825925925925926 0.006083333333333333 0.031203703703703706
2 0.7372395833333333 0.3850925925925926 0.004927083333333334 0.023185185185185184
2 0.7160208333333333 0.35812962962962963 0.003072916666666667 0.03
2 0.7239791666666666 0.3670555555555556 0.004760416666666667 0.03412037037037037
2 0.7111666666666667 0.33978703703703705 0.003942708333333334 0.03236111111111111
2 0.7306354166666666 0.33882407407407406 0.006671875 0.01813888888888889
2 0.7660572916666666 0.3700277777777778 0.008781249999999999 0.02560185185185185
2 0.7471145833333334 0.3634444444444444 0.00384375 0.025435185185185186
2 0.7549166666666667 0.35724074074074075 0.007651041666666666 0.03328703703703704
2 0.7424427083333334 0.32910185185185187 0.0062968749999999995 0.02907407407407407
2 0.7461302083333333 0.253212962962963 0.008385416666666668 0.03059259259259259
2 0.7402760416666666 0.3038888888888889 0.006838541666666667 0.01913888888888889
2 0.7235677083333333 0.31725 0.009088541666666667 0.027064814814814816
2 0.7211458333333333 0.28331481481481485 0.006604166666666666 0.030796296296296294
2 0.7335104166666666 0.2708611111111111 0.007911458333333333 0.02973148148148148
2 0.711890625 0.30816666666666664 0.005395833333333333 0.019749999999999997
2 0.7775312499999999 0.21887037037037035 0.008140625 0.02626851851851852
2 0.7892343749999999 0.1733333333333333 0.005911458333333333 0.02413888888888889
2 0.7475052083333333 0.23039814814814816 0.006364583333333334 0.020416666666666666
2 0.801765625 0.17428703703703702 0.0057552083333333335 0.021722222222222223
2 0.8108593749999999 0.15988888888888889 0.005229166666666666 0.020407407407407405
2 0.7791197916666667 0.1948611111111111 0.007395833333333333 0.01875
2 0.802296875 0.4498888888888889 0.009666666666666665 0.022601851851851852
2 0.7906354166666667 0.41606481481481483 0.009125 0.026555555555555554
2 0.7654270833333333 0.41225 0.006302083333333333 0.028314814814814813
2 0.7730625 0.41762962962962963 0.008942708333333334 0.03113888888888889
2 0.8150677083333334 0.4575555555555556 0.012427083333333333 0.029981481481481484
2 0.8847395833333334 0.4777962962962963 0.011848958333333333 0.038657407407407404
2 0.8736302083333333 0.4973796296296296 0.00996875 0.0337037037037037
2 0.75403125 0.13625 0.012390624999999999 0.01723148148148148
2 0.762703125 0.13174074074074074 0.011359375 0.01687962962962963
2 0.784203125 0.13622222222222222 0.01334375 0.01500925925925926
2 0.7954322916666666 0.12767592592592591 0.017083333333333332 0.01888888888888889
2 0.8065104166666667 0.12387962962962962 0.014854166666666667 0.020703703703703703
2 0.8173958333333334 0.12155555555555556 0.010979166666666667 0.016037037037037037
2 0.780703125 0.12153703703703703 0.010411458333333333 0.014564814814814815
2 0.7558072916666667 0.22223148148148147 0.006171874999999999 0.017814814814814815