2 0.8173854166666668 0.5212314814814815 0.05705208333333334 0.04561111111111111
2 0.752390625 0.46514814814814814 0.052015625 0.05600925925925926
2 0.7108802083333334 0.5038333333333334 0.05202604166666667 0.05862962962962963
2 0.866953125 0.5514537037037037 0.06866145833333334 0.05243518518518519
2 0.787046875 0.5543611111111112 0.06628125 0.06412037037037037
2 0.71115625 0.4422314814814815 0.041703124999999994 0.040546296296296296
2 0.7830729166666667 0.4907685185185185 0.05443229166666667 0.044953703703703704
2 0.8491979166666667 0.5789351851851852 0.078453125 0.0682962962962963
2 0.6807135416666666 0.46247222222222223 0.04438541666666666 0.05324074074074074
2 0.7984322916666666 0.43260185185185185 0.0130625 0.06166666666666666
2 0.75009375 0.3843518518518519 0.009421875 0.045907407407407404
2 0.6296614583333333 0.37047222222222226 0.03291145833333333 0.04436111111111111
2 0.8046875 0.16608333333333333 0.006526041666666666 0.026129629629629628