2 0.7627447916666666 0.483 0.04525 0.07063888888888889
2 0.8020989583333333 0.44608333333333333 0.013729166666666666 0.039574074074074074
2 0.8503333333333334 0.46818518518518515 0.014276041666666666 0.055129629629629626
2 0.8570625 0.4921574074074074 0.008869791666666666 0.032490740740740744
2 0.8834947916666667 0.5070462962962963 0.013375 0.042712962962962966
2 0.736375 0.3358611111111111 0.011213541666666667 0.044564814814814814
2 0.73121875 0.27632407407407406 0.008333333333333333 0.03760185185185185
2 0.750328125 0.2640092592592593 0.007828125 0.04062037037037037
2 0.7593541666666667 0.2197962962962963 0.00671875 0.03353703703703704
2 0.7861927083333333 0.12814814814814815 0.015421875 0.02266666666666667
2 0.7936041666666667 0.12012962962962964 0.012640624999999999 0.019851851851851853
2 0.7932812499999999 0.18382407407407408 0.0069166666666666664 0.030444444444444448
2 0.77453125 0.2235 0.004385416666666667 0.030898148148148147
2 0.8433854166666667 0.11849074074074074 0.008213541666666666 0.024407407407407405
2 0.8562083333333333 0.11146296296296296 0.00559375 0.014027777777777778
2 0.8580156250000001 0.08789814814814816 0.005609375 0.017046296296296296
2 0.8616406249999999 0.07337962962962963 0.004229166666666667 0.011953703703703704
2 0.8695625 0.09017592592592592 0.006317708333333334 0.023444444444444445
2 0.8823177083333333 0.05541666666666667 0.002510416666666667 0.015074074074074075
2 0.9047864583333334 0.00687962962962963 0.0028385416666666667 0.01375925925925926
2 0.8996614583333333 0.009259259259259259 0.0026979166666666666 0.011666666666666667