3 0.012588541666666668 0.6168703703703704 0.025171875 0.09486111111111112
3 0.033817708333333335 0.7134907407407408 0.022640625 0.07822222222222222
3 0.0874375 0.6520833333333333 0.02304166666666667 0.08194444444444444
3 0.14534375 0.5823611111111111 0.051328124999999995 0.07212037037037038
3 0.21605729166666665 0.5957962962962964 0.021010416666666667 0.07122222222222223
3 0.19947395833333334 0.46964814814814815 0.015984375000000002 0.04423148148148148
3 0.23511458333333335 0.5240462962962963 0.02109375 0.06661111111111111
3 0.24425 0.45382407407407405 0.007598958333333333 0.03727777777777778
3 0.26716666666666666 0.4370833333333333 0.010812500000000001 0.06551851851851852
3 0.29830208333333336 0.5167222222222222 0.01623958333333333 0.06123148148148148
3 0.315734375 0.44149074074074074 0.043015625 0.05032407407407408
3 0.31605208333333334 0.4724351851851852 0.010536458333333333 0.04836111111111111
3 0.35170833333333335 0.46337962962962964 0.013911458333333333 0.054981481481481485
3 0.29589583333333336 0.39023148148148146 0.008786458333333334 0.04455555555555556
3 0.3198697916666667 0.3852129629629629 0.012166666666666666 0.04583333333333333
3 0.33629687500000005 0.3561851851851852 0.011145833333333332 0.04336111111111111
3 0.30638020833333335 0.40146296296296297 0.008453125 0.034083333333333334
3 0.35606770833333334 0.4308611111111111 0.013296875000000001 0.04140740740740741
3 0.1441875 0.523537037037037 0.016770833333333336 0.036648148148148145
2 0.7632552083333334 0.49700925925925926 0.050265625 0.07524074074074075