3 0.23276041666666666 0.5154351851851852 0.04538020833333333 0.06174074074074075
3 0.326734375 0.37706481481481485 0.014578124999999999 0.053509259259259256
2 0.6780260416666667 0.4017777777777778 0.036609375000000006 0.06589814814814815
2 0.9296510416666667 0.5265462962962962 0.018427083333333334 0.051194444444444445
2 0.8449427083333333 0.4647685185185185 0.014005208333333333 0.059453703703703696
2 0.8179427083333334 0.4438611111111111 0.013770833333333335 0.0489537037037037
2 0.7600833333333333 0.41103703703703703 0.0074062500000000005 0.042638888888888886
2 0.7442291666666667 0.3738148148148148 0.010380208333333333 0.03738888888888889
2 0.734109375 0.3294351851851852 0.009234375 0.040916666666666664
2 0.745546875 0.2500648148148148 0.005234375 0.030481481481481484
2 0.7280364583333333 0.3034722222222222 0.004515625 0.038425925925925926
2 0.7441822916666666 0.2962314814814815 0.008619791666666666 0.03866666666666666
2 0.75846875 0.2224537037037037 0.006046874999999999 0.032935185185185185
2 0.8084479166666667 0.1630462962962963 0.006145833333333334 0.026175925925925925
2 0.728765625 0.16571296296296295 0.01894791666666667 0.026574074074074073
2 0.801328125 0.12910185185185186 0.013901041666666667 0.01925925925925926
2 0.7682291666666666 0.23457407407407407 0.0059479166666666665 0.02587037037037037