2 0.82696875 0.5623333333333334 0.07824479166666666 0.06391666666666666
2 0.7249739583333333 0.21405555555555555 0.027072916666666665 0.03138888888888889
2 0.6780208333333333 0.2896111111111111 0.03181770833333333 0.03624074074074074
2 0.6590052083333333 0.2512685185185185 0.026526041666666667 0.03760185185185185
2 0.706609375 0.1918888888888889 0.02663541666666667 0.028814814814814817
2 0.9306145833333334 0.5306481481481482 0.024223958333333333 0.037537037037037035
2 0.7215104166666666 0.1778888888888889 0.021791666666666668 0.02626851851851852
2 0.7815520833333333 0.4091296296296296 0.014718750000000001 0.03337962962962963
2 0.756515625 0.1450648148148148 0.016661458333333334 0.025037037037037035
2 0.7581354166666666 0.39669444444444446 0.01403125 0.04537962962962963
2 0.8397395833333333 0.4708055555555556 0.01834375 0.047157407407407405
2 0.7945520833333333 0.1327222222222222 0.019197916666666665 0.01814814814814815
2 0.6817916666666667 0.22533333333333336 0.018151041666666666 0.03275925925925926
2 0.7149635416666666 0.31276851851851856 0.009093750000000001 0.03166666666666667
2 0.7370885416666667 0.3135648148148148 0.007807291666666666 0.0227037037037037
2 0.7240625 0.2878148148148148 0.005869791666666666 0.028398148148148148
2 0.7355364583333334 0.27308333333333334 0.008661458333333334 0.03235185185185185
2 0.74034375 0.3446388888888889 0.008880208333333334 0.04086111111111111
2 0.742671875 0.2941111111111111 0.008734374999999999 0.03923148148148148
2 0.76675 0.2119537037037037 0.00478125 0.02886111111111111
2 0.7795260416666667 0.19494444444444445 0.005833333333333333 0.023240740740740742
2 0.7878958333333334 0.20376851851851852 0.008322916666666668 0.030935185185185184
2 0.7994791666666666 0.15425 0.006828125 0.022444444444444444
2 0.8081145833333333 0.11173148148148149 0.010052083333333333 0.012407407407407407
2 0.8105416666666667 0.1452314814814815 0.006776041666666666 0.016592592592592593
2 0.8041979166666666 0.17583333333333334 0.0069635416666666665 0.02001851851851852
2 0.7931041666666666 0.4448796296296297 0.009921875 0.030555555555555555
2 0.8701354166666667 0.4873333333333334 0.006817708333333334 0.034712962962962966