2 0.7453541666666667 0.5214444444444444 0.05464583333333333 0.058249999999999996
2 0.6557864583333333 0.4402037037037037 0.03578645833333333 0.046935185185185184
2 0.8262135416666666 0.5683148148148148 0.06784375 0.07030555555555557
2 0.8972864583333333 0.56675 0.0638125 0.05859259259259259
2 0.7070729166666666 0.4862314814814815 0.050078125 0.06339814814814815
2 0.718625 0.4268796296296296 0.045578125000000004 0.04863888888888889
2 0.782671875 0.5506574074074074 0.050208333333333334 0.0563425925925926
3 0.02530729166666667 0.6930925925925926 0.04447916666666667 0.0817037037037037
2 0.9318281249999999 0.5291666666666667 0.01749479166666667 0.03477777777777778
2 0.8209427083333334 0.5068518518518518 0.090171875 0.049296296296296296
2 0.6919114583333333 0.26403703703703707 0.035744791666666664 0.03650925925925926
2 0.678171875 0.45242592592592595 0.04110416666666667 0.04064814814814815
2 0.7637604166666667 0.4897222222222222 0.04695833333333333 0.04961111111111111
3 0.21425 0.4734166666666667 0.020921875 0.05435185185185185
2 0.7361041666666667 0.45858333333333334 0.04060416666666666 0.04621296296296296
2 0.6688333333333334 0.29024074074074074 0.041401041666666666 0.04153703703703704
2 0.8330520833333334 0.4527777777777778 0.013859375 0.05049074074074074
2 0.7974687500000001 0.44285185185185183 0.012838541666666667 0.04646296296296296
2 0.7902395833333333 0.4265185185185185 0.007838541666666667 0.03755555555555556
2 0.7553802083333333 0.38354629629629633 0.009932291666666667 0.043638888888888894
2 0.7225885416666666 0.32960185185185187 0.008927083333333334 0.040888888888888884
2 0.7349322916666666 0.3082685185185185 0.007578125000000001 0.03763888888888889
2 0.684734375 0.39652777777777776 0.03326041666666667 0.05160185185185185
2 0.6747916666666666 0.381 0.028421875 0.04260185185185185
2 0.6648125 0.36225 0.025760416666666668 0.0412037037037037
2 0.662046875 0.35280555555555554 0.024369791666666665 0.04237037037037037
2 0.66153125 0.32858333333333334 0.02596875 0.03337962962962963
2 0.642953125 0.25957407407407407 0.024723958333333334 0.035759259259259255
2 0.6587916666666668 0.23975925925925926 0.021625000000000002 0.032907407407407406
2 0.6708177083333333 0.2321851851851852 0.019390624999999998 0.03112962962962963
2 0.6773958333333333 0.21788888888888888 0.020895833333333332 0.031296296296296294
2 0.708875 0.2404074074074074 0.023380208333333333 0.03821296296296296
2 0.7259635416666667 0.21836111111111112 0.023046875 0.02887962962962963
2 0.7341354166666666 0.19682407407407407 0.01873958333333333 0.025935185185185186
2 0.7047447916666666 0.18321296296296297 0.018098958333333335 0.028120370370370372
2 0.6862552083333333 0.2080648148148148 0.017098958333333334 0.03314814814814815
2 0.6917552083333334 0.19937037037037036 0.016625 0.026472222222222223
2 0.7228229166666666 0.2907592592592592 0.0067708333333333336 0.03462037037037037
2 0.75140625 0.28003703703703703 0.007005208333333333 0.03891666666666667
2 0.7390364583333333 0.2795462962962963 0.00571875 0.03489814814814814
2 0.7957708333333334 0.11520370370370371 0.012229166666666668 0.02160185185185185
2 0.7478125 0.24887962962962965 0.0049947916666666665 0.010472222222222223
2 0.7593489583333334 0.2528611111111111 0.0028125000000000003 0.007212962962962963
2 0.7334479166666666 0.24683333333333332 0.004296875 0.010129629629629629
2 0.7851770833333334 0.17967592592592593 0.005697916666666666 0.009111111111111111
2 0.8022083333333333 0.1767314814814815 0.003921875 0.009879629629629629