2 0.7591354166666666 0.4868333333333333 0.054677083333333334 0.0580462962962963
2 0.6631614583333333 0.3879074074074074 0.04068229166666667 0.05371296296296296
2 0.7021041666666666 0.21575 0.02099479166666667 0.039
2 0.74203125 0.1507777777777778 0.02405208333333333 0.03801851851851852
2 0.734984375 0.3293611111111111 0.011125 0.03202777777777778
2 0.7302135416666666 0.28117592592592594 0.006463541666666667 0.020231481481481482
3 0.196515625 0.5254537037037037 0.017338541666666665 0.05340740740740741
3 0.2581979166666667 0.46364814814814814 0.017510416666666664 0.04906481481481482
3 0.2843072916666667 0.40164814814814814 0.01321875 0.03565740740740741
3 0.30159375 0.4135462962962963 0.017671875 0.06162962962962963
3 0.1116875 0.5507962962962963 0.016921875 0.04987962962962963
3 0.01140625 0.6114999999999999 0.022322916666666668 0.05201851851851852