2 0.8272395833333334 0.5359259259259259 0.06674479166666666 0.07325925925925926
3 0.29110937499999995 0.3991296296296296 0.011838541666666667 0.038268518518518514
2 0.7707291666666667 0.5003425925925926 0.04882291666666667 0.07690740740740741
2 0.755375 0.39949999999999997 0.012697916666666666 0.0497037037037037
2 0.8158072916666667 0.45313888888888887 0.0149375 0.05528703703703704
2 0.7291562500000001 0.3060185185185185 0.010833333333333334 0.03723148148148148
2 0.7759270833333333 0.21025925925925928 0.006588541666666667 0.028666666666666667
2 0.7834270833333333 0.19312037037037036 0.007380208333333333 0.028712962962962964
3 0.2720364583333333 0.4745462962962963 0.01421875 0.04780555555555556
3 0.33080208333333333 0.3965740740740741 0.011921875 0.046
3 0.26836458333333335 0.4380555555555556 0.013500000000000002 0.0390462962962963
3 0.27614583333333337 0.4184259259259259 0.010994791666666667 0.035111111111111114
3 0.22040104166666669 0.4896111111111111 0.012588541666666668 0.05437037037037037
3 0.20577083333333332 0.47445370370370366 0.012947916666666667 0.04761111111111111
3 0.18367187499999998 0.5549814814814815 0.015598958333333333 0.05773148148148148
3 0.05869270833333333 0.580462962962963 0.018088541666666666 0.060537037037037035
3 0.09196354166666666 0.5893333333333334 0.01834375 0.08228703703703705
3 0.09747395833333333 0.5438796296296297 0.011901041666666667 0.040888888888888884
3 0.3486822916666667 0.41668518518518516 0.008447916666666666 0.04924074074074074