2 0.653140625 0.3421851851851852 0.03399479166666666 0.06399074074074074
3 0.015921875 0.7169537037037037 0.025302083333333333 0.0811111111111111
3 0.0225625 0.6058796296296296 0.01904166666666667 0.06037037037037037
3 0.046296875 0.6093333333333334 0.023708333333333335 0.06194444444444445
3 0.034958333333333334 0.6782685185185185 0.028328125 0.06435185185185185
3 0.09057291666666667 0.6727407407407406 0.017729166666666667 0.07289814814814816
3 0.09795833333333334 0.5750092592592593 0.014453125 0.06458333333333334
3 0.143484375 0.6158888888888888 0.0168125 0.0697037037037037
3 0.15449479166666666 0.6355555555555555 0.01885416666666667 0.06208333333333333
3 0.1950625 0.5276018518518518 0.011156250000000001 0.06243518518518519
3 0.20708854166666668 0.4662222222222222 0.010151041666666666 0.051972222222222225
3 0.22251041666666668 0.49212962962962964 0.016161458333333333 0.055657407407407405
3 0.273484375 0.5121111111111112 0.015463541666666667 0.06533333333333334
3 0.26465625 0.4269074074074074 0.012067708333333335 0.051759259259259255
3 0.30878125 0.4308240740740741 0.010010416666666666 0.04889814814814815
3 0.32040624999999995 0.45917592592592593 0.010854166666666666 0.04766666666666666
3 0.3462604166666667 0.45484259259259263 0.010776041666666668 0.0402962962962963
3 0.34283854166666666 0.35583333333333333 0.0069479166666666665 0.0361574074074074
3 0.3195729166666667 0.4085185185185185 0.012520833333333333 0.03815740740740741