2 0.6570364583333334 0.425287037037037 0.03488541666666667 0.06662037037037037
2 0.686984375 0.2558796296296296 0.02880729166666667 0.05188888888888889
2 0.8385885416666666 0.5791203703703705 0.07408333333333333 0.07637037037037038
2 0.9238854166666666 0.5313981481481481 0.01709375 0.048657407407407406
2 0.7258697916666667 0.3583611111111111 0.0120625 0.043
2 0.7198645833333334 0.3000648148148148 0.010078125 0.04760185185185185
2 0.7561041666666667 0.36617592592592596 0.009375 0.0354537037037037
2 0.7379010416666667 0.29356481481481483 0.006052083333333333 0.03816666666666667
2 0.7539479166666666 0.14621296296296296 0.023010416666666665 0.026851851851851852
2 0.7945104166666667 0.4357685185185185 0.015078125 0.048101851851851854
2 0.7753645833333334 0.40257407407407403 0.010796875000000001 0.06369444444444446