3 0.015307291666666667 0.6402314814814816 0.020822916666666667 0.04701851851851852
3 0.07553125000000001 0.5589351851851851 0.017161458333333334 0.03936111111111111
3 0.04271875 0.5820462962962963 0.022567708333333332 0.053953703703703705
3 0.19620312499999998 0.4642777777777778 0.013052083333333332 0.037064814814814814
3 0.22945833333333335 0.44281481481481483 0.016005208333333333 0.03777777777777778
2 0.6723177083333333 0.30951851851851847 0.028067708333333333 0.04310185185185185
2 0.7203489583333333 0.1835 0.02459895833333333 0.032435185185185185
2 0.8040833333333333 0.4374537037037037 0.013125 0.05401851851851852
2 0.7521614583333334 0.3764537037037037 0.011098958333333332 0.0435462962962963
2 0.7895729166666666 0.1801388888888889 0.007760416666666667 0.02937037037037037
3 0.13858854166666665 0.50475 0.014890625 0.058805555555555555
3 0.16251041666666666 0.4771481481481482 0.017427083333333333 0.05662037037037037
3 0.2591927083333333 0.43757407407407406 0.01740625 0.052444444444444446