2 0.7795260416666667 0.5478703703703705 0.0754375 0.06821296296296296
2 0.6850729166666666 0.26689814814814816 0.032234375 0.04239814814814815
3 0.272171875 0.47451851851851856 0.0475 0.05809259259259259
2 0.7330416666666667 0.4711296296296296 0.07957291666666667 0.05398148148148148
2 0.7362708333333334 0.20185185185185187 0.02671875 0.03562037037037037
2 0.7056145833333333 0.49957407407407406 0.05395833333333333 0.04813888888888889
3 0.18415625 0.5017777777777778 0.020479166666666666 0.05762037037037037
2 0.6745989583333334 0.43760185185185185 0.04172395833333333 0.0343425925925926
3 0.19071354166666668 0.5054907407407407 0.017223958333333334 0.06138888888888889
2 0.7297864583333333 0.19667592592592592 0.027614583333333335 0.03383333333333333
2 0.8824166666666666 0.6003518518518518 0.09154166666666666 0.07349074074074075
2 0.8534739583333334 0.4948518518518519 0.0165625 0.028972222222222222
3 0.080421875 0.5642407407407407 0.020796875 0.0525462962962963
3 0.016286458333333333 0.6864722222222223 0.03257291666666667 0.08843518518518519
2 0.7917135416666666 0.4767222222222222 0.04463541666666667 0.02967592592592592
2 0.8116145833333334 0.43483333333333335 0.015260416666666667 0.05225
2 0.7770833333333333 0.4253425925925926 0.012052083333333333 0.041833333333333333
2 0.6615989583333334 0.3277222222222222 0.021947916666666668 0.03499074074074074
2 0.6691302083333334 0.37298148148148147 0.01559375 0.03797222222222222
2 0.6953333333333334 0.39666666666666667 0.025177083333333336 0.023490740740740743
2 0.7381302083333333 0.328212962962963 0.010677083333333334 0.041694444444444444