2 0.6871666666666666 0.40574074074074074 0.038734375 0.05580555555555556
2 0.6639322916666667 0.4449722222222222 0.038473958333333336 0.04722222222222222
2 0.6886614583333334 0.47400925925925924 0.04446354166666667 0.059833333333333336
2 0.7214166666666666 0.5069444444444444 0.048666666666666664 0.050083333333333334
2 0.7244375000000001 0.44458333333333333 0.0400625 0.057833333333333334
2 0.7420052083333334 0.46447222222222223 0.03919791666666667 0.04312037037037037
2 0.7641458333333334 0.4801481481481481 0.04386458333333333 0.049249999999999995
2 0.8058229166666667 0.5040925925925925 0.05111458333333333 0.05077777777777778
2 0.765703125 0.5334166666666667 0.054421874999999995 0.05082407407407408
2 0.8062968749999999 0.5686111111111112 0.055989583333333336 0.047129629629629625
2 0.8565885416666668 0.5426574074074074 0.056192708333333334 0.04167592592592592
2 0.8589166666666667 0.5913981481481482 0.06331770833333333 0.05605555555555555
2 0.9263489583333333 0.5981851851851852 0.028885416666666667 0.06000925925925926